1.0604	5555.2
2.06113	3124.8
3.62294	3687.89
4.62447	6646.15
5.62565	7227.97
6.62628	7582.4
7.62772	7854.54
8.62975	7880.24
9.63005	7571.2
10.6303	5219.2
11.6309	7123.2
12.6316	7257.6
13.633	7205.59
14.6337	7268.8
15.6343	7515.2
16.6353	7369.6
17.6367	7239.16
18.6375	7246.4
19.6387	7060.14
20.664	6075.32
21.6647	5353.6
22.6653	6361.6
23.666	6260.8
24.6667	6238.4
25.6683	6153.85
26.6692	6182.4
27.67	6339.2
28.6717	6713.29
29.6722	6630.4
30.6725	6540.8
31.6732	4323.2
32.6745	6332.87
33.6763	6467.13
34.677	6619.2
35.6778	6955.2
36.678	7100.8
37.6794	7071.33
38.6805	6802.8
39.6814	6675.2
40.6821	6641.6
41.6824	4278.4
42.6837	6276.92
43.6841	6350.4
44.6848	5980.8
45.6855	6529.6
46.6868	6433.57
47.6877	6328
48.6891	6366.43
49.6908	6288.11
50.6914	6115.2
51.7903	5824.41
52.7903	5499.2
53.7907	6574.4
54.7923	6634.96
55.7929	6641.6
56.7937	6395.2
57.7945	6428.8
58.796	6523.08
59.7973	6914.69
60.7976	6720
61.7978	6608
62.7979	4737.6
63.7979	6395.2
64.798	6272
65.7997	6355.24
66.8007	6702.1
67.801	6742.4
68.8015	6977.6
69.8015	6652.8
70.8025	6451.2
71.8033	6406.4
72.8049	4497.9
73.805	6115.2
74.8069	6344.06
75.8069	6731.2
76.8082	6646.15
77.8086	6563.2
78.8096	6433.57
79.8099	6473.6
80.8103	6283.2
81.8109	6563.2
82.8367	5725.66
83.8411	6135.46
84.8416	6619.2
85.842	6641.6
86.8427	6608
87.8438	6567.83
88.8441	6865.6
89.8447	7112
90.8455	7369.6
91.846	7649.6
92.8467	7649.6
93.848	4844.75
94.8481	7392
95.8487	7347.2
96.8491	6977.6
97.851	7429.37
98.8512	8467.2
99.8513	1646.4
100.851	7728
101.852	7593.6
102.853	7753.85
103.853	4995.2
104.853	7436.8
105.854	7541.26
106.855	7380.8
107.855	6944
108.856	7022.4
109.857	6634.96
110.858	6422.38
111.858	6328
112.86	6276.92
113.907	5075.33
114.907	5196.8
115.909	5751.05
116.91	6182.4
117.911	6153.85
118.913	6097.9
119.914	6059.2
120.914	6025.6
121.915	5700.8
122.962	2011.08
123.963	5555.2
124.965	3748.25
125.965	5163.2
126.965	5152
127.967	5113.29
128.97	5443.51
129.971	5493.71
130.972	5891.2
131.973	5963.64
132.974	5930.07
133.975	5930.07
134.977	4184.62
135.977	5936
136.977	5790.4
137.979	5806.99
138.979	5644.8
139.981	5594.4
140.983	5818.18
141.984	6198.6
142.984	6462.4
143.985	6316.8
145.012	4547.61
146.014	5941.26
147.015	6030.77
148.016	6041.96
149.017	6417.6
150.017	6686.4
151.017	6473.6
152.019	6494.21
153.024	6519.4
154.025	6249.6
155.025	6462.4
156.026	4278.4
157.026	6540.8
158.027	6590.21
159.029	6590.21
160.029	6574.4
161.031	6355.24
162.035	6481.27
163.036	6787.2
164.037	6791.61
165.038	6630.4
166.038	4312
167.039	6518.4
168.04	6272
169.041	6243.36
170.042	6209.79
171.042	6641.6
172.044	6489.51
173.045	6355.24
174.046	6288.11
175.046	6227.2
176.093	4839.77
177.094	5880
178.095	5801.6
179.095	5622.4
180.096	5616.78
181.097	5532.8
182.1	5465.87
183.101	5695.1
184.102	5992
185.103	6075.52
186.103	5902.4
187.103	3908.8
188.105	5762.24
189.105	5835.2
190.105	6294.4
191.107	6746.85
192.107	6899.2
193.108	6791.61
194.109	7022.4
195.109	6955.2
196.11	7347.2
197.111	5057.34
198.112	7104.9
199.113	7044.8
200.114	6869.93
