1.01071	7739.2
2.01106	7694.4
3.01141	5768
4.01525	3818.94
5.03073	2107.59
6.09273	812.052
7.11402	296.18
8.14345	304.761
9.14632	1922.55
10.1623	1390.34
11.165	2660.28
12.1653	6014.4
13.1657	7672
14.1672	7910.49
15.1675	7884.8
16.169	8055.94
17.1694	7873.6
18.1698	7952
19.1701	7828.8
20.1705	7963.2
21.1731	6840.72
22.1746	5359.44
23.175	4323.2
24.1951	2163.14
25.2013	912.922
26.2044	1853.64
27.2197	1500.69
28.2212	2752.45
29.2216	5880
30.2219	7369.6
31.2223	7817.6
32.2226	7907.2
33.223	7952
34.2233	7952
35.2237	7896
36.224	7985.6
37.2244	7873.6
38.2247	7190.4
39.2251	6507.2
40.2254	6507.2
41.227	6411.19
42.2285	7149.65
43.2288	4715.2
44.2361	3258.79
45.2574	1349.27
46.2613	736.989
47.2651	736.989
48.2887	843.01
49.2892	1590.4
50.2916	3744.51
51.2966	2139.7
52.3062	2164.52
53.3089	3554.49
54.3151	6034.19
55.3154	7806.4
56.3158	7907.2
57.3173	7955.24
58.3176	7974.4
59.318	7896
60.3183	7918.4
61.3199	7261.54
62.3225	5432.33
63.331	3211.11
64.3314	1276.8
65.3527	811.753
66.3681	684.137
67.3801	742.235
68.3816	760.839
69.3948	641.263
70.4021	667.328
71.4246	515.068
72.5471	299.465
73.5499	3833.93
74.5511	4900.7
75.5514	4883.2
76.5518	4905.6
77.5533	5941.26
78.5536	7728
79.554	8008
80.5555	7865.73
81.5558	7918.4
82.5562	7728
83.5577	7865.73
84.5592	7854.54
85.5607	6780.42
86.5611	5544
87.5614	4704
88.563	6332.87
89.5691	2683.1
90.5823	1370.98
91.5861	1217.15
92.5876	1532.87
93.5903	1520.16
94.5907	1971.2
95.5933	1609.58
96.5983	1526.77
97.5999	1521.68
98.6014	3949.65
99.6017	4872
100.603	5146.85
101.605	5918.88
102.606	6758.04
103.607	7067.2
104.608	7104.9
105.608	7313.6
106.609	7649.6
107.609	7694.4
108.611	7910.49
109.612	7194.4
110.614	5762.24
111.627	3515.89
112.627	1332.8
113.63	748.902
114.656	666.536
115.663	700.695
116.667	334.995
117.976	256.88
118.978	1620.76
119.994	1653.54
120.998	2311.47
121.999	5314.69
123.001	7283.92
124.001	7750.4
125.002	7851.2
126.002	7884.8
127.002	7907.2
128.003	7929.6
129.003	7963.2
130.003	7784
131.004	7011.2
132.004	5812.8
133.008	3807.78
134.031	1543.69
135.059	697.955
136.09	738.7
137.094	736.989
138.11	2083.46
139.111	1622.38
140.112	3908.8
141.112	6865.6
142.114	7731.47
143.114	7963.2
144.115	8000
145.116	7884.8
146.116	8131.2
147.116	7929.6
148.118	8011.19
149.118	7033.6
150.119	5790.4
151.121	4661.08
152.129	2769.41
153.242	754.716
154.244	2595.8
155.249	1905.67
156.255	2070.77
157.256	2786.01
158.258	5572.03
159.258	6966.4
160.259	7806.4
161.259	7918.4
162.259	7963.2
163.26	7952
164.26	7996.8
165.262	7619.58
166.263	6646.15
167.263	6294.4
168.264	4782.4
169.264	2576
170.274	1010.11
171.3	819.512
172.3	2856
173.301	2629.37
174.305	2132.8
175.311	2260.04
176.313	4039.16
177.313	7078.4
178.314	7750.4
179.315	7977.62
180.316	7907.2
181.316	7974.4
182.316	7918.4
183.317	8097.6
184.317	6865.6
185.317	4995.2
186.325	2546.97
187.335	1330.69
188.357	866.601
189.368	754.059
190.38	753.313
191.382	916.566
192.41	893.385
193.429	847.151
194.436	912.922
195.441	2284.58
196.446	2362.59
197.446	2441.6
198.45	2545.96
199.452	4296.5
