1.17821	542.56
2.18089	3733.33
3.18124	4211.2
4.18392	6058.28
5.20172	7808.06
6.20323	8973.43
7.20359	9340.8
8.20394	9307.2
9.22095	2279.65
10.2216	8344
11.2243	6818.36
12.2281	3416.95
13.2308	1933.73
14.2335	1710.18
15.2373	1753.14
16.2493	1550.94
17.2543	1794.23
18.2547	1657.6
19.2562	1812.59
20.2589	1710.18
21.2592	2934.4
22.2607	4341.26
23.2611	5465.6
24.2614	7649.6
25.2618	8736
26.3388	2672.61
27.3418	8218.54
28.3433	6579.02
29.3472	3461.61
30.351	2177.47
31.3537	1788.42
32.3576	1719.64
33.3602	1676.65
34.3676	1679.44
35.3726	1738.51
36.3764	1652.64
37.3779	1812.59
38.4015	2539.98
39.4031	3200
40.4046	3121.68
41.9598	2528.1
42.9601	4592
43.9628	5845.91
44.9631	7817.6
45.9635	8881.6
46.9639	8915.2
47.9642	8792
49.7665	5115.21
50.7673	7425.6
51.7688	7485.31
52.7692	7067.2
53.7707	4934.27
54.7734	2481.44
55.7749	1868.53
56.7799	1682.79
57.7826	1665.47
58.7829	1657.6
59.7879	1838.81
60.7894	1779.02
61.7921	3185.63
62.7948	5119.36
63.7951	7504
64.8083	8745.51
65.8133	8603.38
66.8136	9184
67.814	8848
68.8144	8948.8
69.8147	8993.6
70.8174	8942.12
71.8189	9297.9
73.4187	4840.02
74.4196	4648
75.4211	4744.06
76.4238	4739.32
77.4265	3945.71
78.4292	2011.98
79.4493	1669.02
80.4508	1734.27
81.4535	1699
82.4573	1909.47
83.4623	1771.94
84.4638	1734.27
85.4642	2777.6
86.4645	3897.6
88.0174	3355.67
89.0178	6227.2
90.0181	7705.6
91.0185	8512
92.02	8145.45
93.0203	8108.8
94.0207	8097.6
95.021	7515.2
96.0214	8187.2
97.0217	8108.8
98.0233	7988.81
99.0236	4144
100.024	5028.8
101.025	4184.62
102.03	3309.85
103.033	2626.75
104.036	2548.5
105.037	2517.48
106.038	2139.2
107.038	1904
108.043	1950.25
109.048	1805.37
110.048	2956.8
111.049	4816
112.069	7126.27
113.072	8763.27
114.085	8657.06
115.099	8946.75
116.099	9352
117.125	9058.34
118.128	9366.87
119.19	2829.03
120.191	8344
121.192	6813.99
122.198	3685.09
123.203	2228.85
124.208	1849.95
125.21	1767.83
126.21	1747.2
127.21	1691.2
128.214	1741.97
129.216	1678.32
130.221	1950.25
131.221	2800
132.249	4107.39
133.25	6305.6
134.25	8668.8
135.252	8939.86
136.252	9016
137.631	4093.4
138.632	8344
139.632	6966.4
140.634	4050.35
141.638	2143.97
142.643	1727.36
143.643	1657.6
144.648	1705.07
145.653	1638.21
146.657	1540.98
147.66	1732.53
148.662	2011.98
149.664	3278.32
150.682	4394.1
151.682	5846.4
152.682	8153.6
154.089	4190.04
155.089	7772.8
156.09	7571.2
157.092	7108.98
158.093	4547.2
159.104	2805.54
160.106	1889.02
161.11	1719.64
162.11	1680
163.113	1665.47
164.115	1700.7
165.12	1827.66
166.121	2830.77
167.123	3323.08
168.152	4582.31
169.152	6820.8
170.154	8514.68
171.154	8814.4
172.438	3622.76
173.439	7425.6
174.439	7504
175.441	7261.54
176.442	5225.17
177.444	2327.27
178.447	1842.47
179.449	1655.94
180.455	1714.51
181.46	1671.64
182.501	1646.11
183.503	1667.13
184.514	2994.06
185.516	5197.6
186.517	7481.6
187.518	8369.23
188.518	8825.6
189.519	8870.4
190.554	8786.86
191.554	8825.6
192.555	8713.6
193.556	8760.84
194.576	8762.35
195.577	6496
196.577	7291.2
197.579	7194.4
198.579	6988.8
199.582	4985.23
200.585	2470.26
