1.0091	6264.41
2.01061	6892.31
3.01329	7913.77
4.01365	8310.4
5.014	8646.4
6.01435	8758.4
7.0147	8881.6
8.01622	9051.75
9.01657	8747.2
10.0181	8984.62
11.0196	8783.22
12.02	8758.4
13.0215	8425.17
14.023	8089.51
15.0233	7537.6
16.0249	7138.46
17.0264	6534.27
18.029	5790.02
19.0317	5041.12
20.0332	4016.78
21.0371	3629.11
22.0386	2427.97
23.0482	1831.52
24.0533	1370.75
25.0594	946.322
26.0772	814.945
27.1381	655.094
28.178	733.012
29.2202	558.925
30.231	665.346
31.2791	587.786
32.3166	496.817
33.3321	452.413
34.3359	491.326
35.3397	1864.81
36.3476	3058.59
37.3538	2337.97
38.3542	2844.8
39.3568	5600
40.3595	8170.86
41.361	8995.8
42.3626	8738.46
43.3641	8984.62
44.3656	8772.03
45.3659	9094.4
46.3663	8612.8
47.3666	8646.4
48.3682	8335.66
49.3685	7907.2
50.37	7351.05
51.3704	7212.8
52.3719	6634.96
53.3723	6193.6
54.3749	5488.22
55.3776	4772.85
56.3814	3975.27
57.3864	3376.72
58.388	2886.71
59.393	2362.59
60.398	1894.53
61.403	1471.04
62.4115	1155.56
63.4549	612.08
64.4948	603.657
65.537	601.919
66.5385	4162.24
67.5412	5242.31
68.5427	7060.14
69.5442	8626.57
70.5446	8892.8
71.5461	8984.62
72.5464	8803.2
73.5479	8973.43
74.5495	8917.48
75.5498	8892.8
76.5513	8951.05
77.5528	8816.78
78.5532	8635.2
79.5547	8279.72
80.5551	7705.6
81.5566	7283.92
82.5581	6478.32
83.5596	5885.31
84.5623	5342.91
85.5661	4723.43
86.5676	4095.1
87.5715	3506.28
88.5811	2997.03
89.5896	2566.67
90.59	1691.2
91.5927	1408.38
92.6209	1187.55
93.6585	885.631
94.6647	734.791
95.7151	629.333
96.741	557.268
97.7437	1643.11
98.7475	3271.78
99.7537	3028.23
100.758	3070.79
101.76	4035.13
102.762	6981.82
103.763	8492.31
104.765	9174.83
105.765	8780.8
106.767	8772.03
107.768	9018.18
108.77	8973.43
109.77	8780.8
110.77	8646.4
111.771	8433.6
112.772	8044.75
113.775	7880.24
114.778	7187.23
115.779	6724.48
116.781	6254.54
117.781	6092.8
118.781	4984
119.783	4565.03
120.785	3666.27
121.792	3039.36
122.793	2215.38
123.798	1649.35
124.803	1383.27
125.809	1068.79
126.814	757.81
127.854	711.453
128.858	614.157
129.865	1156.7
130.868	4594.01
131.873	3510.45
132.879	3495.82
133.88	4139.86
134.881	5600
135.881	7851.2
136.884	8819.16
137.886	8875.05
138.888	9018.18
139.889	8738.46
140.891	8962.24
141.892	8716.08
142.894	8548.25
143.895	8246.15
144.897	7675.52
145.899	7451.75
146.901	6784.83
147.903	6433.57
148.905	5968.86
149.907	6019.58
150.908	5437.76
151.912	4667.6
152.916	3997.61
153.921	3711.04
154.923	2909.09
155.924	2260.14
156.937	1647.38
157.947	1520.71
158.968	1217.63
159.98	1030.27
160.991	920.396
161.993	2114.69
162.994	4900.7
163.996	4873.45
164.999	4884.63
165.999	4916.8
167.001	6109.09
168.001	8086.4
169.002	8982.4
170.002	8814.4
171.002	9016
172.004	8872.73
173.006	8930.94
174.007	8691.2
175.009	8495.01
176.01	8198.4
177.01	7660.8
178.012	7149.65
179.014	6717.76
180.015	5947.2
181.017	5421.16
182.021	4935.59
183.022	4334.4
184.024	3722.16
185.025	3214.4
186.031	2761.03
187.033	2324.95
188.044	2106.93
189.054	1520.71
190.061	1301.29
191.073	1118.89
192.119	1082.49
193.141	942.465
194.153	875.173
195.171	715.83
196.186	585.404
197.232	460.42
198.266	541.586
199.27	870.987
200.272	3163.27
