1.02234	3830.4
2.02502	2805.59
3.0277	1721.36
4.03038	1341.32
5.03305	983.632
6.03573	894.211
7.04772	819.782
8.05854	720.792
9.06703	788.888
10.0685	716.083
11.0689	716.8
12.0762	956.504
13.0812	1237.01
14.0874	1580.91
15.0878	1993.6
16.0893	2483.92
17.0908	3177.62
18.0923	3781.82
19.0938	4598.6
20.0953	5627.97
21.0957	6126.4
22.096	7212.8
23.0964	7828.8
24.0967	8310.4
25.0971	8691.2
26.0974	8814.4
27.0978	8960
28.0981	8960
29.0985	9072
30.0989	8982.4
31.0992	9027.2
32.0996	9128
33.1011	9230.77
34.1014	9217.6
35.1028	7664.33
36.1038	5409.6
37.1042	7190.4
38.1045	7134.4
39.1095	4903.48
40.1099	2083.2
41.1172	1089.97
42.1269	821.407
43.1342	756.305
44.1369	693.013
45.1419	668.656
46.1434	794.405
47.1472	1038.48
48.1522	1270.45
49.1561	1641.47
50.1716	2030.34
51.1719	2475.2
52.1734	2808.39
53.1749	3334.26
54.1753	3987.2
55.1768	4632.17
56.1795	5465.87
57.1798	6115.2
58.1802	6664
59.1805	7134.4
60.1809	7672
61.1813	8097.6
62.1816	8444.8
63.182	8948.8
64.1823	9038.4
65.1827	9027.2
66.1853	7231.94
67.1857	4424
68.1872	3502.1
69.1945	1590.47
70.1995	891.542
71.2022	815.968
72.213	709.702
73.2157	693.013
74.2196	759.322
75.2339	740.039
76.2447	698.613
77.2485	781.655
78.257	933.333
79.262	1214.73
80.2647	1654.29
81.2697	2240
82.2701	2923.2
83.2704	3483.2
84.2719	4106.29
85.2723	4793.6
86.275	5309.38
87.2753	5891.2
88.2757	6372.8
89.276	6955.2
90.2764	7772.8
91.2767	8097.6
92.2771	8400
93.2774	8624
94.2778	8870.4
95.2781	8960
96.2785	9049.6
97.2788	9128
98.2792	6350.4
99.2795	6619.2
100.28	6608
101.28	6372.8
102.281	4188.8
103.288	1801.79
104.291	1039.52
105.3	721.506
106.313	729.713
107.321	711.817
108.326	679.8
109.331	768.955
110.333	938.922
111.34	1113.32
112.341	1376.22
113.344	1609.58
114.344	2128
115.347	2716.17
116.352	2897.51
117.353	3748.25
118.354	4132.8
119.388	4386.85
120.389	6008.39
121.392	6304.19
122.395	7064.27
123.395	7840
124.395	8198.4
125.396	8456
126.396	8780.8
127.396	8881.6
128.397	8937.6
129.397	8937.6
130.398	5930.07
131.401	5745.31
132.402	6120.28
133.403	5992
134.408	4836.62
135.412	2903.29
136.426	1391.71
137.517	800.733
138.541	810.166
139.555	728.994
140.566	720.792
141.57	882.153
142.576	1013.12
143.581	1292.74
144.585	1674.97
145.588	2088.14
146.59	2662.94
147.59	3113.6
148.65	3405.48
149.651	3669.93
150.654	4023.95
151.658	4645.26
152.658	5420.8
153.659	5947.2
154.661	6550.1
155.663	7205.59
156.663	7750.4
157.664	8131.2
158.665	8369.23
159.665	8545.6
160.666	8545.6
161.671	8859.7
162.672	4710.49
163.672	4737.6
164.673	4760
165.674	4744.06
166.674	4300.8
167.679	2184.28
168.682	1140.12
169.686	792.821
170.691	757.81
171.71	561.1
172.714	736.989
173.72	924.055
174.732	1085.66
175.735	1341.32
176.74	1771.94
177.742	2224.35
178.744	2819.58
179.744	3438.4
180.744	3998.4
181.745	4569.6
182.746	5146.85
183.748	5706.29
184.751	6248.3
185.751	6608
186.825	7160.48
187.827	7589.62
188.829	8000
189.829	8321.6
190.829	8467.2
191.83	8534.4
192.831	8716.08
193.832	8724.8
194.832	8848
195.832	8982.4
196.833	9195.2
197.833	9139.2
198.833	9195.2
199.834	6776
