1.01071	5868.8
2.01222	6813.99
3.01258	7873.6
4.01293	8310.4
5.01328	8646.4
6.01363	8736
7.01398	8803.2
8.01434	8904
9.01469	8848
10.015	8904
11.0166	8928.67
12.0169	8691.2
13.0173	8411.2
14.0188	8078.32
15.0203	7675.52
16.0637	7173.15
17.0664	6471.86
18.0667	5868.8
19.0682	5046.15
20.0697	4027.97
21.0701	3572.8
22.0797	2397.62
23.0941	1800.39
24.113	1320.23
25.1169	937.986
26.144	817.916
27.2002	636.363
28.2063	734.791
29.2171	510.099
30.2268	643.805
31.276	576.549
32.3136	486.017
33.3291	419.31
34.3317	447.105
35.3367	1862.95
36.3434	3039.36
37.3496	2337.97
38.35	2800
39.3503	5476.8
40.3507	7952
41.351	8680
42.3514	8792
43.3517	8892.8
44.3532	8939.86
45.3536	8971.2
46.3539	8780.8
47.3543	8556.8
48.3558	8302.1
49.3562	7907.2
50.3565	7515.2
51.3569	7100.8
52.3572	6753.6
53.3576	6160
54.3579	5544
55.3583	4860.8
56.3621	4031.11
57.366	3416.95
58.3663	2856
59.3667	2363.2
60.367	1892.8
61.3685	1454.55
62.4073	1132.95
63.4507	601.342
64.4917	613.256
65.5339	601.919
66.5355	4139.86
67.5358	5163.2
68.5362	6899.2
69.5365	8377.6
70.5369	8814.4
71.5372	8836.8
72.5376	8982.4
73.5379	8881.6
74.5394	8872.73
75.5398	8892.8
76.5401	8960
77.5405	8792
78.5967	8315.15
79.597	8590.4
80.5985	7809.79
81.5989	7201.6
82.5993	6507.2
83.5996	5936
84.6744	5245.44
85.6759	4721.68
86.6774	4072.73
87.6824	3488.16
88.6874	2953.23
89.7006	2454.49
90.7056	1649.35
91.7071	1398.6
92.7121	1170.15
93.7288	837.795
94.7372	722.222
95.7865	608.579
96.8112	546.875
97.8127	1924.47
98.8166	3137.79
99.8169	3035.2
100.817	3080
101.819	4095.1
102.819	7000
103.821	8302.1
104.865	8314.18
105.866	9430.4
106.866	8926.4
107.866	8937.6
108.867	8926.4
109.867	8758.4
110.867	8635.2
111.869	8369.23
112.869	8164.8
113.87	7772.8
114.87	7190.4
115.87	6675.2
116.871	6316.8
117.872	5974.83
118.875	4974.05
119.875	4569.6
120.88	3610.75
121.884	2959.12
122.884	2161.6
123.897	1603.16
124.937	1228.87
126.009	1024.84
127.037	751.75
128.101	768.421
129.147	589.473
130.15	2300.3
131.153	4225.15
132.158	3499.3
133.158	3516.8
134.159	4468.8
135.159	6148.8
136.159	8030.4
137.16	8680
138.16	8870.4
139.161	8904
140.161	8915.2
141.161	8825.6
142.162	8668.8
143.162	8478.4
144.163	8134.27
145.164	7705.6
146.165	7205.59
147.167	6735.66
148.167	6305.6
149.168	6115.2
150.168	5812.8
151.169	5337.06
152.173	4544.77
153.174	3864
154.179	3432.44
155.198	2717.49
156.204	2170.97
157.206	1587.22
158.244	1404.05
159.264	1163.92
160.285	1075.02
161.296	820.594
162.297	3356.64
163.298	4883.2
164.298	4883.2
165.3	4867.13
166.3	4972.8
167.3	6753.6
168.301	8131.2
169.331	8187.96
170.332	9464
171.332	8982.4
172.332	9004.8
173.333	8769.6
174.334	8626.57
175.334	8411.2
176.336	8022.38
177.336	7660.8
178.337	7011.2
179.337	6473.6
180.337	5868.8
181.339	5292.31
182.34	4643.36
183.341	4222.4
184.343	3610.38
185.346	3096.21
186.346	2620.8
187.349	2246.71
188.349	1948.8
189.35	1478.4
190.35	1209.6
191.356	1057.65
192.381	1006.25
193.392	1009.11
194.414	789.041
195.429	717.948
196.486	487.417
197.541	445.876
198.566	459.375
199.567	2038.4
