1.06104	3404.8
2.08168	4512.94
3.08362	1879.72
4.13336	3405.91
5.13488	2338.46
6.16745	2235.66
7.16949	2794.41
8.17173	2906.19
9.17307	1913.29
10.1759	2559.68
11.2837	2519.24
12.2869	2166.3
13.3341	2225.02
14.3367	2380.84
15.3374	2912
16.34	3588.02
17.3428	1889.02
18.3451	3073.85
19.3466	3401.4
20.3496	3271.78
21.3505	3752
22.3524	3737.06
23.354	3871.33
24.3565	3901
25.3582	4363.64
26.3598	3166.43
27.3632	2110.47
28.3653	3152.09
29.3678	3219.16
30.3704	3710.98
31.3716	2125.87
32.3723	3091.2
33.3736	2069.93
34.3737	2419.2
35.3758	2336.13
36.3778	2103.5
37.3799	2693.81
38.3815	2193.01
39.3827	2237.76
40.3862	2088.14
41.388	2103.5
42.3921	2509.96
43.3956	2702.29
44.3979	2783.23
45.3985	2710.4
46.4002	1734.27
47.4031	3085.03
48.4034	1724.8
49.4054	2886.71
50.4085	1942.97
51.4129	2721.91
52.4806	1889.41
53.4856	2485.17
54.4894	1976.47
55.4904	1904
56.495	2119.52
57.4966	2092.31
58.5006	2378.46
59.5038	1920.64
60.5177	1481.54
61.52	2023.15
62.5242	2108.37
63.5248	2184
64.5281	2378.46
65.5293	3166.43
66.5302	3494.4
67.6273	2358.43
68.6285	2483.92
69.6312	3263.87
70.6339	3073.85
71.6357	2461.54
72.6434	3214.3
73.644	1904
75.0364	1222.99
76.038	1980.42
77.0397	2025.17
78.042	2313.77
79.0428	1456
80.0442	2103.5
81.0493	2128.56
82.0907	1807.49
83.0935	2324.95
84.0937	2072
85.3461	894.568
86.3492	2166.3
87.3501	1758.4
88.3526	2313.77
89.3529	2116.8
90.3563	2847.46
91.3569	2161.6
92.357	2755.2
93.3616	3424.7
94.3626	3513.29
95.3631	4043.2
96.3646	1991.61
97.3663	3793.01
98.6688	2193.55
99.6733	3045.42
100.675	2114.69
101.677	3020.98
102.713	1956.76
103.724	2315.33
104.726	1913.29
105.729	2780.46
106.734	1539.44
107.735	3032.17
108.735	3248
109.875	2399.3
110.878	2925.62
111.882	2822.31
112.889	2939.17
113.889	2822.4
114.891	3132.87
115.919	1830.35
116.921	3434.97
117.924	2188.63
118.926	1544.06
119.929	2266.8
120.932	2794.41
121.933	2072
122.936	2300.3
123.942	2351.44
124.943	2349.65
125.946	2503.79
126.949	3073.85
127.951	2718.88
128.954	1663.81
129.959	2264.54
130.962	1697.31
131.966	2021.14
132.966	2788.8
133.967	2304.9
134.968	2732.8
135.968	2352
136.968	3539.2
137.97	3502.1
139.304	2308.84
140.307	2970.29
141.309	3263.87
142.312	3722.16
143.314	3837.76
144.51	2565.89
145.514	3774.28
146.523	2066.67
147.525	4095.1
148.526	4132.8
149.527	3752
150.53	2032.3
151.531	3304
152.544	4382.61
153.544	2318.4
154.546	3781.82
155.546	1601.6
156.547	3136
157.556	2133.33
158.56	1864.81
159.561	2520
160.562	2215.38
161.569	2404.77
162.569	3102.4
163.571	3085.03
164.573	2204.2
166.121	1273.39
167.122	2688
168.124	3121.68
169.124	3763.2
170.127	4471.06
171.128	5544
172.573	3474.79
173.575	4616.37
174.576	4620.98
175.577	5213.99
176.692	2644.17
177.692	4144
178.715	1543.69
179.716	3729.6
180.716	3864
181.717	2396.8
182.717	4771.2
183.719	4281.04
184.721	1801.4
185.774	2031.53
186.774	3740.8
187.775	3860.14
189.138	2424.06
190.14	3502.1
191.149	3433.33
192.153	3372.28
193.155	3386.83
194.156	3427.2
195.158	3565.67
196.159	3124.8
197.159	2340.8
198.162	2906.19
199.163	2161.6
200.165	2023.15
201.169	2175.3
202.17	2777.6
203.231	2092.07
204.231	2800
205.298	2088.85
206.299	2587.2
207.305	1649.35
208.311	1825.84
209.314	1887.14
210.318	2074.9
211.394	2125.4
212.405	2339.8
213.406	1969.23
214.407	2016
215.407	1612.8
216.41	1967.27
217.411	2372.03
218.424	1879.56
219.434	843.607
220.454	658.823
221.46	924.975
222.467	878.649
223.469	1197.2
224.472	1151.3
225.479	1212.31
226.48	1176
227.481	1064
228.485	914.741
229.489	1060.82
230.493	970.517
231.503	1064.55
232.508	780.876
233.517	311.111
234.52	558.325
235.524	558.325
236.543	528.094
237.548	568.358
238.55	559.44
239.552	559.44
240.562	565.544
241.569	656.858
242.575	712.524
243.581	757.81
244.587	991.84
245.587	1019.2
246.593	1113.32
247.596	1318.96
248.599	1507.48
249.603	1797.81
250.605	1866.67
251.605	1792
252.606	2002.8
253.61	2322.63
254.615	2173.13
255.616	2161.6
256.619	2850.3
257.62	1612.8
258.62	2217.6
259.623	2054.64
260.631	2057.6
261.632	1801.4
262.635	2023.15
263.639	2478.96
264.64	2217.6
265.689	2049.95
266.692	2235.53
267.751	2168.08
268.752	2811.2
269.757	1751.39
270.764	1879.64
271.766	1745.45
272.767	1825.6
273.768	1868.53
274.772	1842.47
275.777	1862.95
276.78	1931.8
277.79	2464.22
278.791	2060.8
279.794	2713.46
280.794	1388.8
281.827	2257.36
282.829	2984.43
283.83	3214.4
284.831	2945.6
285.831	1960
286.849	2488.89
287.849	3460.8
288.85	1890.91
289.852	3434.97
290.854	1821.96
291.857	2503.79
292.859	3275.05
293.861	3543.31
294.866	1818.33
295.867	2606.99
296.87	2548.5
297.872	1821.96
298.873	2139.2
299.873	2128
300.928	2050.85
301.93	2226.57
302.932	2134.93
303.936	2244.47
304.94	2244.47
305.941	2528.67
306.943	2148.25
307.946	2704.99
308.947	2293.71
310.105	2127.81
311.107	2615.57
312.111	2545.96
313.111	1825.6
314.113	2338.46
315.113	2856
316.175	1646.75
317.179	1362.31
318.184	1950.25
319.187	2213.17
320.188	2618.18
321.191	3081.95
322.192	1153.6
323.193	1253.15
324.195	1363.67
325.228	1768.99
326.231	1094.32
327.236	1682.79
328.237	1366.4
329.24	1708.47
330.245	1716.22
331.248	1507.48
332.28	1944.52
333.283	1643.11
334.284	1913.29
335.289	1360.96
336.293	1808.97
337.297	1673.31
338.298	2327.27
339.301	3118.56
340.302	3987.2
341.611	2806.42
342.617	4056.52
343.685	1794.94
344.687	2984.43
345.688	2721.6
346.689	1767.83
347.692	2347.3
348.695	1766.07
349.695	1467.2
350.698	1318.96
351.704	1347.12
352.708	1373.48
353.71	1510.49
354.713	1641.47
355.718	1684.46
356.719	2103.5
357.721	1967.27
358.725	2088.14
359.728	2423.13
360.73	2850.3
361.733	3029.14
362.739	3473.56
364.063	2412.7
365.073	2694.65
366.074	2195.2
367.075	2730.07
368.077	2125.87
369.079	2637.92
370.082	1440.48
371.084	2559.68
372.085	2998.6
373.115	1774.15
374.115	3617.6
375.115	3886.4
376.117	1879.72
377.118	3875.2
378.405	2238.26
379.407	2897.9
380.409	2939.72
381.412	2906.19
382.416	1674.97
383.516	1936.31
384.519	1989.62
385.522	2367.3
386.533	2073.66
387.533	2609.6
388.533	3841.6
389.535	4956.64
390.709	2625.75
391.712	3420.36
392.911	2514.86
393.911	3214.4
394.913	2472.73
395.916	2021.14
396.92	2088.14
397.923	2534.79
398.932	1677.78
399.934	1251.9
400.938	1584.06
