1.09428	2380.84
2.09465	2352
3.0948	3001.6
4.70795	2541.35
6.25175	2279.2
7.2584	2794.43
8.91755	2720.68
9.92539	3025.22
10.9279	2537.32
11.9295	3367.83
12.9519	2991.78
13.9525	4323.2
15.5588	2615.19
17.1729	2074.84
18.7985	1571.45
19.8014	3263.87
20.8355	1917.21
22.6105	1817.24
23.6132	2034.33
24.7973	1920.27
25.8029	1994.82
27.3804	2109.32
28.3987	1804.32
29.4003	2595.8
30.4078	2435.75
31.4635	2823.89
32.4802	3020.47
33.4817	3826.57
34.4832	3255.94
35.5408	3189.4
36.5742	2352.76
37.5746	2452.8
39.5949	2883.17
40.5989	2557.13
41.6001	2730.07
42.861	2195.55
43.9882	1977.64
45.0862	2896.9
46.0889	2649.1
47.9992	2556.65
49.0166	2466.86
50.017	3382.4
51.025	2977.78
52.0272	2604.39
53.0368	2997.03
54.2165	2536.39
55.6217	2216.08
56.6557	2244.34
58.0108	2405.31
59.1484	2364.12
60.2107	2320.15
61.2352	2515.62
62.2355	2699.2
63.5108	2257.57
64.514	3215.95
65.7946	1373.75
66.8869	3169.23
67.8884	3669.93
69.0679	2165.9
70.0822	2783.43
71.3039	2650.94
72.362	2085.44
73.3643	4258.68
74.5914	1204.89
75.7052	4709.43
77.204	2519.63
78.302	2764.3
80.3085	3215.95
81.3194	2639.21
82.3981	2119.48
83.4299	1488.26
85.4421	1519.68
87.0267	1944.44
88.0345	3436.74
89.3363	335.741
90.3367	3259.2
91.3428	1926.04
92.8418	1854.2
94.682	894.782
95.6858	1127.82
96.6873	2383.22
97.6935	1926.04
98.7556	527.306
100.359	3102.18
101.36	1924.47
102.362	2047.55
104.291	1614.1
106.157	2088.75
107.191	2038.33
108.614	1866.67
109.653	1618.5
110.78	2017.39
112.079	2026.17
113.925	1972.9
114.959	1516.44
115.964	2543.43
118.02	2347.86
119.021	2360.84
120.121	1640.76
121.158	1728.06
122.163	2152.99
123.165	2047.55
124.166	2148.25
125.848	2078.76
126.883	1374.3
128.198	434.703
129.2	4012.77
130.209	1788.89
131.209	2396.8
132.211	3043.36
133.226	1975.17
134.229	3442.71
135.842	2235.83
137.387	1667.31
138.392	1749.65
139.394	1633.57
140.396	1846.15
141.398	2146.11
143.007	1253.73
144.862	2718.45
146.806	2027.98
147.808	2405.59
148.911	2510.34
149.911	3516.8
151.826	2621.52
153.233	1154.23
154.953	2617.67
156.999	968.914
158.959	2920
160.296	888.622
161.32	2594.72
162.447	149.068
163.846	2291.27
164.929	1644.32
166.166	2173
167.553	791.919
168.606	1799.24
169.61	2043.47
171.029	1057.65
172.06	1553.44
173.157	1939.83
174.649	1847.89
175.65	1678.32
176.653	2021.14
177.725	1807.46
178.726	3046.4
180.256	2285.42
181.86	488.778
183.841	2794.34
185.733	2616.49
187.178	1473.68
188.228	1301.33
189.231	1117.76
191.114	1552.42
193.19	922.543
194.191	3203.2
195.302	1987.75
196.898	2140.35
197.933	2014.7
198.934	3569.23
199.937	2962.07
201.055	2115.67
202.058	2691.13
203.182	448.797
204.183	3793.01
205.213	2536.05
206.24	2748.2
207.303	2499.44
208.333	2022.52
209.334	1946.85
210.7	836.923
211.703	3349.95
212.8	2217.52
213.893	2336.32
215.053	2288.27
216.99	925.619
218.522	2765.25
219.676	3050.13
220.895	2315.34
221.94	1383.91
223.337	1980.24
224.843	1710.49
226.41	922.016
227.411	3248
228.411	2206.4
229.556	2455.2
231.322	2227.31
233.267	1048.02
234.267	3080
235.268	1657.6
236.291	1642.23
237.78	1693.55
238.842	1371
239.986	1273.84
240.986	2542.4
241.995	2344.44
242.996	3233.57
244.417	386.478
245.967	1973.92
247.673	2173.04
249.296	2099.14
250.299	4209.77
251.301	2976.22
253.118	1473.2
254.135	3064.57
255.483	2136.9
257.072	2115.87
259.014	2133.88
260.699	1827.89
261.827	1242.24
262.834	1913.01
264.511	547.644
265.52	2488.89
266.669	1276.94
267.672	2056.69
269.172	1426.13
270.897	1461.72
272.822	1797.82
273.826	1807.17
274.831	2208.76
275.965	2093.83
276.97	2797.21
277.972	2260.14
278.975	3394.62
280.072	1665.69
281.603	2122.88
282.604	4211.2
283.711	4532.61
284.928	1630.26
285.958	4121.17
287.206	780.769
288.255	3836.64
289.256	3360
290.258	2928.54
291.261	3375.65
293.055	1161.85
294.638	905.622
295.639	4598.6
296.642	2749.7
297.643	3177.62
299.172	835.602
300.296	4378.27
301.299	3863.61
302.937	2469.88
303.992	2240
305.3	2459.37
306.306	1825.84
307.308	3065.73
308.309	2193.01
309.881	1932.02
310.881	2934.4
312.036	2327.27
313.185	2865.8
314.606	1601.13
316.474	2903.48
317.597	2772.57
318.95	2112.43
320.374	1455.06
321.522	1132.69
322.523	2372.03
323.524	2060.8
324.524	2374.4
325.526	2125.87
327.406	1907.4
329.302	1825.32
331.323	2094.8
333.164	1953.91
334.893	893.927
336.983	1967.64
338.835	580.561
340.102	3014.36
341.105	1184.83
342.106	2374.4
343.212	1711.39
344.335	2363.67
345.362	2137.49
346.513	2347.13
347.513	3001.6
348.526	3228.43
349.637	1008.1
350.638	5096
351.673	3754.98
353.25	1407.11
354.25	5947.2
355.756	2597.21
356.77	3125.84
357.774	4176.27
359.817	2621.74
360.891	2335.94
361.986	2047.53
363.005	2387.43
364.007	2235.53
365.475	2259.85
367.372	1718.08
369.341	2986.29
370.344	3174.45
371.48	2100
373.449	2236.58
374.485	1926.18
375.995	912.317
377.025	4273.4
378.028	3207.98
379.028	3763.2
380.046	3193.71
381.047	4475.52
382.051	4187.44
383.398	865.378
384.406	4593.44
385.406	3953.6
386.848	1025.95
387.85	4784.03
389.158	2159.45
391.066	1844.15
392.085	2275.17
393.09	3569.72
394.134	3143.29
395.365	2647.6
396.368	2503.79
397.43	2172.5
398.936	595.348
399.963	4591.24
