1.42465	1703.61
3.27742	1838.44
4.31151	1267.31
5.32468	1658.44
6.51424	1921.61
7.54338	1480.27
8.7658	1576.43
9.77185	1525.25
10.7721	1422.4
11.7759	1853.64
13.3718	660.062
14.3771	2708.06
15.3812	1472.51
16.5327	1187.14
17.54	1523.73
18.545	1337.31
20.6482	947.979
21.8253	1846.05
22.8268	1611.19
23.8446	1475.71
25.1451	1860.92
26.1505	1849.95
27.1532	2291.42
28.1707	2896.36
29.3665	1921.34
30.9014	2241.46
31.9323	1696.31
32.971	258.959
34.7263	2565.47
35.8025	1394.8
36.8069	2431.87
37.8099	1563.31
39.5847	2146.56
40.6396	2082.73
41.6432	2478.96
42.8657	2153.85
43.9486	2111.65
44.949	2508.8
46.5164	2094.19
48.1773	1814.94
50.0274	714.378
51.0297	2805.59
52.0318	2537.32
53.8743	1647.77
55.7731	2944.57
56.7732	2867.2
57.7747	3132.87
58.8134	2816.18
60.5109	2428.76
61.5178	2337.97
63.5096	1721.35
64.5128	3964.11
66.3099	2025.6
67.4417	1614.15
69.4657	2325.26
71.0314	1037.7
72.8145	2066.63
73.8168	2224.35
74.8177	1411.2
75.8936	1844.09
77.1454	1951.72
78.1496	1963.35
79.15	2408
80.1515	2674.12
81.8905	1520.83
83.7509	3847.74
84.8058	3049.72
85.8062	5275.2
87.1768	686.715
88.2823	5118.55
89.3072	2242.19
90.9408	2434.78
92.4459	885.581
94.3435	2934.32
96.1775	1923.66
97.3422	1722.34
98.3448	2358.48
99.4513	2562.02
100.455	3480.48
101.457	3367.83
102.577	2170
104.288	1866.67
106.177	2923.03
108.078	2010.1
109.903	2915.07
110.904	2226.57
111.907	2548.5
113.828	2385.83
114.9	2131.34
116.005	365.217
117.088	2823.27
118.091	2269.06
120.14	2104.44
121.154	1813.23
122.154	3158.4
123.156	3017.96
124.157	3192
125.609	1381.67
126.613	4216.73
128.168	1354.08
129.17	4106.29
130.197	2344.69
132.033	2917.49
134.015	1870.43
135.836	941.538
136.934	3838.83
137.938	2534.79
139.189	1002.72
141.174	2884.68
142.177	2045.51
143.335	1924.7
144.717	380.897
145.721	3045.42
146.723	1902.1
148.438	666.122
149.819	940.767
150.961	1099.39
151.967	2137.57
152.97	2079.04
154.075	2292.75
155.077	3487.43
156.647	2441.3
158.58	1355.82
159.69	3867.99
160.767	2194.24
162.445	734.645
164.209	1885.71
165.804	2515.43
166.809	1662.15
167.81	2170.63
169.676	2077.85
171.022	1090.85
172.089	766.26
173.206	1013.62
175.127	1184.17
176.747	1120
177.826	996.478
178.832	947.263
180.444	840.694
181.579	759.823
182.585	1347.12
183.587	1197.2
184.588	1913.29
185.59	1935.66
186.598	1866.67
187.703	2615.02
189.151	1099.1
190.299	3515.26
191.3	3009.79
192.318	2466.86
193.318	3147.2
194.335	2381.1
195.353	2453.44
196.659	2272.59
198.604	1008.23
199.608	4600.6
201.227	926.991
202.271	3575.84
203.272	2584.61
204.275	2132.8
205.277	1711.89
206.286	1898.12
207.289	2816.77
208.321	3234.11
209.323	3323.08
211.003	1086.67
212.032	4375.51
213.288	2480.96
214.818	2065.66
216.494	781.861
217.828	2848.31
218.885	2331.12
219.925	2608.66
220.925	2968
222.678	2288.58
223.696	3047.54
224.698	4811.19
226.695	2792.99
227.762	3498.69
228.954	2574.5
230.06	2726.51
231.062	4638.72
232.097	3516.91
233.857	2113.93
234.862	3714.74
235.878	3417.32
236.921	3976.97
237.922	3871.33
238.924	3882.52
239.924	3662.4
240.927	4142.77
242.228	732.307
243.329	5569.45
244.39	147.785
245.391	5779.2
246.435	4387.74
247.642	2516.75
249.284	2409.26
251.007	2497.56
252.169	1040.96
253.43	2025.06
254.434	1663.81
255.436	33.566
256.437	4300.8
257.439	2526.15
258.441	2718.88
259.441	3371.2
260.986	1493.33
262.108	3583.6
263.108	3942.4
264.913	1539.69
265.914	4665.73
267.708	1254.85
269.168	1942.15
270.171	3696.11
271.174	2503.79
272.828	2288.75
273.832	2019.12
274.914	2123.96
275.923	2009.12
276.924	3102.4
278.773	2247.27
279.775	2539.86
280.776	2931.47
281.948	985.14
283.492	1900.52
284.716	393.785
285.805	4230.88
287.223	2266.85
288.742	2073.25
289.744	2246.71
290.747	2727.34
291.821	2254.61
292.822	4039.16
294.792	1433.42
295.794	4430.77
296.947	2770.83
297.947	3718.4
299.203	695.541
300.884	3253.33
301.887	2604.39
302.887	3080
303.929	2904.9
304.931	3867.47
306.69	2822.3
307.721	3052.57
308.722	3121.68
310.302	2496.77
311.304	3230.34
312.307	3342.11
314.12	1519.69
315.237	4475.98
316.457	2598.03
317.555	2674.93
318.557	3446.15
320.525	2555.28
321.604	2553.48
322.605	3628.8
324.292	2502.9
325.294	1978.44
326.438	2243.92
327.439	2953.85
328.517	2787
329.517	2968
331.328	2758.25
333.206	1025.77
335.077	1885.62
336.617	3369.46
337.636	2176.25
338.863	2155.95
340.121	792.999
342.162	2245.49
343.278	1585.66
344.327	2393.89
345.782	2163.02
347.801	1209.31
349.494	1985.81
350.501	2616.3
352.05	571.207
353.572	795.266
354.579	2435.75
356.052	395.383
357.068	2813.79
358.069	2271.33
359.515	2044.81
360.522	1569.78
361.523	2441.6
363.554	2068.97
364.571	1927.24
366.038	2055.11
367.138	1680
368.141	3129.74
369.769	1988.21
371.485	1658.78
372.491	1180.12
373.499	1355.56
374.5	784
376.224	1032.95
377.907	346.254
378.912	1494.82
380.042	842.477
381.046	949.152
382.048	1085.31
383.049	1264.33
385.012	1250.15
386.012	1478.4
387.469	1846.15
388.599	247.787
389.602	2380.84
390.94	1891.78
392.048	1477.15
393.364	2051.06
395.378	1257.43
396.39	3179.43
397.392	3118.56
398.483	2617.78
399.484	3628.8
401.237	1865.6
