1.61908 2181.00259
2.66739 2191.51213
3.73085 2179.47853
5.0981 2183.87543
6.11326 2204.63636
7.11692 2187.40586
8.86863 2174.85996
10.2203 2175.12216
11.299 2194.5759599999997
12.3602 2210.95716
14.0628 2210.41846
15.6669 2208.1032299999997
17.128 2203.1659299999997
18.6487 2201.09093
20.0034 2182.6038000000003
21.3679 2213.2163
22.4392 2220.388
23.4438 2234.2191000000003
25.3538 2252.15633
26.9353 2268.82333
28.5916 2284.27543
30.5801 2277.2413300000003
32.5287 2289.50363
33.5592 2298.4167300000004
34.5604 2292.2466300000006
35.6061 2279.3006300000006
36.6678 2283.0329300000008
38.2041 2283.10923
39.8732 2271.0613700000004
41.5411 2272.7879700000003
43.4642 2264.90238
44.467 2257.48138
46.2358 2214.94658
47.6674 2201.92481
48.7401 2182.2403099999997
49.8021 2164.19854
51.2298 2150.53826
52.232 2154.4963900000002
53.2335 2117.5303900000004
54.8689 2087.42884
56.4974 2065.46262
57.5532 2060.74933
58.5544 2039.8599199999999
60.3169 2025.0632200000002
62.3313 2022.5544000000002
63.3393 2012.5588400000001
64.3981 2004.5352
65.6947 1988.87565
66.7678 1991.73739
68.6312 1964.31058
69.6319 1953.9894000000002
70.887 1920.3203500000002
72.2977 1914.8783600000002
73.885 1912.216
75.5481 1893.3634600000003
76.5765 1885.0473000000002
78.056 1860.4931100000001
79.7207 1861.33452
81.284 1843.3196
82.7477 1827.4451200000003
83.7505 1812.35416
84.754 1784.3509500000002
86.6696 1767.1125900000004
88.0364 1758.7638900000004
89.9927 1750.0618800000002
91.3438 1734.78519
92.4648 1725.2459600000002
93.6301 1711.28051
95.2305 1695.9308099999998
96.252 1696.49527
97.2605 1684.16514
98.2632 1666.6747
99.3589 1656.0349
100.364 1647.3980000000001
102.088 1622.1802000000002
103.852 1622.4628000000002
105.38 1606.078
106.383 1603.37471
107.385 1585.12101
108.39 1560.2529100000002
109.393 1557.79251
110.394 1543.7040100000002
112.024 1532.5083100000002
113.68 1526.40274
115.542 1525.7919399999998
116.926 1521.53004
118.794 1511.30404
120.707 1503.92744
122.421 1507.90644
124.062 1499.96214
125.824 1511.4154400000002
127.782 1519.82444
129.269 1528.34434
130.685 1525.35344
132.592 1538.31004
134.408 1525.3334200000004
136.195 1520.1746200000002
137.878 1531.8912200000002
139.577 1530.58372
140.907 1517.31952
142.748 1517.3361200000002
144.408 1517.6102199999998
145.447 1517.5952200000002
147.378 1512.0409200000001
148.838 1484.98738
150.546 1497.99678
152.149 1484.1903100000002
153.154 1482.5945100000001
154.159 1463.1753099999999
155.31 1451.79341
156.761 1455.87661
158.069 1458.57714
159.089 1466.98604
160.178 1449.85032
161.18 1480.10515
162.245 1432.86125
163.886 1422.2649
165.864 1418.1777
167.555 1405.9469
168.661 1396.5140999999999
169.852 1379.6497
170.869 1373.2376
171.998 1360.1071
173.0 1340.13298
174.979 1329.3445800000002
176.572 1321.2016800000001
178.558 1306.2162800000003
180.081 1284.1833500000002
181.114 1307.8096100000002
182.541 1310.7149100000001
184.037 1350.2083000000002
185.056 1348.2634000000003
188.353 1374.4498
189.357 1396.58987
191.217 1412.54957
192.331 1424.2334399999997
193.337 1436.67592
195.025 1456.9530200000002
196.314 1469.8777200000002
197.327 1474.5504900000003
198.509 1496.2789100000005
199.513 1515.72334
200.586 1533.34485
201.884 1551.69645
203.402 1549.92188
204.492 1565.9217400000002
206.372 1579.07238
207.421 1598.6802300000004
208.432 1621.7947700000002
210.005 1618.9314700000002
211.659 1643.8163500000003
213.379 1669.8245000000004
214.742 1702.2649900000004
216.672 1709.44604
217.681 1739.96308
218.698 1755.6059400000001
220.076 1778.6033300000001
221.084 1811.6945600000004
222.457 1841.7656800000002
223.475 1853.41766
224.965 1884.4927200000002
226.718 1901.27793
227.73 1917.96439
229.004 1950.5796900000003
230.638 1972.8698500000003
231.721 1974.7881000000002
232.812 1991.10993
234.286 2020.1724799999997
235.352 2019.35306
236.649 2035.5982000000001
238.557 2062.26323
240.234 2079.0880700000002
241.673 2069.0090899999996
243.381 2086.56659
244.796 2091.94759
245.799 2093.13059
247.106 2084.42869
248.501 2087.8872500000007
250.018 2077.4293500000003
251.773 2081.5275500000007
252.886 2073.02415
253.949 2080.3603500000004
255.341 2070.2083500000003
257.163 2077.29832
258.165 2072.83122
259.65 2071.3958199999997
