1.78795 1703.25304
2.82326 1729.6436900000003
3.84145 1734.2376900000004
4.84239 1762.5649400000002
5.90737 1782.6293400000002
6.90963 1807.47947
8.97219 1837.91694
10.679 1838.7123300000003
12.5491 1870.16233
14.2907 1887.04665
15.2966 1896.57815
16.3045 1906.8025
17.3292 1919.2907
18.6435 1938.7492
20.015 1953.2214099999999
21.0259 1968.7657199999999
22.034 1978.80949
23.0813 1976.10485
24.0868 1983.3019300000003
25.5953 1985.21403
26.9481 1993.48522
28.8982 1990.00692
29.969 1992.5193199999999
31.0321 1961.42114
32.3984 1952.86764
33.3999 1963.21654
34.9326 1942.07894
36.3134 1924.9288
37.3423 1937.7950400000002
38.8655 1941.1527400000002
39.8659 1942.02544
40.9546 1948.45174
41.9563 1939.21274
43.3509 1925.1854400000002
44.3658 1921.1554700000004
46.2524 1911.6529700000003
47.6493 1895.4183300000002
49.2274 1901.9512300000004
50.3173 1908.2174300000001
51.3222 1903.5905300000002
52.4053 1900.0007300000002
53.4068 1927.2332300000003
54.8983 1911.4507100000003
55.9107 1915.9844100000003
56.9169 1933.90101
58.8201 1937.07391
60.4235 1949.77992
62.1919 1955.266
63.3195 1982.2017000000003
64.433 1996.4942000000003
65.8687 1989.7808800000003
66.9039 2010.3872300000003
68.6839 2045.1175300000004
69.6912 2065.4109300000005
71.2429 2068.0012300000003
72.246 2065.8299300000003
73.8743 2069.95233
75.5608 2089.22433
76.5893 2092.4262300000005
78.0004 2076.35673
79.4385 2099.38623
81.2363 2122.8107299999997
82.239 2130.6153600000002
83.3632 2128.30876
84.3886 2133.8627600000004
86.3888 2148.47616
88.2558 2137.36868
89.9874 2142.82088
91.7037 2136.9127799999997
93.6115 2154.3808799999997
94.9909 2162.12978
96.7929 2157.3221000000003
97.7944 2169.3861
98.7959 2177.3813000000005
100.012 2170.0028
101.874 2170.6338
103.561 2181.9225
105.528 2153.10524
107.349 2162.63334
109.188 2175.1157399999997
110.556 2194.69024
112.177 2225.3359399999995
113.833 2251.63706
114.855 2249.3782599999995
115.941 2261.87427
116.95 2278.4638999999997
117.958 2302.3214399999997
118.958 2302.38844
120.629 2330.17644
121.636 2346.07849
122.642 2333.17787
123.645 2351.9782699999996
124.645 2350.8989699999997
125.648 2326.83711
127.518 2310.51531
128.534 2316.25261
129.535 2302.33051
130.725 2272.1578100000006
132.697 2280.67311
134.503 2273.9349100000004
136.126 2265.7471100000002
138.153 2250.6264100000003
139.578 2253.61381
140.604 2239.9314099999997
142.227 2220.7637699999996
143.231 2219.1061699999996
144.425 2204.6770699999997
145.811 2217.05101
146.815 2191.88491
148.828 2204.5844100000004
150.547 2205.1122100000007
152.043 2194.6413300000004
153.966 2206.3342300000004
154.97 2190.54111
155.971 2212.49561
156.972 2207.60631
158.079 2229.1066100000003
159.103 2261.06769
160.617 2256.6822899999997
162.377 2277.2571899999994
163.404 2294.9530899999995
164.408 2287.0051
165.873 2293.9411999999998
166.905 2315.3720800000006
167.91 2336.6224800000005
168.926 2338.4058800000003
169.999 2334.6150800000005
172.035 2353.91922
173.46 2370.5511200000005
174.462 2354.0547200000005
175.466 2356.2882200000004
177.116 2351.8571200000006
178.58 2363.8792200000003
180.37 2366.04792
181.464 2379.91576
182.649 2369.48026
183.677 2366.6558699999996
184.702 2351.90577
185.898 2337.0442700000003
187.308 2336.5820700000004
188.324 2330.5888700000005
189.565 2297.3044700000005
190.945 2306.21579
192.646 2299.98969
194.479 2275.09365
196.309 2276.46015
197.766 2270.4848500000007
198.872 2268.232090000001
200.105 2246.5120900000006
201.716 2233.0613900000003
203.474 2242.4246100000005
204.476 2221.77414
205.476 2192.11184
206.601 2212.51464
208.282 2195.42986
209.791 2218.52076
211.416 2220.01276
213.174 2213.6270600000003
214.724 2209.62006
215.76 2224.8801600000006
216.76 2194.0351600000004
218.084 2183.90236
219.096 2185.0688600000003
220.84 2175.2955600000005
221.845 2155.2419600000003
222.996 2152.3830600000006
224.778 2165.1298400000005
226.519 2162.69524
228.57 2153.99254
229.571 2132.74363
230.916 2113.90923
232.306 2144.63431
233.34 2143.98831
234.77 2117.99886
236.19 2114.30096
237.191 2135.40126
238.363 2141.97726
240.154 2149.9146199999996
241.676 2150.071819999999
242.707 2136.9785199999997
243.709 2116.65732
245.351 2090.53322
246.905 2059.9051099999997
248.301 2075.76341
249.998 2072.1779100000003
251.775 2062.04131
253.543 2039.25347
254.646 2053.69657
255.708 2011.56629
257.239 2023.0049900000001
258.246 2024.5068
259.246 2011.8411999999998
260.364 2006.1562
262.001 2024.41606
263.243 2029.0481599999998
264.247 2025.8643599999998
265.249 1999.2059299999999
