1.11916	1812.91
2.14394	3062.5
3.20594	2372.88
4.21327	2535.85
5.22759	2562.52
6.2419	2562.52
7.29924	2521.85
8.2996	2923.2
9.44535	2680.17
10.4457	3707.2
11.4507	3332.14
12.4615	3393.27
13.5212	3542.97
14.5937	3510.45
15.6301	3643.24
16.6572	3816.94
17.668	3925.54
18.7579	3723.05
19.7781	3974.9
20.818	4117.81
21.8637	4115.6
22.9675	3929.65
23.9679	4054.4
24.9683	3438.4
25.9686	3416
26.969	3236.8
27.9798	3360
28.9883	3422.22
30.1247	3145.07
31.1251	2878.4
32.1847	2961.28
33.1851	3080
34.2145	2601.36
35.2486	2729.59
36.3048	2715.15
37.3191	2761.34
38.3195	2699.2
39.3547	2283.28
40.4493	3562.71
41.4787	2993.2
42.5721	3084.35
43.6713	3098.09
44.7613	2920.84
45.8047	2362.42
46.8131	2533.33
47.8135	2363.2
48.8139	1982.4
49.8561	2074.47
50.8564	2206.4
51.9126	2036.36
52.963	2304
53.968	2418.31
54.98	2315.33
56.0839	2315.14
57.0993	2405.52
58.1578	2455.95
59.2198	2446.7
60.3016	2414.06
61.3194	2632.05
62.3198	2531.2
63.3201	2396.8
64.4065	2836.09
65.4069	2923.2
66.4073	2732.8
67.4181	2805.54
68.4952	3130.18
69.4955	3572.8
70.5006	3242.99
71.5056	2942.09
72.5059	2856
73.5109	2864.08
74.5194	3033.33
75.5616	2622.65
76.5759	3512.43
77.5868	2872.08
78.5871	2811.2
79.6561	2820.97
80.703	2976.67
81.7173	2606.71
82.8654	2770.73
83.8878	2421.92
84.9522	2484.21
85.9525	3057.6
87.0099	2935.1
88.0532	2834.9
89.1199	2836.77
90.2761	3013.15
91.3812	2685.97
92.4315	2773.33
93.5017	2522.62
94.5567	2505.4
95.6454	2470.59
96.7354	2468.32
97.8299	2518.46
98.8803	2965.33
99.9795	3026.75
100.98	3001.6
102.055	3065.92
103.154	3108.28
104.266	3092.09
105.464	2196.99
106.511	2837.48
107.551	2285.27
108.551	2307.2
109.581	2361.9
110.646	2376.71
111.828	1953.6
112.943	2913
114.002	2561.81
115.026	3174.98
116.057	2867.9
117.058	2900.8
118.1	2665.64
119.192	2625.64
120.289	3474.45
121.36	3011.76
122.396	3051.59
123.396	2900.8
124.397	2786.01
125.456	2794.71
126.723	2600.95
127.723	2240
128.75	2311.98
129.838	2112.24
130.888	2133.33
131.966	2077.92
133.046	2076
134.156	1595.67
135.188	2593.8
136.21	1875.81
137.248	1845.09
138.263	1932.94
139.311	1880.92
140.362	1875.55
141.442	1899.54
142.448	2081.91
143.448	2016
144.449	1937.6
145.476	1995.71
146.534	2339.51
147.535	2284.8
148.535	2284.8
149.535	2195.2
150.769	1542.95
151.854	2634.69
152.919	2134.83
153.919	2307.2
154.929	2020.22
156	2290.2
157.082	2030.71
158.083	2441.6
159.083	2027.2
160.154	2405.23
161.271	2197.85
162.305	2274.66
163.363	2170.13
164.395	2150.92
165.439	2147.65
166.49	2131.3
167.559	2034.46
168.65	1868.38
169.717	2132.83
170.738	1875.81
171.743	1916.81
172.774	1913.79
173.807	1910.08
174.868	1923.02
175.931	2191.53
177.035	1969.9
178.104	2107.86
179.122	1903.34
180.123	2004.8
181.129	1881.51
182.163	1906.38
183.252	1883.82
184.266	1822.48
185.278	1883.28
186.302	1883.09
187.302	1960
188.419	1635.84
189.425	1781.31
190.464	1726.4
191.535	1537.25
192.66	1893.24
193.737	1767.87
194.737	2318.4
195.738	2206.4
196.762	1881.25
197.763	2172.8
198.819	2078.79
199.819	2598.4
200.889	1946.92
201.918	2418.68
202.918	2374.4
203.925	2001.99
204.966	2151.78
206.023	2153.03
207.093	1737.57
208.093	2755.2
209.126	2040.31
210.153	1919.38
211.166	1945.9
212.214	1880.92
213.267	1873.76
214.358	1940.24
215.359	2318.4
216.366	1979.74
217.399	1920.93
218.434	1872.08
219.434	2105.6
220.435	1960
221.447	1816.81
222.525	1901.3
223.574	2551.76
224.579	2407.16
225.591	2581.21
226.592	2699.2
227.616	2723.44
228.65	2772.92
229.708	2712.58
230.708	3012.8
231.742	3217.02
232.743	3270.4
233.789	3158.7
234.8	3404.36
235.834	3563.64
236.873	3539.11
237.964	3367.19
238.964	3528
239.973	3066.67
240.984	3071.68
241.984	3091.2
242.985	3068.8
243.993	2711.11
245.035	2923.61
246.082	2923.14
247.152	2690.09
248.153	3236.8
249.202	2669.21
250.292	2560.88
251.293	2539.86
252.351	2574.83
253.427	2583.81
254.53	2518.22
255.533	2861.48
256.533	2934.4
257.534	2934.4
258.57	2897.3
259.571	3046.4
260.638	2918.09
261.857	3114.68
262.858	2788.8
263.906	2853.44
264.906	3382.4
265.907	3584
266.907	2968
267.953	3204.59
269.027	3378.77
270.028	3628.8
271.028	3382.4
272.028	3438.4
273.029	3192
274.029	3091.2
275.029	3203.2
276.097	2886.6
277.166	3104.12
278.262	2628.68
279.274	3013.25
280.274	2766.4
281.392	2336.26
282.46	2424.74
283.556	2372.97
284.656	2362.18
285.708	2163.27
286.758	2261.33
287.847	2017.65
288.872	2023.44
289.956	1983.76
291.054	1958.47
292.119	2071.74
293.136	2193.7
294.143	2324.53
295.197	2276.16
296.243	2229.28
297.359	2007.17
298.414	2314.31
299.485	2417.94
300.501	2557.48
301.585	2335.05
302.671	2353.55
303.674	2434.3
304.728	2467.62
305.789	2451.32
306.862	2434.33
307.897	2672.85
308.929	3041.71
309.945	3307.09
310.99	3025.29
312.01	3338.04
313.05	3427.91
314.099	3416.59
315.198	3047.13
316.275	3317.36
317.33	3089.29
318.371	3313.74
319.396	2975
320.397	3057.6
321.397	3001.6
322.397	2990.4
323.433	2965.02
324.453	2920.78
325.481	2919.84
326.71	2788.61
327.738	2780.92
328.784	2923.14
329.881	2789.78
330.882	3091.2
331.952	2700.56
333.167	2083.29
334.168	3572.8
335.227	2622.85
336.228	2732.8
337.235	2747.17
338.331	2618.45
339.331	2912
340.385	2542.07
341.421	2659.46
342.507	2673.55
343.507	2676.8
344.533	2688
345.595	2625.99
346.658	2655.13
347.735	2579.01
348.815	2657.27
349.815	2609.6
350.861	2025.65
351.876	3078.62
352.948	2541.18
353.948	2620.8
354.954	2349.1
355.954	2755.2
357.023	2443.45
358.024	2710.4
359.032	2355.55
360.033	2609.6
361.071	2287.48
362.271	2129.77
363.318	2998.09
364.371	2435.71
365.372	2732.8
366.44	2309.28
367.44	2553.6
368.507	2384.99
369.507	2620.8
370.567	2464.21
371.634	2382.75
372.635	2542.4
373.635	2206.4
374.651	2262.07
375.709	2297.16
376.737	2178.99
377.742	2095.12
378.808	2029.67
379.849	2033.43
380.877	1993.77
381.925	1966.41
382.979	1967.71
384.213	1806.16
385.292	2161.04
386.292	2139.2
387.292	2004.8
388.398	1792.41
389.441	1891.75
390.492	1875.55
391.569	1882.27
392.63	2018.11
393.631	2217.6
394.824	1436.38
395.907	2308.32
396.972	1966.57
397.973	2184
398.977	2132.8
400.049	2173.13
