1.20059 2447.4670000000006
2.20094 2450.0800000000004
3.34204 2453.7853999999998
4.35519 2459.5115
5.3695 2458.6286
6.38381 2459.8795
7.45279 2461.3463
8.45314 2468.4104
9.51863 2465.2779
10.5783 2476.6036000000004
11.5787 2480.181000000001
12.6255 2484.8850000000007
13.6864 2489.9743000000008
14.7623 2498.055400000001
15.7836 2500.6289000000006
16.8317 2506.0553000000004
17.9588 2512.6248000000005
18.9696 2516.393600000001
19.97 2518.9653000000003
20.9855 2523.6693
22.0347 2527.9185999999995
23.1025 2534.8752999999997
24.2273 2536.0497999999993
25.3067 2549.4606999999996
26.3222 2557.5612000000006
27.3272 2559.0046000000007
28.3276 2564.8884000000007
29.3593 2571.5757
30.3597 2585.6454000000003
31.36 2590.7625
32.6268 2596.5414
33.7655 2611.0786
34.7775 2622.2126
35.8256 2635.9392000000003
36.8945 2649.0317
37.9624 2661.0858
39.0209 2674.043
40.1201 2680.7806000000005
41.1204 2688.9741000000004
42.1836 2696.9261
43.284 2704.1456999999996
44.3879 2709.8679
45.4557 2715.541
46.456 2716.6901000000003
47.4762 2718.7061
48.4765 2718.2447
49.4978 2727.4041000000007
50.5342 2719.3324000000002
51.5346 2720.3413000000005
52.6059 2719.4679
53.6062 2723.5038
54.7136 2724.2877999999996
55.7454 2723.6738
56.7457 2723.0357999999997
57.781 2722.7194999999997
58.8418 2735.0556999999994
59.9073 2744.0199
60.9309 2750.314
62.0708 2753.9449
63.1561 2760.9187
64.1565 2769.5891
65.2859 2773.3234
66.2909 2785.1372
67.3111 2787.4780000000005
68.3859 2792.5713000000005
69.5176 2798.655600000001
70.5285 2805.044500000001
71.5486 2811.8313
72.5489 2817.5982
73.5656 2820.0622
74.6171 2819.8901999999994
75.714 2819.4756999999995
76.7481 2819.6252999999997
77.7566 2817.7646999999997
78.7569 2827.4634
79.8248 2823.7239
80.8495 2828.1580999999996
81.8755 2832.1668999999997
82.9061 2835.7071999999994
84.0414 2834.5420999999997
85.1208 2838.1236
86.1572 2839.4685999999997
87.1576 2840.2678
88.1905 2841.0118
89.1909 2843.4864000000002
90.2901 2849.6917000000008
91.2904 2849.7926000000007
92.2908 2849.3435000000004
93.4075 2847.0021000000006
94.4532 2846.5135000000005
95.5408 2843.5583
96.6295 2838.7791999999995
97.7299 2832.3684999999996
98.7686 2824.5812000000005
99.8841 2815.1506000000004
100.885 2805.8328
101.942 2795.1823
103.04 2785.7738999999997
104.145 2776.1788
105.212 2763.9633
106.329 2752.0561
107.341 2742.9022
108.444 2731.3925000000004
109.471 2719.6184
110.532 2714.5512999999996
111.627 2704.8081
112.655 2696.9179
113.927 2686.2061
114.928 2681.6779
115.94 2667.6506
116.94 2660.6484
117.988 2650.9975999999997
119.165 2639.6878
120.185 2628.439
121.244 2620.6271
122.244 2609.6143000000006
123.245 2600.0943
124.268 2590.8729000000003
125.269 2582.3053000000004
126.33 2574.5661
127.335 2571.1009999999997
128.385 2561.4523999999997
129.476 2558.8907999999997
130.495 2545.6122
131.569 2534.8694
132.648 2522.5247
133.744 2510.0013000000004
134.744 2496.5746
135.782 2480.0905999999995
136.895 2467.1654
137.895 2452.8745
138.908 2436.5324
139.96 2421.9685
141.025 2405.1949
142.049 2388.7957
143.049 2373.7857
144.05 2357.8788000000004
145.151 2345.4483
146.152 2332.2612000000004
147.152 2316.0152000000003
148.152 2304.1823
149.153 2293.0168000000003
150.159 2281.9880000000003
151.159 2274.8534000000004
152.261 2264.0652000000005
153.39 2261.7798000000003
154.391 2252.1724
155.391 2248.2699000000002
156.503 2241.6319
157.524 2239.2227
158.525 2233.7378999999996
159.525 2224.4219999999996
160.652 2217.4811
161.715 2216.5464
162.73 2210.7709
163.73 2195.3896000000004
164.73 2180.0942999999997
165.731 2169.9934000000003
166.786 2160.7861
167.803 2148.8208000000004
168.81 2135.0727
169.81 2125.5854000000004
170.886 2112.5934
171.898 2106.1068
172.93 2099.0691
173.964 2092.2936999999997
175.032 2089.9353999999994
176.032 2088.8053
177.032 2083.4280999999996
178.033 2081.2655999999997
179.179 2085.6463
180.18 2089.5271000000002
181.19 2093.2924000000003
182.227 2097.6028
183.319 2101.2549
184.413 2106.8993
185.448 2113.3451999999997
186.448 2121.2112
187.585 2129.196
188.585 2141.142
189.585 2147.0730000000003
190.62 2155.5542
191.659 2163.1588
192.809 2170.5908
193.986 2176.558
195.026 2180.9761
196.037 2192.5197
197.08 2193.5526
198.147 2204.3142999999995
199.21 2211.0761
200.21 2218.4256
201.25 2227.4637999999995
202.292 2237.6112
203.298 2249.7001999999998
204.336 2255.6962999999996
205.378 2263.3824
206.458 2272.4649000000004
207.458 2277.8136
208.498 2281.2856
209.589 2287.0323999999996
210.637 2292.1074999999996
211.672 2296.4614999999994
212.724 2302.3124
213.724 2310.9534999999996
214.751 2313.9732999999997
215.877 2322.8120000000004
217.051 2328.2378
218.105 2330.8804000000005
219.158 2338.5647000000004
220.158 2342.145
221.172 2346.8026
222.444 2353.4817999999996
223.454 2364.5404
224.483 2367.6907999999994
225.511 2377.2111999999993
226.511 2385.4822999999997
227.53 2392.7623
228.563 2394.163
229.612 2406.6865000000003
230.639 2413.8389
231.649 2419.2945000000004
232.779 2428.9604
233.779 2431.0536999999995
234.789 2437.3257000000003
235.823 2443.6677000000004
236.859 2450.7235000000005
237.876 2459.0470000000005
238.996 2464.9719000000005
240.031 2471.9359
241.031 2476.1317
242.125 2484.4197
243.125 2485.4528999999998
244.167 2492.284899999999
245.21 2495.696099999999
246.262 2498.7668
247.28 2502.5722999999994
248.44 2504.6611
249.539 2514.0676
250.697 2514.7081000000003
251.727 2521.7701
252.794 2526.2110000000002
253.88 2527.8184000000006
254.938 2528.8792000000003
255.987 2530.6977
257.105 2531.1096000000002
258.105 2532.1566000000003
259.176 2528.6751
260.266 2530.8976
261.361 2530.0316
262.382 2525.4633000000003
263.531 2522.1475
264.601 2518.8821000000003
265.603 2530.3030000000003
266.625 2522.7151000000003
267.626 2532.8033000000005
268.663 2535.8936
269.735 2543.199
270.833 2548.5212
271.897 2557.4332000000004
272.897 2568.6501000000003
273.926 2571.4022
274.926 2580.1187999999997
275.997 2587.6228
277.066 2591.5347
278.149 2595.3111999999996
279.15 2598.8729
280.184 2598.4107
281.263 2594.6568999999995
282.322 2593.7664999999997
283.416 2587.0507000000002
284.517 2581.1904
285.567 2574.9528
286.655 2567.145
287.724 2558.8383000000003
288.735 2554.1293000000005
289.815 2542.9054000000006
290.912 2534.1868000000004
291.998 2524.3577999999998
293.054 2510.0187999999994
294.17 2495.8133000000003
295.225 2486.8539000000005
296.263 2476.4817000000003
