1.22385 1979.7361000000003
2.2242 1973.4992000000002
3.22455 1966.2540000000004
4.22491 1959.6822000000002
5.22526 1957.2960000000003
6.22794 1953.8681000000001
7.22829 1951.0762000000002
8.22864 1949.9562
9.27436 1945.6378
10.3747 1945.8377
11.3798 1943.6079
12.3871 1937.8124000000003
13.4468 1937.2904
14.5181 1935.1495
15.5742 1934.4151
16.5874 1932.3352000000002
17.5877 1933.8875
18.6986 1930.2844
19.7176 1932.6277
20.7575 1934.5057000000002
21.802 1936.5270000000003
22.8954 1938.9842
24.0156 1942.1029
25.0741 1942.0584000000001
26.0745 1946.0495000000003
27.0841 1948.1938
28.0845 1953.7309
29.1383 1959.6239
30.1957 1962.8888
31.331 1970.1513000000002
32.4151 1976.7307000000003
33.4154 1978.6819000000003
34.5751 1980.6854
35.6173 1985.1435
36.6794 1986.6864999999996
37.7844 1989.0675999999996
38.8045 1995.6872999999998
39.9433 2002.247
40.9506 2006.823
41.9707 2010.1130000000003
43.07 2018.2296000000003
44.1715 2024.6104000000003
45.2417 2030.8145000000004
46.256 2034.1427000000003
47.2563 2034.3480000000002
48.2602 2037.036
49.2908 2040.9847000000002
50.3121 2042.1490000000001
51.3124 2044.1432
52.4023 2047.0962
53.4027 2049.1749
54.4612 2053.1465
55.5697 2057.9109
56.6143 2060.1954
57.6646 2062.6747
58.665 2067.7909
59.6979 2070.4093
60.782 2076.3991
61.8696 2080.0011000000004
62.9339 2080.6690000000003
63.975 2077.3034
65.0777 2080.6630999999998
66.0804 2083.2763999999997
67.0959 2084.9937
68.1509 2084.5997999999995
69.1989 2084.4867
70.3005 2083.6964
71.3543 2087.0798
72.3547 2088.2668
73.355 2085.4044
74.3949 2087.3361000000004
75.4837 2085.0368
76.4841 2083.4128000000005
77.5216 2080.9227000000005
78.522 2081.1387
79.5933 2074.5978000000005
80.6448 2069.7270000000003
81.6568 2063.5811000000003
82.8095 2062.185
83.832 2056.7398
84.887 2055.6926
85.8909 2052.5906
86.9377 2053.3536000000004
87.9753 2056.8561
88.9757 2063.8752999999997
90.0481 2068.7871
91.0648 2072.4075
92.1093 2078.8527
93.2085 2087.006
94.2403 2092.782
95.3267 2101.1406000000006
96.4155 2114.6856000000002
97.5147 2129.2720000000004
98.5546 2139.7793000000006
99.5596 2156.2266000000004
100.67 2172.525
101.736 2192.0879999999997
102.833 2209.9629999999993
103.936 2233.5517
105.001 2254.6501000000003
106.001 2274.8722000000002
107.134 2294.3602
108.228 2314.1494000000002
109.25 2334.4798
110.306 2353.0211000000004
111.399 2362.4616
112.399 2387.3654
113.414 2398.2541
114.415 2413.5704
115.415 2428.0184000000004
116.434 2441.6269000000007
117.497 2458.9518000000007
118.581 2473.2772000000004
119.62 2484.8421000000003
120.741 2490.6529
121.815 2501.3656
122.817 2510.2196
123.822 2518.2117000000003
124.866 2524.6209
125.934 2530.1691
126.989 2535.9494000000004
128.036 2536.06
129.044 2538.9984000000004
130.045 2539.4117
131.075 2538.0677000000005
132.155 2538.742
133.237 2537.1303000000007
134.307 2535.577000000001
135.307 2537.891
136.307 2534.9793999999997
137.416 2533.2283999999995
138.438 2538.8522999999996
139.488 2540.8807999999995
140.539 2540.7448999999997
141.63 2541.7815
142.631 2542.4683000000005
143.647 2534.7556000000004
144.659 2542.3099
145.743 2543.4836
146.845 2544.9742
147.845 2544.5959000000003
148.846 2545.4919
149.858 2543.0847000000003
150.903 2542.9998999999993
151.904 2539.4995000000004
152.968 2534.0581
153.969 2530.1315
154.97 2525.1237
156.063 2519.3063000000006
157.122 2513.3359000000005
158.235 2509.2152000000006
159.289 2504.1764000000003
160.304 2500.0156000000006
161.314 2496.3889
162.335 2492.7856999999995
163.443 2488.7417
164.474 2487.7185
165.518 2485.5853
166.576 2481.3704000000002
167.627 2478.5664
168.686 2481.368
169.779 2477.8252
170.779 2477.8178
171.779 2475.6898000000006
172.804 2476.6876
173.837 2479.5446999999995
174.901 2483.6038999999996
176.005 2491.0834999999997
177.068 2496.5564
178.128 2502.8820000000005
179.216 2510.0332
180.216 2520.6742
181.229 2528.7928
182.267 2540.2398000000003
183.36 2552.1127
184.452 2562.2143000000005
185.496 2573.8762000000006
186.496 2586.3931000000007
187.628 2594.3445
188.628 2590.4779
189.629 2597.8851
190.665 2598.8299
191.689 2598.0014
192.689 2598.417
193.961 2590.2427000000002
195.068 2584.0026000000007
196.082 2586.9041
197.127 2583.6072
198.193 2582.3036
199.241 2579.2938999999997
200.242 2575.4031000000004
201.242 2566.5297
202.329 2556.6463
203.336 2549.4368
204.373 2538.0959
205.415 2523.7502
206.498 2509.1001
207.499 2495.5125
208.537 2476.1441
209.623 2459.0941
210.623 2441.5346999999997
211.623 2423.0678999999996
212.666 2405.9724999999994
213.729 2386.1093999999994
214.775 2365.995099999999
215.775 2356.2363999999993
216.821 2329.7987999999996
217.905 2315.1159999999995
218.905 2301.0937
219.944 2282.984
220.955 2272.7670000000003
221.955 2259.7441
222.955 2249.2007
223.956 2240.4647
225.081 2236.532
226.105 2229.6078
227.13 2221.6036000000004
228.163 2216.6194000000005
229.204 2213.5894000000003
230.301 2208.8378000000007
231.408 2205.2849000000006
232.409 2207.3559
233.5 2203.9976000000006
234.5 2204.3015000000005
235.53 2206.6535000000003
236.562 2205.9661
237.634 2200.7065
238.657 2208.7092999999995
239.792 2207.135399999999
240.864 2208.0202999999997
241.916 2211.5633000000003
242.916 2209.8795
243.939 2209.5308
244.982 2214.4792
246.029 2214.7961
247.113 2217.43
248.218 2223.644
249.29 2220.5376
250.328 2221.8331000000003
251.329 2223.2121000000006
252.33 2225.3479000000007
253.375 2228.9319000000005
254.479 2234.2511000000004
255.487 2232.9453000000003
256.497 2242.2321
257.641 2248.3304999999996
258.694 2254.5853
259.782 2262.7073000000005
260.871 2269.2677000000003
261.954 2277.2018000000003
263.061 2283.7098999999994
264.134 2290.510399999999
265.184 2295.6297999999997
266.185 2302.4533999999994
267.217 2303.2585
268.274 2312.2389000000007
269.274 2315.7957000000006
270.391 2319.8079
271.391 2325.8527
272.463 2327.2708
273.464 2330.9918999999995
274.498 2330.5246999999995
275.498 2330.0013000000004
276.599 2331.3257000000003
277.644 2331.0651
278.68 2329.1353999999997
279.749 2326.0346
280.818 2318.0704
281.835 2310.9592000000002
282.925 2302.9188999999997
284.023 2293.0116999999996
285.132 2282.8933
286.154 2272.4815999999996
287.185 2258.8885999999993
288.264 2244.9506
289.318 2235.8318
290.414 2224.1319000000003
291.677 2210.4624000000003
292.88 2195.5146999999997
293.97 2197.1366
295.007 2187.0095999999994
296.071 2185.1128
297.071 2181.7404
