statrtup 0.121357 182819 182819 61 0
statrtup 0.123684 528393 528393 63 0
statrtup 0.127216 834305 834305 67 0
statrtup 0.131869 1092309 1092309 71 0
statrtup 0.136522 1318899 1318899 76 0
statrtup 0.182588 1828197 1828197 122 0
statrtup 0.186789 1710864 1828197 63 0
statrtup 0.191442 1657669 1828197 64 0
statrtup 0.198421 1516240 1828197 67 0
statrtup 0.2054 1434639 1828197 69 0
statrtup 0.213543 1721567 1828197 73 0
statrtup 0.222848 1816362 1828197 78 0
statrtup 0.229828 1920570 1920570 81 0
statrtup 0.239133 1964698 1964698 87 0
statrtup 0.268213 2354439 2354439 111 0
statrtup 0.27054 2407152 2407152 86 0
statrtup 0.277519 2468874 2468874 89 0
statrtup 0.289151 2292526 2468874 96 0
statrtup 0.291477 2407152 2468874 94 0
statrtup 0.303109 2353660 2468874 102 0
statrtup 0.310088 2353660 2468874 105 0
statrtup 0.317068 2407152 2468874 108 0
statrtup 0.32172 2484802 2484802 107 0
statrtup 0.335679 2384227 2484802 117 0
statrtup 0.340332 2478652 2484802 118 0
statrtup 0.349637 2473404 2484802 123 0
statrtup 0.35429 2519636 2519636 124 0
statrtup 0.368248 2427380 2519636 134 0
statrtup 0.371738 2533844 2533844 132 0
statrtup 0.417103 2256705 2533844 174 0
statrtup 0.421756 2221987 2533844 152 0
statrtup 0.434551 2185216 2533844 161 0
statrtup 0.439204 2216658 2533844 163 0
statrtup 0.451999 2182485 2533844 172 0
statrtup 0.456652 2250844 2533844 174 0
statrtup 0.47061 2221987 2533844 184 0
statrtup 0.472936 2221987 2533844 182 0
statrtup 0.484568 2204139 2533844 191 0
statrtup 0.4962 2204139 2533844 199 0
statrtup 0.507832 2152277 2533844 203 0
statrtup 0.519464 2102800 2533844 208 0
statrtup 0.524117 2102800 2533844 206 0
statrtup 0.533423 2116178 2533844 210 0
statrtup 0.55436 2048640 2533844 228 0
statrtup 0.559013 2048640 2533844 222 0
statrtup 0.575298 1985280 2533844 234 0
statrtup 0.579951 1985280 2533844 228 0
statrtup 0.603215 1906655 2533844 248 0
statrtup 0.607868 1897263 2533844 238 0
statrtup 0.678823 1711753 2533844 305 0
statrtup 0.683476 1711753 2533844 265 0
statrtup 0.707903 1638912 2533844 284 0
statrtup 0.711392 1645916 2533844 275 0
statrtup 0.730004 1611482 2533844 290 0
statrtup 0.734656 1611482 2533844 281 0
statrtup 0.747458 1577760 2533844 281 0
statrtup 0.748621 1611445 2533844 281 0
statrtup 0.749784 1577760 2533844 281 1400
statrtup 0.754437 1591468 2533844 281 0
statrtup 0.76258 1571158 2533844 281 0
statrtup 0.763743 1604730 2533844 281 0
statrtup 0.774212 1571158 2533844 281 0
statrtup 0.775375 1604730 2533844 281 0
statrtup 0.785844 1571158 2533844 281 0
statrtup 0.797482 1530836 2533844 281 0
statrtup 0.799809 1558084 2533844 281 0
statrtup 0.802135 1530836 2533844 281 1400
statrtup 0.804461 1558084 2533844 281 0
statrtup 0.810277 1537268 2533844 281 0
statrtup 0.812604 1564576 2533844 281 0
statrtup 0.832378 1530836 2533844 281 0
statrtup 0.834705 1558084 2533844 281 0
statrtup 0.837031 1530836 2533844 281 0
statrtup 0.839357 1558084 2533844 281 0
statrtup 0.853316 1530836 2533844 281 0
statrtup 0.855642 1558084 2533844 281 0
statrtup 0.857969 1530836 2533844 281 0
statrtup 0.881239 1490516 2533844 281 0
statrtup 0.883566 1518098 2533844 281 0
statrtup 0.885892 1490516 2533844 281 1400
statrtup 0.887055 1524423 2533844 281 0
statrtup 0.954521 1503094 2533844 281 0
statrtup 0.956847 1530800 2533844 281 0
statrtup 0.960337 1496778 2533844 281 0
statrtup 0.962663 1524423 2533844 281 0
statrtup 0.985927 1490516 2533844 281 0
statrtup 0.98709 1524423 2533844 281 0
statrtup 0.989417 1490516 2533844 281 0
statrtup 0.991743 1518098 2533844 281 0
statrtup 1.0057 1490621 2533844 281 0
statrtup 1.00803 1530800 2533844 281 0
statrtup 1.01035 1490621 2533844 281 0
statrtup 1.01268 1530800 2533844 281 0
statrtup 1.02199 1537304 2533844 281 0
statrtup 1.02315 1528759 2533844 281 0
drain 1.02431 1541585 2533844 281 1400
drain 1.0278 1516035 2533844 281 0
drain 1.03129 1530872 2533844 281 0
drain 1.03245 1522398 2533844 281 0
drain 1.03361 1530872 2533844 281 0
drain 1.03478 1522398 2533844 281 0
drain 1.03826 1530872 2533844 281 0
drain 1.0499 1530836 2533844 281 0
drain 1.05222 1518133 2533844 281 0
drain 1.05454 1530836 2533844 281 1400
drain 1.05687 1518133 2533844 281 0
drain 1.06269 1537268 2533844 281 0
drain 1.06501 1524458 2533844 281 0
drain 1.08479 1530836 2533844 281 0
drain 1.08711 1518133 2533844 281 0
drain 1.08944 1530836 2533844 281 0
drain 1.09177 1518133 2533844 281 0
drain 1.10456 1530836 2533844 281 0
drain 1.10689 1518133 2533844 281 0
drain 1.10921 1530836 2533844 281 0
drain 1.1255 1530800 2533844 281 0
drain 1.12782 1518098 2533844 281 0
drain 1.13014 1530800 2533844 281 1400
drain 1.19296 1543718 2533844 305 0
drain 1.19877 1537232 2533844 242 0
drain 1.22436 1530800 2533844 262 0
drain 1.22785 1530800 2533844 240 0
drain 1.27205 1543718 2533844 281 0
drain 1.27671 1543718 2533844 268 0
drain 1.28834 1550295 2533844 276 0
drain 1.29067 1545966 2533844 267 0
drain 1.3116 1412266 2533844 274 0
drain 1.32556 1272719 2533844 262 0
drain 1.34999 1192350 2533844 260 0
drain 1.36627 1144895 2533844 251 0
drain 1.38837 1127675 2533844 247 0
drain 1.41513 1100412 2533844 249 0
drain 1.43025 1188190 2533844 238 0
drain 1.45119 1111844 2533844 233 0
drain 1.50818 1038771 2533844 264 0
drain 1.53029 986976 2533844 261 0
drain 1.55471 910903 2533844 259 0
drain 1.57914 869499 2533844 258 0
drain 1.60589 869499 2533844 258 0
drain 1.63265 840926 2533844 260 0
drain 1.6594 826490 2533844 261 0
drain 1.68732 784230 2533844 263 0
drain 1.71756 756834 2533844 267 0
drain 1.75013 749308 2533844 275 0
drain 1.7827 790453 2533844 281 0
drain 1.81178 795752 2533844 284 0
drain 1.84086 782813 2533844 287 0
drain 1.86994 770288 2533844 291 0
drain 1.89669 770288 2533844 292 0
drain 1.92228 773382 2533844 292 0
drain 1.94672 740645 2533844 292 0
drain 1.95835 749291 2533844 292 0
drain 1.97231 746691 2533844 292 1400
drain 1.9851 752218 2533844 292 0
drain 1.99906 755947 2533844 292 0
drain 2.01302 758141 2533844 292 0
drain 2.02581 763005 2533844 292 0
drain 2.03861 756086 2533844 292 0
drain 2.05024 783707 2533844 292 0
drain 2.06304 799036 2533844 292 0
drain 2.07583 802366 2533844 292 0
drain 2.10143 773347 2533844 292 0
drain 2.11539 774682 2533844 292 0
drain 2.12818 779609 2533844 292 1400
drain 2.14098 783690 2533844 292 0
drain 2.15028 790453 2533844 292 0
drain 2.15959 812014 2533844 292 0
drain 2.17006 790453 2533844 292 0
drain 2.1782 829976 2533844 292 0
drain 2.18751 790453 2533844 292 0
drain 2.19798 829976 2533844 292 0
drain 2.21077 829976 2533844 292 0
drain 2.22706 793890 2533844 292 0
drain 2.23403 847826 2533844 292 1400
drain 2.24799 810446 2533844 292 0
drain 2.26078 844806 2533844 292 0
drain 2.2759 804473 2533844 292 0
drain 2.28521 770525 2533844 292 0
drain 2.29335 841550 2533844 292 0
drain 2.30382 804473 2533844 292 0
drain 2.30731 841550 2533844 292 0
drain 2.3108 804473 2533844 292 0
drain 2.32243 846874 2533844 292 0
drain 2.33639 806347 2533844 292 0
drain 2.35034 843601 2533844 292 1400
drain 2.37709 843601 2533844 236 0
drain 2.40152 803430 2533844 235 0
drain 2.42479 803430 2533844 232 0
drain 2.45154 842347 2533844 233 0
drain 2.47597 823602 2533844 231 0
drain 2.50156 830180 2533844 232 0
drain 2.52366 826030 2533844 228 0
drain 2.56088 845462 2533844 239 0
drain 2.58647 853768 2533844 239 0
drain 2.61671 841334 2533844 243 0
drain 2.64579 825309 2533844 247 0
drain 2.67138 817523 2533844 247 0
drain 2.69697 821398 2533844 246 0
drain 2.71559 841334 2533844 239 0
drain 2.73536 862263 2533844 234 0
drain 2.76328 841334 2533844 236 0
drain 2.79003 869499 2533844 237 0
drain 2.81329 869499 2533844 234 0
drain 2.84121 869499 2533844 237 0
drain 2.87145 879325 2533844 241 0
drain 2.9017 875328 2533844 245 0
drain 2.92845 871367 2533844 246 0
drain 2.9459 823735 2533844 238 0
drain 2.97149 823735 2533844 238 0
drain 2.99824 823735 2533844 239 0
drain 3.02267 866574 2533844 237 0
drain 3.04942 853768 2533844 239 0
drain 3.07734 853768 2533844 241 0
drain 3.10526 782549 2533844 243 0
drain 3.13434 852089 2533844 246 0
drain 3.16109 863552 2533844 247 0
drain 3.18668 837270 1550295 247 0
drain 3.21227 837270 1550295 247 0
drain 3.23903 837270 1550295 248 0
drain 3.26345 837270 1550295 246 0
drain 3.29137 833245 1550295 249 0
drain 3.3158 845438 1550295 247 0
drain 3.34139 853768 1550295 247 0
drain 3.37047 844614 1550295 250 0
drain 3.39373 828094 1550295 248 0
drain 3.41932 867442 1550295 248 0
drain 3.45189 839896 1550295 254 0
drain 3.49377 791392 1550295 254 0
drain 3.53448 725635 1550295 253 0
drain 3.57635 660104 1550295 253 0
drain 3.62172 560712 1550295 256 0
drain 3.65778 522255 1550295 250 0
drain 3.69965 531990 1550295 249 0
drain 3.74269 491067 1550295 250 0
drain 3.7834 531990 1550295 249 0
drain 3.82412 531990 1550295 248 0
drain 3.86948 531990 1550295 251 0
drain 3.91136 530015 1550295 251 0
drain 3.95439 527595 879325 252 0
drain 3.99511 532457 879325 251 0
drain 4.03814 527595 879325 252 0
drain 4.08467 515818 879325 256 0
drain 4.12887 518131 879325 257 0
drain 4.16959 520465 879325 256 0
drain 4.22658 493774 879325 271 0
drain 4.30103 400318 879325 272 0
drain 4.37315 332097 879325 270 0
drain 4.44875 320953 879325 270 0
drain 4.52087 301744 879325 268 0
drain 4.59764 302074 879325 271 0
drain 4.67093 300894 879325 270 0
drain 4.74421 301744 879325 270 0
drain 4.81981 299723 879325 270 0
drain 4.89542 300894 879325 272 0
drain 4.96638 301744 879325 269 0
drain 5.04431 298561 879325 273 0
drain 5.11643 301744 879325 270 0
drain 5.18855 301744 879325 268 0
drain 5.26299 301744 879325 268 0
drain 5.33977 301744 879325 271 0
drain 5.41188 301744 879325 268 0
drain 5.48517 301744 879325 268 0
drain 5.5631 298561 879325 272 0
drain 5.63405 301744 879325 269 0
drain 5.71199 298561 867442 271 0
drain 5.78294 300894 867442 268 0
drain 5.85739 301744 867442 269 0
drain 5.93067 301744 867442 268 0
drain 6.00628 301744 867442 270 0
drain 6.07956 300714 867442 267 0
drain 6.15284 299691 867442 265 0
drain 6.22496 298675 867442 262 0
drain 6.30289 297666 532457 265 0
drain 6.38083 297408 532457 267 0
probe_bw 6.45178 255142 0 263 0
