1.06372	2166.3
2.06454	873.6
3.06858	858.964
4.10377	541.062
5.10594	301.796
6.1132	300.297
7.12411	499.009
8.14773	711.632
9.15366	780.099
10.1624	1200
11.1658	1529.81
12.1677	1745.45
13.1739	1926.04
14.1766	1933.73
15.1804	1898.31
16.1841	1909.47
17.1899	1816.52
18.1945	1807.17
19.1981	1619.14
20.202	2289.13
21.2023	2262.4
22.2025	2116.8
23.2042	2092.31
24.2073	2177.47
25.2119	2342.63
26.2148	2101.4
27.2183	2322.63
28.2199	2696.5
29.2226	2883.83
30.2253	2682.63
31.2266	2707.69
32.2283	2875.52
33.2303	2805.59
34.2321	3088.11
35.2375	3075.82
36.2413	3506.28
37.2439	3588.02
38.246	3398
39.247	3356.64
40.252	3566.17
41.2536	3020.98
42.2562	3420.36
43.2588	2861.48
44.2588	3203.2
45.2603	3132.87
46.2616	3065.73
47.2619	3035.2
48.2621	3046.4
49.2645	2950.9
50.2675	3062.67
51.2698	2760.88
52.2714	3065.73
53.2744	2928.54
54.2768	2861.48
55.2783	2864.33
56.2795	2875.52
57.283	2769.29
58.2863	2802.79
59.2888	2839.12
60.2899	3334.26
61.292	3330.94
62.2982	3095.03
63.2986	3124.8
64.3047	3351.09
65.3048	2688
66.3049	3068.8
67.3081	3830.11
68.312	3215.95
69.3134	3591.61
70.3161	3632.73
71.3168	3740.8
72.3168	3696
73.3195	3688.62
74.3501	2968.54
75.5667	755.263
76.5758	255.302
77.5832	367.03
78.5923	543.904
79.6124	636.862
80.6192	656.858
81.6202	671.328
82.6279	934.26
83.6522	1432.81
84.6545	1967.27
85.6575	2034.33
86.6602	2134.93
87.6609	2251.2
88.6628	2137.06
89.6628	2228.8
90.664	2383.22
91.6671	2434.3
92.669	2539.86
93.6694	2587.2
94.6727	3964.11
95.6731	3908.8
96.6745	3960.84
97.676	4173.43
98.6764	4345.6
99.6781	4565.03
100.679	4390.4
101.679	4793.6
102.68	4704
103.682	4520.28
104.683	4732.87
105.685	4620.98
106.687	4582.83
107.689	4598.6
108.69	4654.54
109.692	4699.3
110.692	4771.2
111.692	4289.6
112.694	4822.38
113.696	4721.68
114.697	4558.4
115.697	4838.4
116.7	4734.6
117.701	4643.36
118.703	4699.3
119.704	4721.68
120.706	4788.81
121.709	4846.26
122.713	4656.43
123.714	4923.08
124.718	4890.93
125.718	4188.8
126.72	4833.57
127.72	4804.8
128.721	4788.81
129.723	4744.06
130.725	4721.68
131.728	4795.21
132.73	4895.81
133.734	4142.77
134.735	4916.8
135.736	4766.43
136.737	4419.58
137.739	5191.61
138.74	4833.57
139.741	4737.6
140.742	4744.06
141.746	4723.43
142.747	4793.6
143.748	4911.89
144.751	4325.75
145.752	4923.08
146.753	4849.6
147.753	4278.4
148.934	683.389
149.939	1058.71
150.941	2559.68
151.943	2962.07
152.948	3458.17
153.948	3964.8
154.951	4426.35
155.952	5549.65
156.953	4838.4
157.953	6204.8
158.954	5902.4
159.954	5969.6
160.955	5896.5
161.956	5936
162.957	5102.1
163.957	6272
164.958	5958.4
165.959	5885.31
166.961	5527.27
167.961	5992
168.964	5879.44
169.965	5818.18
170.966	6619.2
171.967	6220.98
172.967	5924.8
173.969	4598.6
174.97	5538.46
175.971	5700.8
176.971	4905.6
177.974	5667.06
178.974	5510.4
179.974	5364.8
180.976	5303.5
181.977	5331.2
182.979	5398.8
183.981	5516.08
185.067	1124.12
186.071	468.993
187.074	3115.45
188.074	3595.2
189.075	4132.8
190.075	4670.4
191.079	5103.09
192.079	4547.2
193.08	5208
194.08	5241.6
195.081	4408.39
196.082	5241.6
197.084	5186.43
198.086	5113.29
199.087	5102.1
200.089	5146.85
201.09	5169.23
202.091	5174.4
203.092	4625.6
204.092	5208
205.093	5174.4
206.094	5225.17
207.095	6283.2
208.098	5633.53
209.099	5521.6
210.1	5605.59
211.101	5868.8
212.102	7011.2
213.103	5941.26
214.104	6809.6
215.105	6802.8
216.106	6847.55
217.107	6854.4
218.179	5025.37
219.179	6798.4
220.181	5583.22
221.182	6153.85
222.183	5862.94
223.184	5633.6
224.185	5488
225.186	5499.2
226.187	5594.4
227.188	5616.78
228.383	2174.39
229.386	368.862
230.386	4480
231.388	5090.91
232.389	5527.27
233.39	5202.8
234.391	5678.4
235.392	5627.97
236.393	4151.05
237.393	4928
238.395	5057.34
239.396	5057.34
240.397	4883.2
241.397	5174.4
242.399	5728.67
243.4	4744.06
244.401	5622.4
245.403	5560.84
246.403	5611.2
247.404	5633.6
248.405	5639.16
249.406	5583.22
250.414	4537.83
251.416	4855.94
252.416	4513.6
253.417	4670.4
254.42	4448.7
255.42	4312
256.421	4211.2
257.422	4195.8
258.424	4341.26
259.425	4020.8
260.425	4480
261.425	4536
262.426	3908.8
263.603	618.521
264.605	850.349
265.606	1969.23
266.607	2441.6
267.608	3020.98
268.609	3505.6
269.611	3938.46
270.613	4251.75
271.613	6955.2
272.613	9576
273.615	7250.35
274.616	6444.75
275.618	5907.69
276.619	5415.38
277.622	4985.23
279	2292.02
280.009	211.111
281.009	3046.4
282.01	4424
283.01	4692.8
284.01	4838.4
285.013	4784.03
286.014	5443.2
287.014	5499.2
288.015	5252.8
289.015	5196.8
290.016	5264
291.018	5007.58
292.019	8724.8
293.019	9542.4
294.02	7358.4
295.02	6115.2
296.022	5169.23
