1.06037	4905.6
2.09329	4666.67
3.11456	4420.76
4.11492	4950.4
5.11643	5202.8
6.17029	4786.32
7.17064	5488
8.24893	4945.45
9.25161	5152.89
10.2706	4884.87
11.2721	5549.65
12.2748	4672.25
13.3007	4086.63
14.3022	5068.53
15.3026	4592
16.3053	4403.99
17.3056	4211.2
18.3246	4048.72
19.3272	4012.77
20.3276	4054.4
21.3361	4100
22.4318	3886.76
23.445	3626.46
24.5256	3204.44
25.5259	3113.6
26.5531	3020.84
27.5557	2895.01
28.5584	2962.07
29.5588	2307.2
30.6801	2397.86
31.6816	2327.27
32.7366	2707.11
33.773	2162.16
34.835	2109.23
35.8842	1804.39
36.8846	2027.2
37.8896	1638.21
38.8958	1848.11
39.8961	1377.6
40.9023	1647.71
41.9026	1243.2
43.0019	1915.92
44.0057	1697.31
45.07	1431.58
46.2251	1561.21
47.2254	1814.4
48.256	1685.44
49.2575	1834.96
50.2579	2016
51.3339	2073.3
52.3412	2313.41
53.3427	3479.72
54.3431	1814.4
55.3492	1703.38
56.4566	1760.43
57.4639	1768.42
58.4654	1521.68
59.6345	1580.84
60.6953	1542.64
61.6956	1635.2
62.7181	1293.15
63.8569	2076.62
64.8572	1601.6
65.9739	1605.73
67.1022	1697.87
68.2189	1906.81
69.2192	2340.8
70.2591	2209.82
71.3432	1983.76
72.3436	2027.2
73.3451	1689.51
74.5025	1955.4
75.504	1913.29
76.5043	1500.8
77.5489	1459
78.5527	1641.47
79.5554	1654.29
80.5558	1668.8
81.5922	1383.78
82.596	1418.15
83.6545	1206.81
84.741	2372.01
85.8367	1626.3
86.894	1695.36
87.9374	1728.86
88.9785	1936.6
90.1103	2307.34
91.1444	2794.58
92.1447	2811.2
93.1474	2995.61
94.2164	3219.48
95.2167	3830.4
96.2171	2755.2
97.2175	2811.2
98.2178	2553.6
99.2205	2425.55
100.225	2161.99
101.229	2478.96
102.287	1748.34
103.289	2101.4
104.336	1820.27
105.337	2296
106.365	2168.09
107.425	1956.56
108.425	2195.2
109.426	2293.71
110.541	2211.85
111.55	2652.92
112.615	2810.53
113.617	2906.19
114.65	2745.74
115.694	2845.64
116.698	3405.78
117.754	2524.24
118.877	2363.67
119.881	2612.96
120.885	2691.13
121.945	2559.4
122.949	2367.3
123.954	2596.62
124.956	2079.04
125.957	2284.8
127.034	3150.97
128.04	2226.64
129.04	2374.4
130.041	2464
131.044	2523.63
132.108	2307.43
133.109	2439.16
134.177	2550.7
135.178	2506.29
136.182	2311.47
137.243	3233.21
138.325	2320.81
139.337	2503.66
140.362	2679.69
141.399	2538.09
142.425	2491.32
143.469	2609.4
144.475	2427.04
145.483	2266.67
146.489	1992.84
147.493	3472.78
148.495	2618.18
149.499	2612.96
150.55	2557.56
151.554	2836.29
152.554	3001.6
153.556	2640.56
154.559	2839.12
155.56	2909.09
156.6	3072.18
157.601	3390.21
158.646	3561.69
159.686	3029.07
160.689	2514.97
161.73	2592.89
162.732	2492.61
163.736	2579.46
164.849	1841.51
165.852	2269.06
166.864	1639.56
167.925	1827.92
168.93	2496.32
169.931	1812.59
171.092	1486.9
172.182	1563.27
173.184	1678.32
174.197	3239.49
175.201	1797.81
176.215	1745.17
177.242	1755.79
178.304	1803.39
179.389	3220.65
180.454	2052.63
181.515	1827.92
182.65	1904.49
183.687	1738.86
184.712	1476.56
185.752	1207.31
186.819	1250.28
187.821	1386.03
188.825	1150.15
189.855	2002.72
190.89	1623.19
191.891	1924.47
192.893	1946.85
193.956	1770.08
194.956	2284.8
196.007	2336
197.021	2849.7
198.024	3196.81
199.025	3412.59
200.028	4079.84
201.098	2428.41
202.099	3292.8
203.1	2786.01
204.189	2408.82
205.246	2458.28
206.248	2237.76
207.256	1677.78
208.283	1614.02
209.331	1164.89
210.405	1033.36
211.406	1960
212.407	1823.78
213.412	1805.37
214.443	1750.68
215.498	2186.92
216.499	2730.07
217.523	3153.08
218.606	3871.35
219.666	4209.25
220.668	4571.66
221.669	4625.6
222.669	4256
223.671	4386.01
224.673	3778.04
225.731	3274.17
226.732	3692.31
227.746	3181.06
228.754	3559.09
229.838	3306.27
230.838	3203.2
231.841	3051.5
232.958	2308.24
233.992	2274.66
234.992	2105.6
236.064	3092.54
237.066	2416.78
238.101	1991.11
239.181	2210.94
240.182	2193.01
241.184	2215.38
242.203	2442.44
243.284	2403.7
244.331	1980.88
245.4	2118.35
246.412	2747.38
247.518	2288.61
248.52	2170.63
249.523	2213.17
250.654	2119.19
251.656	2629.37
252.682	2808.2
253.738	3425.76
254.742	3573.28
255.742	3494.4
256.789	3801.15
257.824	3798.26
258.862	3272.52
259.94	2888.31
260.943	2984.43
261.944	2696.5
262.947	2514.97
263.948	2452.8
264.957	2053.52
265.959	2875.52
266.959	1792
268.029	3140.19
269.071	2525.91
270.123	2674.78
271.157	2707.93
272.169	2780.61
273.247	2846.75
274.25	3319.76
275.25	3080
276.252	3054.54
277.252	3147.2
278.39	3526.47
279.392	3096.21
280.394	2976.22
281.454	2347.88
282.456	2973.25
283.46	2512.46
284.463	2246.71
285.499	2205.41
286.561	2351.79
287.564	1978.44
288.592	3017.9
289.646	2042.17
290.694	2051.91
291.733	2114.84
292.82	2256.49
293.823	2112.57
294.835	2104.85
295.839	2121.64
296.843	2088.14
297.845	1877.84
298.892	2655.45
299.897	2485.17
300.898	2027.2
301.922	1651.56
302.962	2199.04
304.043	2105.19
305.047	2177.47
306.051	1909.47
307.066	1666.21
308.111	1866.67
309.111	2195.2
310.239	2422.7
311.272	1986.05
312.285	1558.93
313.34	1295.17
314.411	1413.08
315.523	1319.42
316.529	1469.58
317.564	1092.95
318.602	961.234
319.602	1198.4
320.643	1613.83
321.689	1114.64
322.772	1159.33
323.779	1579.34
324.779	1635.2
325.787	2001.99
326.808	1579.63
327.81	1868.53
328.81	1624
329.81	1276.8
330.883	2194.03
331.895	1905.44
333.011	1665.95
334.013	2058.74
335.054	1764.46
336.058	2356.13
337.059	2685.31
338.063	2635.29
339.07	2713.8
340.073	2984.43
341.073	3651.2
342.076	2593.21
343.093	2689.76
344.179	2237.94
345.231	2408.37
346.233	2034.33
347.241	1946.38
348.245	1730.81
349.248	1719.64
350.251	1833.13
351.255	2478.96
352.263	2188.89
353.302	2416.96
354.348	2572.25
355.348	2732.8
356.388	2716.46
357.405	2998.43
358.406	3222.38
359.423	3527.56
360.423	3393.6
361.424	3696
362.425	3434.97
363.448	3057.53
364.462	3203.16
365.491	2731.97
366.492	3225.6
367.496	3048.45
368.497	2427.97
369.572	2565.36
370.607	2369.85
371.644	2540.54
372.661	1982.3
373.722	1838.49
374.725	1631.94
375.725	1657.6
376.743	2731.17
377.743	1769.6
378.745	2081.12
379.773	1993.77
380.776	2514.97
381.824	3045.8
382.829	2730.35
383.847	3017.5
384.849	3152.09
385.851	2841.96
386.861	3873.93
387.877	2755.91
388.878	2464
389.936	2561.81
390.971	2164.25
391.996	2264.06
393.003	1890.76
394.005	2125.87
395.026	1842.9
396.029	1844.31
397.03	2215.38
398.031	2553.6
399.043	1905.44
400.044	2036.36
