1.06669	2137.57
2.07	1306.48
3.07618	1703.38
4.08219	1569.78
5.10247	1438.43
6.12027	1255.46
7.12124	1164.8
8.1454	1115.62
9.15157	957.455
10.1601	833.333
11.1669	723.658
12.1717	1126.69
13.1768	1103.28
14.1849	1211.11
15.1917	1369.38
16.193	1465.73
17.1954	1643.11
18.1966	1700.7
19.1997	1976.47
20.2017	2260.14
21.2268	1180.1
22.2303	2501.3
23.2316	2539.86
24.2343	2727.34
25.2351	2811.2
26.2376	3017.96
27.2389	3032.17
28.241	3252.69
29.2418	3326.4
30.2419	3684.8
31.2432	3826.57
32.2436	2217.6
33.2465	3901
34.2481	3804.2
35.2549	3707.35
36.2563	3871.33
37.258	3960.84
38.2587	4054.4
39.2599	4229.37
40.2601	4065.6
41.2614	4397.2
42.3098	2458.01
43.3124	4135.73
44.3139	3602.8
45.3158	3546.85
46.317	3345.45
47.3186	3032.17
48.3212	2783.23
49.3219	2721.6
50.3253	2423.13
51.326	2352
52.5401	1743.66
53.5434	1697.31
54.5465	2322.63
55.5507	2409.56
56.5538	2557.13
57.5539	2755.2
58.5551	2618.18
59.5561	2900.8
60.5579	3032.17
61.5597	3233.57
62.5657	3321
63.5664	2094.4
64.5677	3233.57
65.5702	2883.83
66.5717	2920.28
67.5733	2674.12
68.5777	2543.43
69.5781	2273.6
70.5794	2025.17
71.5805	1991.61
72.5826	2134.93
73.7336	1197.91
74.7366	2246.71
75.7405	2344.97
76.7415	2318.4
77.7448	2478.96
78.7487	2713.46
79.7515	2559.68
80.7518	2811.2
81.7546	2950.9
82.7564	3020.98
83.9721	2719.34
84.9731	2685.31
85.9741	2841.96
86.9755	2830.77
87.9758	2643.2
88.9808	2474.03
89.9823	2170.63
91.0409	1778.45
92.0412	1724.8
93.0462	1582.49
94.0489	1475.45
95.0509	849.5
96.0584	1824.03
97.0585	1825.6
98.0612	1933.73
99.0625	2204.2
100.063	2273.6
101.066	2411.96
102.068	2439.16
103.069	2618.18
104.071	2819.58
105.142	2415.69
106.142	2587.2
107.144	2606.99
108.146	2380.84
109.15	2356.13
110.153	2266.8
111.162	2100
112.168	1803.58
113.172	1965.3
114.178	1937.18
115.18	1933.73
116.184	1261.81
117.185	2262.4
118.186	2215.38
119.189	2356.13
120.192	2369.66
121.193	2508.8
122.193	2542.4
123.194	2777.6
124.196	2671.46
125.199	2760.88
126.287	1801.47
127.287	2990.4
128.292	2733.07
129.297	2721.91
130.298	2718.88
131.299	2595.8
132.302	2490.13
133.305	2559.68
134.308	2423.13
135.31	2749.7
136.536	2194.28
137.537	2184
138.54	2794.41
139.54	2990.4
140.541	2800
141.542	2953.85
142.542	3102.4
143.545	3230.34
144.545	3449.6
145.548	3543.31
146.551	3733.33
147.553	2213.17
148.554	3259.2
149.555	2755.2
150.558	2858.62
151.561	2693.81
152.563	2439.16
153.566	2123.75
154.569	2411.96
155.573	2132.8
156.578	2028.26
157.582	1373.48
158.584	1821.96
159.588	2021.14
160.588	2139.2
161.588	2240
162.59	2414.37
163.591	2396.8
164.595	2545.96
165.596	2741.26
166.597	2777.6
167.6	2947.96
168.603	1643.11
169.603	2833.6
170.604	2640.56
171.608	2478.96
172.61	2495.1
173.611	2934.4
174.613	3252.69
175.614	3065.73
176.615	3102.4
177.615	2990.4
178.669	1903.89
179.67	2710.4
180.671	2777.6
181.671	2699.2
182.674	2861.48
183.676	2853.15
184.679	2936.79
185.682	2973.25
186.684	2995.61
187.685	3121.68
188.687	3196.81
189.688	1890.91
190.691	2738.52
191.693	2548.5
192.695	2425.55
193.699	2298.01
194.699	2128
195.704	1907.57
196.705	1622.38
197.707	1318.96
198.737	1306.12
199.744	700.695
200.749	1292.74
201.751	1331.47
202.753	1386.03
203.758	1505.98
204.764	1693.93
205.766	1877.84
206.769	2190.82
207.771	2403.19
208.773	2749.7
209.775	3009.79
210.777	3386.83
211.779	2103.5
212.781	2830.77
213.781	2688
214.783	2606.99
215.785	2528.67
216.786	2128
217.786	1713.6
218.79	1316.33
219.793	905.389
220.864	900.186
221.873	543.904
222.879	1058.71
223.886	1190.07
224.892	1246.92
225.9	1434.76
226.901	1499.3
227.905	1619.14
228.906	1801.4
229.91	1963.35
230.915	2017.11
231.918	2056.69
232.92	2213.17
233.923	2324.95
234.924	2562.24
235.928	1294.02
236.929	2640.56
237.933	2465.34
238.939	2396.02
239.939	2385.6
240.943	2624.13
241.945	2506.29
242.945	2587.2
243.948	2545.96
244.952	2735.79
246.075	2216.04
247.08	2318.01
248.084	2545.96
249.086	2548.5
250.089	2490.13
251.093	2443.03
252.095	2246.71
253.097	2114.69
254.098	2217.6
255.099	2329.6
256.101	2202
257.105	1161.32
258.109	2356.13
259.111	2291.42
260.115	2400.8
261.116	2573.43
262.117	2609.6
263.119	2794.41
264.12	2777.6
265.228	2225.83
266.229	2528.67
267.231	1801.4
268.235	2512.46
269.237	2369.66
270.241	2342.63
271.244	2291.42
272.247	2324.95
273.248	2114.69
274.252	1985.66
275.27	1640.9
276.274	1751.39
277.28	1571.34
278.281	1029.37
279.287	1738.51
280.29	1909.47
281.29	1814.4
282.29	2016
283.294	2186.45
284.296	2204.2
285.3	2445.46
286.302	2403.19
287.303	2528.67
288.304	1556.8
289.304	2844.8
290.306	2559.68
291.309	2579.46
292.31	2520
293.313	2459.08
294.317	2666.14
295.32	2526.15
296.321	2752.45
297.324	2746.96
298.517	2123.49
299.517	2228.8
300.519	2593.21
301.522	2459.08
302.524	2472.73
303.524	2408
304.525	2452.8
305.527	2649.1
306.528	2573.43
307.529	2576
308.532	2526.15
309.534	1307.78
310.535	2562.24
311.538	2537.32
312.541	2626.75
313.543	2637.92
314.544	2606.99
315.545	2721.6
316.548	2749.7
317.548	2676.8
318.55	2749.7
319.652	1892.1
320.655	2467.8
321.658	2548.5
322.662	2389.63
323.666	2443.03
324.666	2284.8
325.67	2478.96
326.674	2445.46
327.674	2497.6
328.675	2542.4
329.676	2416.78
330.679	1609.58
331.681	2336.13
332.686	2152.99
333.686	2139.2
334.69	2032.3
335.694	1963.35
336.695	1814.4
337.701	1558.65
338.704	1643.11
339.71	1660.5
340.713	860.678
341.719	1805.37
342.719	1915.2
343.722	2090.22
344.726	2253.39
345.729	2425.55
346.732	2691.13
347.733	2777.6
348.736	3048.45
349.738	2895.01
350.88	2540.1
351.883	2537.32
352.883	2564.8
353.886	2501.3
354.888	2416.78
355.888	2396.8
356.892	2300.3
357.893	1958.04
358.903	1554.01
359.913	1287.61
360.917	1372.11
361.919	738.461
362.921	1497.8
363.927	1649.35
364.929	1823.78
365.932	1808.97
366.936	1918.72
367.937	2083.2
368.941	2197.61
369.943	2380.84
370.946	2512.46
371.946	2699.2
372.95	2657.63
373.95	2822.4
374.952	3020.98
375.989	2138.48
376.99	2841.96
377.991	2889.6
378.993	2886.71
379.993	2833.6
380.993	2632
381.997	2367.3
382.998	2595.8
384.003	2242.23
385.004	2181.82
386.008	2445.46
387.012	1272.98
388.014	2481.44
389.016	2573.43
390.019	2646.46
391.022	2895.01
392.023	2808.39
393.025	2998.6
394.028	3115.45
395.03	3188.81
396.033	3286.23
397.127	1905.95
398.13	3182.45
399.13	2979.2
400.133	2850.3
