1.11755	1903.78
2.1528	1244.44
3.15315	1713.6
4.1535	1433.6
5.15502	1376.22
6.16118	1280.32
7.1627	1130.07
8.16305	1131.2
9.31811	950.303
10.3243	1391.65
11.3258	1208.39
12.3354	1209.91
13.3498	1181.85
14.3559	1135.59
15.3633	1145.58
16.3659	1285.43
17.3663	1646.4
18.3748	2366.67
19.6252	1935.36
20.6465	87.757
21.6492	748.902
22.6542	1047.56
23.6639	1298.71
24.6654	1443.36
25.7565	1868.38
26.7603	1954.14
27.8235	2022.95
28.8273	1831.31
29.8277	1904
30.8315	1887.14
31.833	1857.34
32.8368	1842.47
33.8372	1780.8
34.8422	1894.53
35.8472	1883.38
36.8499	1743.71
37.8537	1954.14
38.8564	2023.15
39.8579	1980.42
40.8641	1892.64
41.8644	1825.6
42.8683	1775.47
43.8721	1741.97
44.8771	1749.65
45.8821	1693.93
46.8837	1711.89
47.8898	1781.31
48.8913	1756.64
49.9091	1817.11
51.1096	1670.67
52.1122	2224.35
53.1138	2125.87
54.1153	2193.01
55.1156	2195.2
56.1206	2161.99
57.2827	2159.04
58.2865	2121.64
59.288	2159.44
60.2919	2054.64
61.2957	2155.13
62.2984	2280.24
63.3022	2289.13
64.3037	2282.52
65.3053	2517.48
66.3196	2043.39
67.3199	2486.4
68.3517	2389.91
69.352	2307.2
70.3547	2224.35
71.3574	2146.11
72.3612	2132.8
73.3639	2190.82
74.3677	2411.96
75.3704	3364.47
76.3719	3972.03
77.3735	3759.44
78.375	3938.46
79.3765	3893.71
80.3768	3897.6
81.3795	3878.64
82.3799	3808
83.3814	3625.17
84.3817	3236.8
85.3821	3382.4
86.3848	3286.23
87.3851	3808
88.3866	3625.17
89.3905	3606.78
90.3966	3629.42
91.397	3158.4
92.3973	3572.8
93.4	3565.67
94.4018	5426.57
95.4033	5739.86
96.4049	5706.29
97.4052	5622.4
98.4056	5454.4
99.4071	5337.06
100.47	4520.04
101.471	5644.8
102.473	5029.94
103.475	4822.38
104.475	5017.6
105.477	5023.78
106.478	5023.78
107.48	5046.15
108.48	5051.2
109.48	5017.6
110.483	4951.7
111.483	5129.6
112.484	5006.4
113.484	4928
114.484	4793.6
115.485	4894.4
116.485	4972.8
117.486	4916.8
118.486	4961.6
119.486	4950.4
120.487	4916.8
121.487	4916.8
122.488	4766.43
123.49	4833.57
124.491	4889.51
125.492	4894.4
126.492	5084.8
127.494	4844.75
128.495	4900.7
129.497	4911.89
130.497	4883.2
131.499	4911.89
132.5	4878.32
133.5	5073.6
134.501	5006.4
135.501	4916.8
136.502	4603.2
137.504	4895.81
138.506	4844.75
139.506	4894.4
140.506	4928
141.507	4939.2
142.507	4894.4
143.509	4855.94
144.511	4929.34
145.513	4934.27
146.513	4894.4
147.514	4905.6
148.514	7078.4
149.514	9475.2
150.516	7664.33
151.517	6970.63
152.518	6540.8
153.519	6041.96
154.519	5600
155.54	4018.82
156.716	4089.19
157.718	4918.16
158.721	3912.18
159.721	3819.2
160.722	3696
161.722	3718.4
162.722	3729.6
163.723	3908.8
164.723	3808
165.726	3845.11
166.726	3752
167.729	3811.58
168.731	3867.47
169.734	3878.64
170.734	3192
171.736	3323.08
172.739	3655.09
173.74	4632.17
174.741	4312
175.741	4043.2
176.747	4230.62
177.749	4151.05
178.749	4188.8
179.75	4240.56
180.751	4323.2
181.755	4343.77
182.755	4300.8
183.755	4267.2
184.756	5734.4
185.756	9542.4
186.758	7608.39
187.758	6350.4
188.758	5857.6
189.76	5325.87
190.762	4867.13
191.762	4793.6
192.763	4699.3
193.765	4542.66
194.809	4849.04
195.81	4513.6
196.81	4513.6
197.81	4524.8
198.811	4536
199.812	4497.9
200.813	4524.8
201.814	4565.03
202.815	4704
203.815	4625.6
204.818	4571.66
205.966	3473.17
206.967	4587.41
207.968	3998.4
208.968	4110.4
209.969	4095.1
211.066	3208.76
212.069	3610.38
213.072	3353.29
214.074	3062.67
215.076	2965.03
216.079	2861.48
217.08	2797.2
218.082	3065.73
219.083	4106.29
220.328	3142.12
221.332	4421.93
222.334	3912.18
223.335	4065.6
224.335	4121.6
225.336	4072.73
226.34	4120.44
227.343	4124.55
228.343	6451.2
229.344	9441.6
230.345	6131.47
231.345	4782.4
232.534	3450.5
233.535	5185.6
234.537	4124.55
235.538	4144
236.538	5230.4
237.54	4766.43
238.54	4625.6
239.541	4620.98
240.542	4760
241.543	4151.05
242.546	4236.33
243.547	4363.64
244.548	4379.2
245.548	4200
246.55	4083.92
247.552	4023.95
248.553	3998.4
249.553	4088
250.553	4569.6
251.555	5225.17
252.555	4849.6
253.556	5096
254.556	5264
255.559	5354.09
256.56	5448.95
257.561	5420.8
258.807	4485.39
259.809	6355.24
260.809	5241.6
261.81	5286.4
262.81	5544
263.81	9587.2
264.811	8657.6
265.811	7649.6
266.811	7168
267.812	6664
268.812	6182.4
269.814	5829.37
271.642	3449.45
272.651	266.666
273.652	2573.43
274.654	3244.75
275.654	3774.4
276.656	4229.37
277.657	4732.87
278.657	5521.6
279.658	9587.2
280.658	8534.4
281.659	5700.8
282.66	4878.32
283.662	4923.08
284.662	4950.4
285.675	4123.99
286.675	4480
287.678	4325.75
288.68	4486.71
289.682	4459.88
291.792	3057.44
292.793	156.8
293.795	1821.96
294.796	3460.8
295.797	3860.14
296.8	4158.08
297.8	8769.6
298.8	9632
299.801	9632
