1.1001 2471.4737100000007
2.20398 2498.23671
3.20898 2538.2315800000006
4.23376 2574.85948
5.27134 2615.31861
6.27285 2657.94481
7.28251 2700.68604
8.28286 2741.8989999999994
9.28554 2780.987
10.2894 2819.8198300000004
11.3316 2853.40923
12.332 2884.85483
13.3393 2913.7508299999995
14.3408 2942.89043
15.3435 2971.93313
16.3473 2999.97113
17.3675 3028.3163299999997
18.3678 3056.08323
19.3716 3085.53923
20.3743 3115.0010299999994
21.3758 3139.3511299999996
22.3774 3166.02933
23.3777 3193.04233
24.3792 3219.69833
25.3796 3243.0236300000006
26.3811 3269.29493
27.3814 3294.9644300000004
28.383 3319.82843
29.3845 3339.9682299999995
30.3848 3359.3724299999994
31.3898 3379.8212299999996
32.3913 3400.34003
33.3917 3418.46593
34.3967 3432.7572299999997
35.3971 3450.93353
36.3974 3468.2827300000004
37.3978 3483.1278300000004
38.3981 3495.62403
39.3985 3509.6886299999996
40.4011 3522.9046299999995
41.4027 3534.9586299999996
42.638 3550.6230299999997
43.643 3572.7396299999996
44.6468 3581.95533
45.6495 3597.3931300000004
46.6498 3614.03063
47.656 3616.16323
48.789 3587.5530400000002
49.7928 3584.09524
50.7943 3574.34944
51.7958 3576.3318400000003
52.7985 3582.5975400000007
53.8 3594.2629400000005
54.8004 3612.38884
55.8031 3626.32204
56.8057 3665.6232400000004
57.8096 3694.68714
58.8099 3725.28844
59.8103 3755.8592399999998
60.8141 3786.03984
61.8203 3810.38284
62.823 3832.5843400000003
63.8245 3859.86224
64.8295 3886.2137399999997
65.831 3913.0246399999996
66.8337 3942.5630399999995
67.8364 3965.36834
68.8379 3987.2221400000003
69.8394 4018.5041400000005
70.8409 4045.75534
71.8413 4069.6471399999996
72.8416 4078.27114
73.8431 4094.1751400000003
75.1261 4114.370940000001
76.1335 4145.25464
77.1443 4200.41884
78.1621 4251.96768
79.1718 4300.98844
80.1803 4348.586090000001
81.1806 4395.0678100000005
82.181 4442.278310000001
83.1871 4488.368910000001
84.3236 4500.8151100000005
85.3262 4485.558970000001
86.3278 4493.745670000001
87.3293 4508.213470000001
88.3296 4524.81217
89.3311 4547.61567
90.3315 4574.74117
91.3342 4599.605170000001
92.3345 4624.804970000001
93.336 4651.521770000001
94.3367 4673.899470000001
95.337 4689.304270000001
96.3397 4701.461070000001
97.3401 4713.248570000001
98.3416 4724.28557
99.3419 4734.01977
100.343 4742.03277
101.345 4757.52377
102.346 4751.2088699999995
103.347 4755.622769999999
104.348 4758.48417
105.349 4764.80297
106.35 4779.973569999999
107.352 4790.65927
108.353 4799.83417
109.354 4809.120870000001
110.355 4820.599370000001
111.357 4841.970070000001
112.357 4853.606470000001
113.357 4872.5344700000005
114.358 4893.0757699999995
115.36 4912.899769999999
116.361 4932.93237
117.362 4945.81397
118.364 4952.693069999999
119.364 4951.614069999999
120.366 4976.70207
121.366 4986.82917
122.366 4995.22917
123.367 5002.11747
124.367 5009.34217
125.393 5016.62217
126.394 5027.64647
127.395 5001.394370000001
128.395 4957.37837
129.397 4948.754370000001
130.397 4949.922170000001
131.399 4944.78477
132.399 4963.24627
133.4 4970.69537
134.402 4975.726969999999
135.402 4976.12957
136.512 4978.03357
137.514 4981.01797
138.515 4980.346670000001
139.517 4980.954470000001
140.517 4989.45787
141.517 4996.18257
142.519 5000.55057
143.519 5006.19797
144.521 5013.0874699999995
145.521 5020.97487
146.521 5030.32677
148.587 5039.56617
149.592 5062.297570000001
150.596 5106.278060000001
151.596 5131.42866
152.599 5152.59666
153.601 5166.099760000001
154.602 5173.080260000001
155.604 5175.24896
156.645 5170.17216
157.646 5169.371359999999
158.647 5142.549859999998
159.648 5130.699559999999
160.651 5116.08606
161.652 5101.26356
162.833 5066.82876
163.834 5010.19908
164.835 4972.3947800000005
165.835 4936.06298
166.835 4905.15098
167.837 4879.47088
168.837 4857.988379999999
169.839 4839.654179999999
170.839 4836.351679999999
171.84 4866.81568
172.84 4883.536480000001
173.84 4889.36048
174.841 4904.48048
175.841 4906.55318
176.841 4901.40118
177.843 4881.83268
178.843 4827.99566
179.844 4799.18606
180.845 4788.09806
181.847 4784.0073600000005
182.848 4777.40596
183.85 4770.58076
185.037 4772.874159999999
186.042 4804.005259999999
187.044 4853.2991999999995
188.044 4877.690799999999
189.045 4896.058800000001
190.046 4911.852600000001
191.046 4955.577100000001
192.047 4999.388700000001
193.048 5021.452700000001
194.05 5031.746400000001
195.051 5030.131700000001
