statrtup 0.141218 138219 138219 81 0
statrtup 0.145871 392141 392141 85 0
statrtup 0.150567 619610 619610 90 0
statrtup 0.15522 824984 824984 95 0
statrtup 0.159872 1011185 1011185 99 0
statrtup 0.21238 1382195 1382195 152 0
statrtup 0.221685 1307138 1382195 78 0
statrtup 0.228664 1568566 1568566 80 0
statrtup 0.23797 1457770 1568566 85 0
statrtup 0.247276 1392210 1568566 91 0
statrtup 0.249602 1332294 1568566 88 0
statrtup 0.261234 1546937 1568566 96 0
statrtup 0.26356 1728261 1728261 94 0
statrtup 0.265887 1901628 1901628 91 0
statrtup 0.318231 1904560 1904560 140 0
statrtup 0.322884 2027075 2027075 108 0
statrtup 0.336842 1945173 2027075 118 0
statrtup 0.341495 2056596 2056596 118 0
statrtup 0.3508 2017423 2056596 122 0
statrtup 0.360106 2045014 2056596 128 0
statrtup 0.369412 2045014 2056596 133 0
statrtup 0.37988 2051999 2056596 138 0
statrtup 0.38686 2086198 2086198 141 0
statrtup 0.393839 2018902 2086198 144 0
statrtup 0.400818 2073854 2086198 146 0
statrtup 0.41245 2063273 2086198 154 0
statrtup 0.414776 2073854 2086198 152 0
statrtup 0.418266 2058023 2086198 151 0
statrtup 0.428735 2063273 2086198 157 0
statrtup 0.43804 2081861 2086198 163 0
statrtup 0.453162 2033371 2086198 174 0
statrtup 0.462468 2051065 2086198 179 0
statrtup 0.520628 1992126 2086198 233 0
statrtup 0.52528 2055546 2086198 205 0
statrtup 0.534586 2010369 2086198 210 0
statrtup 0.542728 2037801 2086198 214 0
statrtup 0.555524 2048640 2086198 223 0
statrtup 0.560176 2048640 2086198 222 0
statrtup 0.572972 2032169 2086198 229 0
statrtup 0.576461 2084544 2086198 229 0
statrtup 0.591583 2032169 2086198 239 0
statrtup 0.604378 2001988 2086198 242 0
statrtup 0.6195 1963114 2086198 248 0
statrtup 0.631132 1925722 2086198 250 0
statrtup 0.642764 1889727 2086198 254 0
statrtup 0.654396 1855053 2086198 259 0
statrtup 0.675333 1789387 2086198 273 0
statrtup 0.67766 1789387 2086198 263 0
statrtup 0.682312 1781505 2086198 264 0
statrtup 0.696271 1758268 2086198 275 0
statrtup 0.710229 1728212 2086198 280 0
statrtup 0.731167 1692057 2086198 292 0
statrtup 0.740472 1692057 2086198 285 0
statrtup 0.798632 1692057 2086198 334 0
statrtup 0.803285 1692057 2086198 281 0
statrtup 0.811428 1699166 2086198 284 0
statrtup 0.818407 1706336 2086198 282 0
statrtup 0.833528 1692057 2086198 289 0
statrtup 0.838181 1692057 2086198 281 0
statrtup 0.850976 1692057 2086198 288 0
statrtup 0.854466 1692057 2086198 280 0
statrtup 0.869588 1692057 2086198 291 0
statrtup 0.882383 1692057 2086198 289 0
statrtup 0.897504 1692057 2086198 291 0
statrtup 0.909136 1692057 2086198 288 0
statrtup 0.920768 1692057 2086198 287 0
statrtup 0.931237 1699166 2086198 287 0
statrtup 0.952175 1699166 2086198 296 0
statrtup 0.955664 1692057 2086198 278 0
statrtup 0.959154 1699166 2086198 279 0
statrtup 0.974276 1692057 2086198 290 0
statrtup 0.988234 1692057 2086198 290 0
statrtup 1.00685 1692057 2086198 294 0
statrtup 1.01615 1692057 2086198 283 0
drain 1.05105 1692057 2086198 309 0
drain 1.0557 1692057 2086198 255 0
drain 1.06384 1699166 2086198 258 0
drain 1.07082 1706336 2086198 257 0
drain 1.08594 1692057 2086198 265 0
drain 1.0906 1692057 2086198 255 0
drain 1.10223 1692057 2086198 262 0
drain 1.10572 1692057 2086198 253 0
drain 1.11735 1692057 2086198 261 0
drain 1.12665 1692057 2086198 255 0
drain 1.13829 1692057 2086198 254 0
drain 1.14759 1692057 2086198 248 0
drain 1.15922 1692057 2086198 248 0
drain 1.16969 1699166 2086198 247 0
drain 1.19063 1699166 2086198 257 0
drain 1.19412 1699166 2086198 240 0
drain 1.19761 1699166 2086198 240 0
drain 1.21273 1692057 2086198 251 0
drain 1.22669 1692057 2086198 250 0
drain 1.27322 1706336 2086198 283 0
drain 1.28369 1706336 2086198 275 0
drain 1.31277 1797340 2086198 294 0
drain 1.3337 1612549 2086198 267 0
drain 1.35464 1384367 2086198 257 0
drain 1.38023 1267521 2086198 251 0
probe_bw 1.40931 1097281 2086198 249 0
probe_bw 1.43374 903945 2086198 242 0
probe_bw 1.46166 804623 2086198 238 0
probe_bw 1.52447 752235 2086198 270 0
probe_bw 1.54657 747857 2086198 261 0
probe_bw 1.57798 757998 2086198 260 0
probe_bw 1.60938 703460 2086198 261 0
probe_bw 1.64079 687757 2086198 261 0
probe_bw 1.66405 703460 2086198 254 0
probe_bw 1.67569 756834 2086198 254 0
probe_bw 1.68848 791392 2086198 256 0
probe_bw 1.70128 837270 2086198 258 0
probe_bw 1.71407 878960 2086198 260 0
probe_bw 1.72454 937298 2086198 259 0
probe_bw 1.7385 970952 2086198 263 0
probe_bw 1.75362 997385 2086198 267 0
probe_bw 1.7699 1017362 2086198 272 0
probe_bw 1.78154 1050393 2086198 273 0
probe_bw 1.79433 1174932 2086198 275 0
probe_bw 1.8048 1253260 2086198 274 0
probe_bw 1.81876 1293963 2086198 277 0
probe_bw 1.83155 1336215 2086198 280 0
probe_bw 1.84551 1348754 2086198 283 0
probe_bw 1.85831 1438298 2086198 285 0
probe_bw 1.88507 1462539 2086198 301 0
probe_bw 1.89088 1472108 2086198 301 0
probe_bw 1.9188 1450300 2086198 301 1400
probe_bw 1.92345 1466050 2086198 301 0
probe_bw 1.9409 1456394 2086198 301 0
probe_bw 1.94788 1460042 2086198 301 0
probe_bw 1.95137 1462539 2086198 301 0
probe_bw 1.95719 1472108 2086198 301 0
probe_bw 1.96533 1456394 2086198 301 0
probe_bw 1.97114 1466050 2086198 301 0
probe_bw 1.97812 1456394 2086198 301 0
probe_bw 1.98161 1478217 2086198 301 0
probe_bw 1.99208 1450300 2086198 301 0
probe_bw 1.99557 1472108 2086198 301 0
probe_bw 2.00255 1450300 2086198 301 0
probe_bw 2.00837 1460042 2086198 301 0
probe_bw 2.01651 1450300 2086198 301 0
probe_bw 2.02349 1454083 2086198 301 0
probe_bw 2.03163 1397520 2086198 301 0
probe_bw 2.03745 1436340 2086198 301 0
probe_bw 2.04675 1322852 2086198 301 0
probe_bw 2.05373 1359598 2086198 301 0
probe_bw 2.05955 1274224 2086198 301 0
probe_bw 2.06653 1309619 2086198 301 0
probe_bw 2.07234 1450300 2086198 301 0
probe_bw 2.07932 1454083 2086198 301 0
probe_bw 2.08281 1437856 2086198 301 0
probe_bw 2.08863 1460042 2086198 301 0
probe_bw 2.09561 1371433 2086198 301 0
probe_bw 2.10259 1409529 2086198 301 0
probe_bw 2.1084 1441648 2086198 301 0
probe_bw 2.11654 1454083 2086198 301 0
probe_bw 2.12236 1373117 2086198 301 0
probe_bw 2.12934 1411260 2086198 301 0
probe_bw 2.13516 1443509 2086198 301 0
probe_bw 2.14213 1460042 2086198 301 0
probe_bw 2.15726 1462539 2086198 301 0
probe_bw 2.16191 1496884 2086198 301 0
probe_bw 2.16656 1446267 2086198 301 0
probe_bw 2.18284 1490586 2086198 301 1400
probe_bw 2.20029 1496849 2086198 276 0
probe_bw 2.20959 1498552 2086198 262 0
probe_bw 2.22588 1496849 2086198 268 0
probe_bw 2.23984 1496849 2086198 268 0
probe_bw 2.2538 1490586 2086198 271 0
probe_bw 2.26426 1492610 2086198 268 0
probe_bw 2.27822 1490586 2086198 270 0
probe_bw 2.28985 1490586 2086198 266 0
probe_bw 2.30032 1496849 2086198 262 0
probe_bw 2.30614 1481708 2086198 253 0
probe_bw 2.30963 1472936 2086198 241 0
probe_bw 2.31312 1414945 2086198 231 0
probe_bw 2.32475 1410592 2086198 227 0
probe_bw 2.33755 1488157 2086198 227 0
probe_bw 2.34801 1475913 2086198 228 0
probe_bw 2.35848 1486233 2086198 227 0
probe_bw 2.38058 1522472 2086198 238 0
probe_bw 2.39105 1522472 2086198 229 0
probe_bw 2.42595 1554433 2086198 225 0
probe_bw 2.43525 1557266 2086198 224 0
probe_bw 2.45038 1547494 2086198 225 0
probe_bw 2.46433 1540616 2086198 225 0
probe_bw 2.47829 1540616 2086198 225 0
probe_bw 2.48993 1538400 2086198 225 0
probe_bw 2.50272 1540616 2086198 224 0
probe_bw 2.51203 1561435 2086198 223 0
probe_bw 2.52249 1587726 2086198 222 0
probe_bw 2.54343 1556139 2086198 232 0
probe_bw 2.5539 1564038 2086198 231 0
probe_bw 2.56437 1567520 2086198 231 0
probe_bw 2.57717 1564038 2086198 233 0
probe_bw 2.58763 1564038 2086198 233 0
probe_bw 2.59927 1581510 2086198 234 0
probe_bw 2.61322 1636863 2086198 237 0
probe_bw 2.62369 1636863 2086198 236 0
probe_bw 2.63649 1642796 2086198 238 0
probe_bw 2.66324 1699166 2086198 238 0
probe_bw 2.6772 1666490 2086198 241 0
probe_bw 2.69 1682669 2086198 239 0
probe_bw 2.70512 1674540 2086198 241 0
probe_bw 2.71442 1707536 2086198 236 0
probe_bw 2.71791 1768520 2086198 228 0
probe_bw 2.73071 1768520 2086198 228 0
probe_bw 2.74234 1750656 2086198 229 0
probe_bw 2.75281 1750656 2086198 228 0
probe_bw 2.77026 1777589 2086198 227 0
probe_bw 2.78305 1759543 2086198 229 0
probe_bw 2.79352 1759543 2086198 228 0
probe_bw 2.80632 1759543 2086198 229 0
probe_bw 2.81678 1759543 2086198 228 0
probe_bw 2.82725 1687635 2086198 228 0
probe_bw 2.84005 1744086 2086198 227 0
probe_bw 2.85052 1727873 2086198 229 0
probe_bw 2.86099 1793564 2086198 230 0
probe_bw 2.87262 1727516 2086198 233 0
probe_bw 2.89821 1793564 2086198 235 0
probe_bw 2.911 1770342 2086198 234 0
probe_bw 2.92496 1776151 2086198 235 0
probe_bw 2.94939 1643305 2086198 235 0
probe_bw 2.95986 1631577 2086198 231 0
probe_bw 2.97498 1636863 2086198 231 0
probe_bw 2.99126 1596940 2086198 234 0
probe_bw 3.00406 1628720 2086198 232 0
probe_bw 3.01918 1566200 2086198 233 0
probe_bw 3.02965 1612673 2086198 230 0
probe_bw 3.04245 1612673 2086198 232 0
probe_bw 3.05291 1612673 2086198 231 0
probe_bw 3.06455 1604768 2086198 233 0
probe_bw 3.07385 1628720 2086198 231 0
probe_bw 3.08665 1612673 2086198 233 0
probe_bw 3.09712 1598551 2086198 233 0
probe_bw 3.11107 1596940 2086198 236 0
probe_bw 3.12387 1604768 2086198 237 0
probe_bw 3.13783 1682669 1797340 239 0
probe_bw 3.15062 1682669 1797340 239 0
probe_bw 3.16458 1682669 1797340 240 0
probe_bw 3.19017 1674540 1797340 241 0
probe_bw 3.20064 1674540 1797340 240 0
probe_bw 3.21576 1674540 1797340 241 0
probe_bw 3.23205 1674540 1797340 241 0
probe_bw 3.24484 1674540 1797340 240 0
probe_bw 3.25996 1674540 1797340 240 0
probe_bw 3.27043 1674540 1797340 240 0
probe_bw 3.2809 1690877 1797340 238 0
probe_bw 3.29486 1666490 1797340 241 0
probe_bw 3.30533 1674540 1797340 241 0
probe_bw 3.31463 1674540 1797340 239 0
probe_bw 3.3251 1690877 1797340 239 0
probe_bw 3.3379 1674540 1797340 240 0
probe_bw 3.35302 1666490 1797340 242 0
probe_bw 3.36581 1622087 1797340 242 0
probe_bw 3.40536 1488480 1797340 241 0
probe_bw 3.42863 1488480 1797340 238 0
probe_bw 3.44259 1477782 1797340 240 0
probe_bw 3.45771 1481324 1797340 242 0
probe_bw 3.47167 1488480 1797340 239 0
probe_bw 3.48446 1488480 1797340 240 0
probe_bw 3.49726 1488480 1797340 238 0
probe_bw 3.51005 1477782 1797340 238 0
probe_bw 3.52285 1476745 1797340 237 0
probe_bw 3.53564 1466214 1797340 238 0
probe_bw 3.54495 1473351 1797340 237 0
probe_bw 3.55425 1478059 1797340 237 0
probe_bw 3.5624 1485312 1797340 235 0
probe_bw 3.57519 1490096 1797340 237 0
probe_bw 3.58566 1480708 1797340 237 0
probe_bw 3.59613 1566376 1797340 238 0
probe_bw 3.6066 1558371 1797340 238 0
probe_bw 3.67988 1401017 1797340 237 0
probe_bw 3.69384 1379259 1797340 234 0
probe_bw 3.71129 1308266 1797340 235 0
probe_bw 3.72524 1395450 1797340 235 0
probe_bw 3.7392 1380057 1797340 236 0
probe_bw 3.752 1380057 1797340 235 0
probe_bw 3.76479 1380057 1797340 236 0
probe_bw 3.77642 1308348 1797340 235 0
probe_bw 3.78689 1294748 1797340 233 0
probe_bw 3.79969 1315256 1797340 233 0
probe_bw 3.81248 1301513 1797340 234 0
probe_bw 3.82528 1189897 1797340 234 0
probe_bw 3.83691 1202266 1797340 232 0
probe_bw 3.85203 1277730 1797340 236 0
probe_bw 3.86599 1295328 1797340 236 0
probe_bw 3.91717 1415972 1797340 238 0
probe_bw 3.93113 1415972 1797340 238 0
probe_bw 3.94858 1415972 1797340 237 0
probe_bw 3.96137 1395957 1797340 236 0
probe_bw 3.97649 1415972 1797340 237 0
probe_bw 3.98813 1422947 1797340 237 0
probe_bw 4.00092 1422624 1797340 236 0
probe_bw 4.01255 1422947 1797340 235 0
probe_bw 4.02768 1395450 1797340 238 0
probe_bw 4.03931 1402224 1797340 237 0
probe_bw 4.05443 1388741 1797340 239 0
probe_bw 4.06722 1388741 1797340 240 0
probe_bw 4.07886 1388741 1797340 238 0
probe_bw 4.09398 1385694 1797340 241 0
probe_bw 4.10677 1314786 1797340 241 0
probe_bw 4.15795 1395450 1793564 240 0
probe_bw 4.17308 1388741 1793564 242 0
probe_bw 4.19052 1388741 1793564 242 0
probe_bw 4.20332 1388741 1793564 242 0
probe_bw 4.21728 1395450 1793564 241 0
probe_bw 4.23007 1388741 1793564 241 0
probe_bw 4.2417 1395450 1793564 240 0
probe_bw 4.25334 1395450 1793564 239 0
probe_bw 4.26264 1403522 1793564 238 0
probe_bw 4.27427 1418440 1793564 240 0
probe_bw 4.28591 1453375 1793564 241 0
probe_bw 4.29521 1488480 1793564 241 0
probe_bw 4.30801 1488480 1793564 241 0
probe_bw 4.31964 1488480 1793564 241 0
probe_bw 4.34872 1388741 1793564 242 0
probe_bw 4.39641 1395450 1793564 239 0
probe_bw 4.41153 1379059 1793564 237 0
probe_bw 4.42898 1388741 1793564 238 0
probe_bw 4.44294 1388741 1793564 239 0
probe_bw 4.45573 1395450 1793564 238 0
probe_bw 4.46737 1394255 1793564 237 0
probe_bw 4.48132 1394102 1793564 239 0
probe_bw 4.49412 1393948 1793564 239 0
probe_bw 4.50575 1382097 1793564 238 0
probe_bw 4.51738 1267570 1793564 237 0
probe_bw 4.53018 1280463 1793564 237 0
probe_bw 4.54181 1280799 1793564 236 0
probe_bw 4.55577 1275676 1793564 237 0
probe_bw 4.57089 1337307 1793564 240 0
probe_bw 4.58717 1388741 1793564 239 0
probe_bw 4.63603 1402224 1793564 240 0
probe_bw 4.64999 1409064 1793564 238 0
probe_bw 4.66744 1409064 1793564 239 0
probe_bw 4.68256 1402224 1793564 240 0
probe_bw 4.69419 1409064 1793564 239 0
probe_bw 4.70582 1409064 1793564 237 0
probe_bw 4.72094 1402224 1793564 239 0
probe_bw 4.73257 1406941 1793564 238 0
probe_bw 4.74537 1402224 1793564 239 0
probe_bw 4.75933 1388741 1793564 240 0
probe_bw 4.77096 1395450 1793564 239 0
probe_bw 4.78376 1388741 1793564 239 0
probe_bw 4.79539 1402224 1793564 238 0
probe_bw 4.81167 1364726 1793564 241 0
probe_bw 4.82912 1388741 1793564 242 0
probe_bw 4.88961 1308743 1793564 240 0
probe_bw 4.90705 1308743 1793564 240 0
probe_bw 4.92101 1308743 1793564 239 0
probe_bw 4.93381 1308743 1793564 238 0
probe_bw 4.94777 1296159 1793564 240 0
probe_bw 4.9594 1308743 1793564 239 0
probe_bw 4.96987 1296069 1793564 238 0
probe_bw 4.97917 1309726 1793564 238 0
probe_bw 4.99081 1368996 1793564 239 0
probe_bw 5.00011 1388646 1793564 239 0
probe_bw 5.01291 1388741 1793564 241 0
probe_bw 5.02454 1395450 1793564 241 0
probe_bw 5.03617 1395450 1793564 241 0
probe_bw 5.0699 1296159 1793564 240 0
probe_bw 5.13039 1302420 1793564 241 0
probe_bw 5.14435 1308743 1793564 237 0
probe_bw 5.15947 1315127 1793564 238 0
probe_bw 5.1711 1314135 1793564 238 0
probe_bw 5.18506 1306780 1793564 238 0
probe_bw 5.19785 1309726 1793564 237 0
probe_bw 5.20949 1249079 1793564 237 0
probe_bw 5.22112 1184959 1793564 236 0
probe_bw 5.23624 1197251 1793564 238 0
probe_bw 5.24787 1184959 1793564 237 0
probe_bw 5.2595 1183690 1793564 236 0
probe_bw 5.27463 1178977 1793564 238 0
probe_bw 5.28858 1242401 1793564 240 0
probe_bw 5.31069 1302420 1793564 241 0
probe_bw 5.36768 1302420 1793564 237 0
probe_bw 5.3828 1315127 1793564 238 0
probe_bw 5.39676 1315127 1793564 237 0
probe_bw 5.41072 1308743 1793564 238 0
probe_bw 5.42352 1315127 1793564 238 0
probe_bw 5.43515 1320572 1793564 238 0
probe_bw 5.44911 1308743 1793564 239 0
probe_bw 5.4619 1302420 1793564 238 0
probe_bw 5.47353 1321574 1793564 237 0
probe_bw 5.48865 1302420 1793564 240 0
probe_bw 5.50029 1302420 1793564 239 0
probe_bw 5.51192 1321574 1793564 237 0
probe_bw 5.52937 1273744 1793564 241 0
probe_bw 5.5503 1302420 1793564 240 0
probe_bw 5.60614 1315127 1690877 239 0
probe_bw 5.6201 1315127 1690877 238 0
probe_bw 5.63522 1315127 1690877 239 0
probe_bw 5.64918 1314135 1690877 239 0
probe_bw 5.66081 1315127 1690877 237 0
probe_bw 5.6736 1315127 1690877 237 0
probe_bw 5.68756 1314135 1690877 238 0
probe_bw 5.69687 1300386 1690877 237 0
probe_bw 5.70617 1317115 1690877 237 0
probe_bw 5.71897 1368996 1690877 239 0
probe_bw 5.72827 1396397 1690877 239 0
probe_bw 5.73991 1402224 1690877 239 0
probe_bw 5.7527 1395450 1690877 241 0
probe_bw 5.79341 1289957 1690877 243 0
probe_bw 5.84576 1308743 1488480 239 0
probe_bw 5.86321 1289957 1488480 240 0
probe_bw 5.87484 1303412 1488480 237 0
probe_bw 5.8888 1306545 1488480 238 0
probe_bw 5.90159 1302420 1488480 237 0
probe_bw 5.91555 1296159 1488480 238 0
probe_bw 5.92718 1248001 1488480 237 0
probe_bw 5.9423 1230653 1488480 238 0
probe_bw 5.95393 1164782 1488480 236 0
probe_bw 5.96906 1205517 1488480 238 0
probe_bw 5.98069 1192829 1488480 236 0
probe_bw 5.99465 1184342 1488480 237 0
probe_bw 6.01209 1208973 1488480 241 0
probe_bw 6.03303 1289957 1488480 240 0
probe_bw 6.10748 1131903 1488480 233 0
probe_bw 6.1226 1123297 1488480 232 0
probe_bw 6.13888 1114820 1488480 233 0
probe_bw 6.15401 1069152 1488480 234 0
probe_bw 6.16796 1060777 1488480 232 0
probe_bw 6.18425 1052532 1488480 234 0
probe_bw 6.19937 1015612 1488480 233 0
probe_bw 6.21333 1040402 1488480 232 0
probe_bw 6.23078 1032470 1488480 234 0
probe_bw 6.24473 942428 1488480 233 0
probe_bw 6.26102 1022263 1488480 235 0
probe_bw 6.27847 1095197 1488480 236 0
probe_bw 6.34128 1149684 1488480 234 0
probe_bw 6.35524 1155433 1488480 233 0
probe_bw 6.3692 1140528 1488480 235 0
probe_bw 6.38199 1197817 1488480 235 0
probe_bw 6.39362 1215261 1488480 234 0
probe_bw 6.40758 1215261 1488480 236 0
probe_bw 6.42038 1233221 1488480 236 0
probe_bw 6.43434 1239326 1488480 235 0
probe_bw 6.46807 1132777 1488480 238 0
probe_bw 6.48668 1086748 1488480 235 0
probe_bw 6.50645 997573 1488480 235 0
probe_bw 6.52856 1074821 1488480 237 0
probe_bw 6.57625 1143993 1488480 235 0
probe_bw 6.59021 1143993 1488480 234 0
probe_bw 6.60649 1132777 1488480 235 0
probe_bw 6.61812 1047070 1488480 232 0
probe_bw 6.63557 1033715 1488480 233 0
probe_bw 6.64953 1023948 1488480 232 0
probe_bw 6.66349 1023611 1488480 231 0
probe_bw 6.6821 1084913 1488480 235 0
probe_bw 6.70187 1132777 1488480 233 0
probe_bw 6.72165 1143993 1488480 235 0
probe_bw 6.74142 1143993 1488480 235 0
probe_bw 6.76352 1087777 1488480 235 0
probe_bw 6.81121 1143993 1402224 235 0
probe_bw 6.8275 1132777 1402224 236 0
probe_bw 6.84495 1127251 1402224 238 0
probe_bw 6.86007 1110993 1402224 239 0
probe_bw 6.87519 1121779 1402224 238 0
probe_bw 6.89264 1105677 1402224 240 0
probe_bw 6.90776 1100412 1402224 240 0
probe_bw 6.92521 1105677 1402224 243 0
probe_bw 6.94498 1105677 1402224 243 0
probe_bw 6.96476 1105677 1402224 243 0
probe_bw 6.98569 1100412 1402224 244 0
probe_bw 7.00896 1095197 1402224 245 0
probe_bw 7.05549 1100412 1402224 244 0
probe_bw 7.07293 1095197 1402224 245 0
probe_bw 7.08805 1105677 1402224 244 0
probe_bw 7.10201 1108638 0 245 0
