1.20059 2457.9169000000006
2.20094 2471.1821000000004
3.34204 2469.0048999999995
4.35519 2488.5120999999995
5.3695 2498.9305
6.38381 2509.6483999999996
7.45279 2519.2908
8.45314 2526.5737000000004
9.51863 2534.9737
10.5783 2544.3634
11.5787 2572.5847
12.6255 2599.8007
13.6864 2629.5598999999997
14.7623 2661.1797999999994
15.7836 2690.5498
16.8317 2716.4948
17.9588 2746.2139
18.9696 2774.7720000000004
19.97 2802.7800000000007
20.9855 2835.484000000001
22.0347 2870.1212
23.1025 2902.7432
24.2273 2927.9676999999992
25.3067 2958.3217999999997
26.3222 2987.0417999999995
27.3272 3007.487399999999
28.3276 3032.7603999999997
29.3593 3050.1654
30.3597 3090.0579000000002
31.36 3117.4979
32.6268 3135.1935
33.7655 3164.8506999999995
34.7775 3192.4447999999998
35.8256 3219.5769999999993
36.8945 3243.9809999999993
37.9624 3271.6172999999994
39.0209 3295.4538999999995
40.1201 3319.3360999999995
41.1204 3344.0343999999996
42.1836 3365.0149
43.284 3391.9465000000005
44.3879 3416.3727
45.4557 3434.2005000000004
46.456 3457.4773
47.4762 3474.7253
48.4765 3494.6279
49.4978 3516.5923000000003
50.5342 3530.3606
51.5346 3545.8922000000002
52.6059 3560.3222
53.6062 3573.4029
54.7136 3586.7041
55.7454 3604.1378
56.7457 3617.4231
57.781 3637.1351
58.8418 3649.7183
59.9073 3664.9800999999998
60.9309 3682.5789000000004
62.0708 3707.8258000000005
63.1561 3728.9472000000005
64.1565 3747.6135000000004
65.2859 3765.9420000000005
66.2909 3793.1571000000004
67.3111 3816.5105000000003
68.3859 3841.2836000000007
69.5176 3867.5064
70.5285 3899.089
71.5486 3924.0065
72.5489 3948.2319
73.5656 3966.9977999999996
74.6171 3989.7858
75.714 4009.095
76.7481 4026.6045999999997
77.7566 4042.1311
78.7569 4070.9211999999998
79.8248 4092.4252
80.8495 4117.788799999999
81.8755 4146.9742
82.9061 4178.290499999999
84.0414 4204.406099999999
85.1208 4233.2284
86.1572 4263.511699999999
87.1576 4293.4985
88.1905 4323.402299999999
89.1909 4355.5824999999995
90.2901 4389.1825
91.2904 4419.2565
92.2908 4450.952499999999
93.4075 4471.3365
94.4532 4500.905700000001
95.5408 4522.5793
96.6295 4548.824200000001
97.7299 4574.439300000001
98.7686 4598.224
99.8841 4607.4239
100.885 4634.1595
101.942 4654.655500000001
103.04 4674.5085
104.112 4695.2880000000005
105.133 4719.1018
106.134 4723.1157
107.169 4734.203700000001
108.254 4761.916900000001
109.28 4769.754800000001
110.316 4783.738400000002
111.317 4797.9090000000015
112.317 4809.109
113.318 4826.357
114.354 4843.3159
115.355 4861.9374
116.355 4866.8033000000005
117.356 4861.678599999999
118.356 4862.238600000001
119.356 4861.0066000000015
120.413 4861.342600000001
121.482 4863.938100000001
122.562 4864.014700000001
123.671 4858.6014
124.671 4857.335800000001
125.671 4848.3281
126.672 4851.3066
127.778 4853.546600000001
128.802 4852.889999999999
129.826 4854.028199999999
130.928 4856.417799999999
131.953 4858.670699999999
133.023 4858.0416
134.049 4865.500599999999
135.049 4851.3478
136.152 4846.4693
137.152 4851.9246
138.153 4848.2298
139.153 4850.581799999999
140.153 4845.2365
141.154 4848.3724999999995
142.216 4848.7085
143.259 4851.7171
144.259 4848.908499999999
145.292 4848.236499999999
146.293 4844.7431
147.293 4840.317899999999
148.377 4841.973999999999
149.377 4854.347299999999
150.378 4857.090799999999
151.396 4860.883699999999
152.499 4867.8335
153.5 4870.203299999999
154.533 4868.299300000001
155.562 4861.514500000001
156.564 4876.3247
157.604 4884.8784
158.662 4886.8092
159.747 4887.2246
160.748 4890.3189
161.806 4888.5876
162.854 4895.6308
163.914 4903.7445
164.914 4908.1198
165.915 4903.4793
166.915 4910.1993
167.939 4910.087299999999
168.956 4915.8387999999995
170.049 4910.577
171.054 4912.0999
172.145 4912.3467
173.145 4910.9322
174.235 4890.3554
175.275 4903.0581999999995
176.383 4901.3852
177.384 4903.7597
178.384 4914.0637
179.385 4922.8586000000005
180.431 4932.247699999999
181.486 4942.0282
182.487 4951.6350999999995
183.55 4957.6831
184.62 4962.188100000001
185.62 4968.2093
186.621 4978.2433
187.636 4990.898400000001
188.697 5001.4821
189.766 5010.0738
190.864 5019.923399999999
191.963 5027.9876
192.964 5034.025699999999
194.019 5043.6054
195.019 5050.612700000001
196.019 5050.0527
