1.12247	2520.53
2.15072	1928.4
3.25228	2034.51
4.26891	1918.11
5.4007	2099.38
6.40105	2217.6
7.51307	1762.59
8.61811	1844.7
9.64987	1651.21
10.7456	1708.13
11.7471	1879.72
12.8603	1690.57
13.8618	2025.17
14.9983	1577.46
16.1359	1526.82
17.2083	1379.1
18.2099	1331.47
19.3603	1246.61
20.5211	1274.48
21.5215	1377.6
22.6812	918.032
23.8176	1084.51
24.9564	1062.92
26.0731	1083.87
27.2026	1120.99
28.2134	1397.23
29.2998	1165.38
30.3199	1152.94
31.4692	1179.46
32.4719	972.455
33.599	1162.73
34.6017	1229.54
35.7439	706.129
36.8571	784.905
37.9482	862.328
39.0625	683.662
40.1141	788.582
41.2808	816.466
42.4033	838.502
43.492	792.647
44.6366	890.909
45.7754	934.973
46.7769	1051.75
47.9238	820.942
49.0765	875
50.1118	865.7
51.2529	903.067
52.2544	1163.64
53.3129	942.155
54.4307	1133.03
55.4927	1328.81
56.6257	1414.84
57.6261	1960
58.6974	1443.14
59.828	1605.66
60.8283	2105.6
61.8624	1538.1
62.9907	1936.17
64.0853	1934.92
65.1648	1878.78
66.2686	1827.74
67.376	1851.49
68.3764	2128
69.4116	1623.19
70.4445	2311.63
71.5461	2309.17
72.5476	2282.52
73.5479	2396.8
74.646	1723.86
75.6464	2396.8
76.7561	2100.63
77.8681	2356.83
78.9824	2463.2
79.9839	2662.94
81.1285	2193.01
82.13	2897.9
83.2165	1794.47
84.218	2103.5
85.2544	1405.41
86.3269	1650.75
87.3912	1768.42
88.4206	1828.57
89.5443	1725.38
90.6132	1656.93
91.7183	1834.57
92.7652	1702.48
93.8016	1945.94
94.9403	1988.05
95.9419	2036.36
97.0806	1899.47
98.081	1736
99.1756	1515.17
100.189	1647.38
101.317	1658.16
102.317	1814.4
103.439	1478.68
104.516	1580.69
105.648	1703.27
106.648	2296
107.767	1783.18
108.768	1745.45
109.913	1488.11
111.047	1570.37
112.174	1311.8
113.293	1172.09
114.379	1197.42
115.473	1289.94
116.474	1456
117.638	1077.66
118.639	1633.57
119.711	1077.12
120.794	1459.52
121.794	1500.8
122.893	1263.69
124.066	1261.43
125.196	1417.34
126.342	1261.83
127.451	1324.19
128.5	1313.25
129.657	1277.79
130.658	1680
131.694	1308.11
132.849	1735.76
134.005	1608.3
135.154	1657.09
136.156	1365.03
137.158	928.671
138.272	894.793
139.298	1048.97
140.338	1067.18
141.437	1243.31
142.55	1479.24
143.66	1615.87
144.692	1499.13
145.78	1544.12
146.935	1512.73
147.937	1600
148.998	1172.83
150.157	1459.19
151.244	1474.77
152.354	1545.18
153.355	1723.08
154.5	1292.31
155.555	1507.49
156.561	1603.18
157.686	1674.02
158.773	1731
159.891	1694.54
160.893	2081.12
161.893	2408
162.938	2445.98
164.051	2696.85
165.052	2965.03
166.054	2909.09
167.168	2754.76
168.256	2565.59
169.354	2488.89
170.384	2370.49
171.524	2330.47
172.525	2486.4
173.652	2176.4
174.789	2275.46
175.913	2194.12
176.954	1947.36
178.074	2040
179.075	1915.2
180.125	1664
181.125	2094.4
182.148	2016.44
183.299	1985.06
184.404	1794.03
185.522	1844.94
186.644	1858.34
187.747	1817.59
188.872	2082.56
190.018	2112.84
191.106	2235.88
192.147	2453.02
193.261	2473.25
194.332	2551.63
195.333	2856
196.454	2797.5
197.479	3281.25
198.612	3007.77
199.72	2830.32
200.85	2896.72
201.851	3434.97
202.921	3161.12
203.922	3584
204.922	3091.2
206.028	2268.35
207.03	2606.99
208.12	2468.32
209.14	2767.06
210.258	2526.77
211.258	2956.8
212.374	2450.94
213.487	2656.6
214.539	3364.26
215.64	3410.91
216.73	3455.65
217.73	3718.4
218.843	2898.11
219.979	2644.58
221.021	2515.16
222.085	2768.42
223.17	2725.16
224.171	2912
225.28	2403.61
226.381	2504.73
227.458	2433.43
228.459	2472.73
229.596	2277.46
230.596	2352
231.597	2363.2
232.704	2377.6
233.797	2582.25
234.902	2523.8
235.912	2353.22
237.058	2308.47
238.059	2349.65
239.146	2382.32
240.296	2347.13
241.298	2338.46
242.446	2468.29
243.447	2584.61
244.563	2551.39
245.563	2766.4
246.62	2309.93
247.71	2653.44
248.711	2923.2
249.836	2451.25
250.836	2576
251.947	1886.85
253.025	1755.84
254.164	1791.21
255.257	1660.02
256.418	1622.07
257.418	1803.2
258.574	1551.52
259.648	1480.82
260.8	1848.83
261.837	2203.28
262.93	2092.31
263.93	2240
265.055	2062.63
266.172	2107.53
267.173	2618.18
268.202	2677.55
269.204	2909.09
270.253	2626.5
271.354	2952.73
272.464	3349.91
273.466	3569.23
274.467	3390.21
275.548	3671.11
276.654	3767.09
277.655	3852.8
278.738	3602.22
279.74	4202.79
280.744	3506.28
281.744	3729.6
282.769	2964.06
283.77	3707.2
284.884	3056.37
285.948	3663.16
286.949	3920
288.041	3015.38
289.089	3654.96
290.089	4110.4
291.191	3194.19
292.192	3781.82
293.272	3280.07
294.272	3595.2
295.274	3893.71
296.344	3653.08
297.345	4050.35
298.449	3706.25
299.546	3535.77
300.609	3666.6
301.61	3953.6
302.679	4016.48
303.68	4341.26
304.706	3966.44
305.706	4368
306.774	3642.36
307.776	4408.39
308.874	4018.94
309.875	4128.67
310.962	4228.36
311.963	4766.43
313.028	4442.1
314.028	4995.2
315.102	4321.34
316.117	4568.27
317.169	4060.13
318.245	4084.09
319.256	4098.91
320.258	4151.05
321.26	3938.46
322.26	3920
323.321	3729.81
324.322	4497.9
325.357	4166.18
326.431	4498.79
327.431	4961.6
328.499	4324.65
329.501	4386.01
330.506	3844.78
331.542	3502.7
332.631	3510.29
333.632	3681.12
334.633	3561.6
335.729	3201.46
336.73	3613.99
337.732	3423.78
338.851	3295.89
339.851	4278.4
340.935	3326.94
341.935	2979.2
343.025	2530.03
344.159	2577.78
345.277	2195.88
346.428	2347.13
347.571	1949.96
348.649	1984.42
349.65	2049.6
350.65	2105.6
351.675	1618.75
352.815	2055.14
353.815	2240
354.889	2045.85
356.049	1913.37
357.176	1888.2
358.176	1747.2
359.275	1732.48
360.277	1902.1
361.347	1674.77
362.348	1879.72
363.349	1534.4
364.349	2016
365.379	1382.31
366.379	2094.4
367.447	1805.44
368.505	2159.55
369.557	2195.24
370.558	2327.27
371.559	2049.6
372.703	2241.96
373.775	1892.81
374.775	2262.4
375.831	1400
376.938	1952.66
378.039	2087.27
379.178	1663.27
380.336	1837.65
381.396	2168.08
382.396	2094.4
383.467	1495.42
384.469	1969.23
385.565	1503.56
386.631	1607.5
387.72	1626.47
388.887	1613.72
389.888	1834.96
390.932	1621.48
392.024	2194.87
393.12	2833.24
394.151	2802.72
395.153	3289.51
396.153	3147.2
397.244	3079.74
398.245	3640
399.252	3403.38
400.345	3145.84
