1.09939	2545.96
2.10672	2958.49
3.15942	2810.65
4.17605	2667.72
5.18687	2705.74
6.21631	2459.86
7.25737	2409.99
8.25772	2968
9.26156	2624.13
10.334	2413.43
11.3344	2475.2
12.415	2374.81
13.4247	2464.22
14.4448	2261.96
15.5103	2282.06
16.5106	2161.6
17.5226	1927.6
18.523	1904
19.5477	1848.44
20.6493	1413.99
21.6496	1780.8
22.6709	1853.87
23.7585	1627.97
24.7635	1950.25
25.8267	1738.48
26.827	2105.6
27.9263	1701.91
29.0348	2254.15
30.0782	2244.29
31.0867	2611.11
32.087	2262.4
33.1479	2028.68
34.1482	2385.6
35.1521	2143.97
36.2152	2138.85
37.2307	2537.93
38.2683	1987.27
39.3408	2173.13
40.4388	2040.07
41.4392	2161.6
42.5372	2060.47
43.5876	2058.67
44.5879	2060.8
45.5976	2253.32
46.6945	1900.73
47.6949	2228.8
48.701	1903.78
49.7014	1904
50.8111	2201.62
51.8417	2479.22
52.8897	2436.64
53.9843	2436.56
55.0044	2843.92
56.0048	2587.2
57.0423	2257.28
58.0764	2404.64
59.0768	2620.8
60.1481	2164.71
61.3148	2353.34
62.3628	2030.53
63.376	2233.37
64.381	2061.69
65.3813	2217.6
66.3968	1931.03
67.4076	2206.73
68.4812	1586.58
69.556	2169.09
70.5669	1740.99
71.5672	1848
72.5699	1687.82
73.6482	1600
74.6497	1924.47
75.7443	1924.68
76.7783	1559.77
77.8217	1997.31
78.8314	1831.52
79.905	1503.07
81.0927	1632.35
82.1023	1343.11
83.1678	1619.53
84.1972	1806.8
85.2057	1822.22
86.2759	1925.98
87.3425	1985.74
88.3638	2062.29
89.3642	2408
90.3901	2119.8
91.4649	2377.65
92.4653	2340.8
93.561	1933.15
94.5613	2385.6
95.6641	2154.63
96.697	2474.42
97.7962	2180.89
98.8221	2862.83
99.8306	2833.33
100.852	2731.44
101.852	3225.6
102.857	3242.99
103.94	2877.63
104.974	3585.3
106.041	3383.11
107.103	3269.3
108.103	3640
109.104	3808
110.117	3582.23
111.143	3660.49
112.163	4227.45
113.189	4217.76
114.204	4711.72
115.205	4457.6
116.205	4827.2
117.205	4816
118.221	4678.62
119.255	4863.44
120.255	5432
121.261	4731.61
122.262	4950.4
123.273	5256.24
124.273	5252.8
125.302	5300.68
126.303	5678.4
127.303	5219.2
128.31	4827.01
129.368	5096.69
130.408	5152.65
131.441	4775.19
132.461	4666.67
133.461	4827.2
134.461	4636.8
135.475	4477.79
136.51	5085.99
137.51	4771.2
138.689	4962.99
139.744	4140.28
140.811	4503.09
141.824	4444.62
142.832	4582.32
144.012	3834.58
145.04	4525.8
146.079	4042.35
147.08	4480
148.08	4334.4
149.097	4629.92
150.26	4054.34
151.26	4984
152.271	4102.97
153.272	4592
154.272	4592
155.35	4155.84
156.376	4261.46
157.446	3967.1
158.521	3503.91
159.521	3830.4
160.594	3520.9
161.636	3256.81
162.709	2977.61
163.709	2867.2
164.777	2561.2
165.777	2788.8
166.816	2751.45
167.852	2994.59
168.853	3572.8
169.861	3333.33
170.877	3475.86
171.877	3920
172.911	3606.96
173.949	3866.54
174.969	4062.75
176.07	3885.92
177.071	3931.2
178.084	4046.59
179.084	4356.8
180.084	4625.6
181.116	4138.89
182.117	3830.4
183.117	3908.8
184.168	3932.25
185.249	3733.33
186.249	4211.2
187.285	4512.46
188.354	3880.15
189.36	3840.95
190.36	4032
191.363	3655.09
192.363	3774.4
193.364	3035.2
194.364	3315.2
195.432	3117.52
196.481	2679.89
197.506	2428.12
198.548	2214.2
199.562	2518.34
200.589	2311.98
201.649	2072.9
202.689	1692.4
203.715	1682.73
204.814	1671.34
205.854	1789.41
206.854	2083.2
207.924	1831.78
208.925	2363.2
210.01	2147.1
211.04	2448.98
212.221	2276.04
213.232	1752.08
214.297	1705.26
215.332	1774.69
216.394	1898.31
217.431	1749.66
218.485	1882.62
219.52	2175.07
220.591	2386.54
221.621	2609.71
222.632	2140.2
223.686	2180.44
224.721	2294.11
225.818	2105.11
226.879	2556.98
227.879	2508.8
228.949	2449.34
229.95	2755.2
230.995	2561.53
231.996	2654.4
233.021	2154.69
234.093	1953.73
235.168	1762.38
236.23	1571.37
237.27	1713.95
238.27	1646.4
239.272	1588.81
240.3	1688.71
241.312	2005.14
242.381	1761.8
243.381	1993.6
244.404	1863.01
245.461	1578.81
246.466	1939.1
247.466	1579.2
248.506	1724.73
249.586	1515.48
250.586	1848
251.711	1434.88
252.783	1441.79
253.795	1395.84
254.832	1383.78
255.836	1507.48
256.957	1298.84
257.987	1413.59
259.068	933.333
260.248	835.962
261.314	840.525
262.326	653.61
263.464	719.085
264.635	698.206
265.768	474.911
266.9	524.845
267.974	626.281
269.126	583.333
270.206	757.738
271.304	1009.84
272.409	1155.47
273.532	1146.93
274.585	1160.46
275.68	1105.67
276.787	1123.04
277.951	1212.37
279.053	823.978
280.159	789.873
281.281	799.286
282.355	792.551
283.477	919.179
284.643	922.126
285.733	586.225
286.849	542.421
287.998	682.332
289.047	651.286
290.164	752.688
291.336	1012.97
292.483	1143.45
293.529	1178.95
294.588	1270.32
295.588	1299.2
296.665	1123.12
297.839	1250.81
298.976	1674.58
300.001	1432.81
301.127	1413.69
302.241	1447.76
303.412	1426.32
304.461	1142.42
305.612	1420.68
306.714	1586.92
307.848	1540.74
309.008	1633.13
310.008	1915.2
311.09	1616.28
312.203	1640.25
313.359	1656.75
314.465	1387.34
315.629	1492.69
316.738	1575.47
317.898	1555.82
319.015	1465.23
320.15	1588.72
321.15	1691.2
322.151	1680
323.265	1447.76
324.391	1553.07
325.471	1484.34
326.558	1494.02
327.685	1431.06
328.823	1448.02
329.9	1435.1
330.991	1519.34
332.008	1940.16
333.142	1777.78
334.142	1915.2
335.308	1326.69
336.435	1818.63
337.448	2178.08
338.583	2013.04
339.709	2030.93
340.86	2074.43
341.86	2856
342.946	2444.2
344.07	2762.6
345.186	3123.95
346.186	3371.2
347.289	2754.26
348.441	3120.83
349.555	3129.56
350.555	3248
351.577	3506.85
352.578	3774.4
353.693	3023.5
354.802	3083.03
355.802	3270.4
356.893	2504.86
357.927	2317.99
359.009	2248.29
360.009	2430.4
361.095	1723.87
362.252	1955.4
363.285	1899.22
364.446	1786.21
365.497	2046.05
366.629	1901.33
367.769	2015.8
368.771	1969.23
369.865	2139.67
370.963	2407.28
372.032	2516.85
373.033	2654.4
374.066	2344.19
375.081	3056.55
376.123	2343.19
377.215	2635.9
378.353	2442.92
379.471	2657.12
380.471	2811.2
381.501	2568.71
382.686	2939.41
383.767	2416.3
384.767	3136
385.869	2929.7
386.887	3564.64
388.009	3247.1
389.009	3404.8
390.123	3066.43
391.217	3781.15
392.279	3184.93
393.351	3228.36
394.434	3436.6
395.435	3315.2
396.62	3062.28
397.739	2544.54
398.8	2620.38
399.8	2688
