1.14806	2472.86
2.2368	1358.82
3.33138	1545.89
4.34801	1631.5
5.48445	1853.52
6.48481	2060.8
7.57589	1724.66
8.69256	2017.2
9.71501	2641.09
10.8061	2843.63
11.8192	3051.53
12.9324	3240.25
13.9339	3468.53
14.9343	3337.6
16.0137	3010.19
17.0153	3513.29
18.0819	3288.55
19.0834	3826.57
20.192	3224.55
21.1923	3740.8
22.1938	3725.87
23.2116	3116.62
24.2283	3626.77
25.2298	3748.25
26.3022	3782.09
27.3026	4076.8
28.4076	3081.27
29.4092	3356.64
30.4107	2886.71
31.5238	2576.1
32.5254	3446.15
33.6513	2907.02
34.6529	3009.79
35.6532	3136
36.7094	2503.03
37.8168	2650.77
38.8171	2822.4
39.8175	2912
40.9469	2579.27
41.9473	2900.8
43.0407	2899.91
44.0422	3524.48
45.0623	2942.75
46.0627	3528
47.063	3472
48.1809	2967.95
49.1824	3669.93
50.1839	3177.62
51.1843	3315.2
52.2928	2759.57
53.3653	3123.88
54.4912	2986.67
55.5463	3184.83
56.5466	3360
57.661	2784.92
58.759	3223.31
59.7605	3681.12
60.8667	2875.95
61.9287	3554.05
62.9302	3479.72
63.9771	3330.02
65.0496	3635.82
66.1523	3668.97
67.2585	3645.57
68.2589	3740.8
69.2906	3910.77
70.3456	3726.25
71.4274	3906.01
72.4278	4200
73.4293	4374.83
74.4296	4457.6
75.4777	4029.01
76.4792	4811.19
77.4807	4341.26
78.4892	4255.56
79.4896	4872
80.4899	4816
81.5729	4471.72
82.5732	4995.2
83.5736	5308.8
84.6425	5149.06
85.6429	5241.6
86.6432	5779.2
87.6448	4699.3
88.6486	4768.1
89.649	5107.2
90.6586	4007.14
91.6601	4844.75
92.6605	3763.2
93.669	4011.11
94.6693	4334.4
95.7813	3565.47
96.7817	4188.8
97.7832	4206.99
98.8661	2919.04
99.8712	3031.24
100.975	3076.7
101.975	3158.4
103.091	2913
104.092	3110.49
105.104	2503.66
106.163	2614.74
107.238	2596.65
108.238	2665.6
109.376	2423.22
110.377	2606.99
111.468	2042.9
112.561	2112.82
113.638	1934.26
114.781	1871.57
115.92	1771.53
116.92	1836.8
117.921	1724.8
119.063	1186.69
120.16	1256.93
121.16	1512
122.213	1384.03
123.349	1360.56
124.35	1579.2
125.47	1310
126.611	1177.91
127.674	1401.32
128.758	1363.84
129.932	1308.1
131.051	1412.52
132.156	1459.55
133.318	1387.95
134.319	1510.49
135.434	1055.66
136.435	1443.36
137.565	1289.64
138.565	1680
139.703	1556.38
140.767	1652.63
141.903	1685.92
142.977	1607.45
143.977	1937.6
145.105	1490.68
146.226	1648.53
147.226	1859.2
148.361	1312.42
149.433	1432.68
150.506	1544.83
151.508	1846.15
152.613	1459.55
153.613	1792
154.764	1441.39
155.765	1711.89
156.818	1703.42
157.925	1831.26
159.023	1836.06
160.149	1851.73
161.256	1934.18
162.344	1832.35
163.369	1695.31
164.525	1637.37
165.527	1678.32
166.528	1700.7
167.653	1793.59
168.714	1849.06
169.75	2291.89
170.834	2231.73
171.835	2396.8
172.974	1879.79
174.107	1988.69
175.214	1841.37
176.326	1893.53
177.384	2032.51
178.538	1865.05
179.636	1632.06
180.789	1769.44
181.855	2134.83
182.982	2027.33
183.983	2081.12
185.005	2314.59
186.005	2273.6
187.065	1385.46
188.219	1680.48
189.317	1836.06
190.318	1924.47
191.332	1424.85
192.408	1739.91
193.489	1877.04
194.599	1817.85
195.599	2060.8
196.725	1672.53
197.728	1967.27
198.728	2452.8
199.783	2038.29
200.924	2238.04
201.925	2464
203	1760.74
204.001	2587.2
205.126	2012.81
206.235	2191.52
207.271	2229.18
208.343	2068.66
209.389	2014.93
210.516	2017.39
211.671	1978.18
212.779	2112.64
213.887	2033.6
215.009	2136.19
216.074	1757.89
217.186	1984.17
218.333	1993.72
219.463	2021.95
220.533	1831.78
221.659	1792
222.683	1729.81
223.811	1678.01
224.964	1633.33
225.966	1958.04
227.011	1864.88
228.012	2464
229.076	2221.05
230.077	2539.86
231.078	2464
232.079	2450.35
233.152	2392.54
234.208	3393.94
235.264	3404.54
236.337	3698.51
237.338	3994.41
238.338	3897.6
239.382	3157.05
240.382	3651.2
241.384	3076.92
242.504	2860
243.504	3113.6
244.622	3168.49
245.622	3404.8
246.674	3133.02
247.77	3365.11
248.771	3591.61
249.896	3168.68
250.898	3569.23
251.985	3554.74
253.073	4399.63
254.074	4330.07
255.111	4227.03
256.111	4748.8
257.111	4704
258.112	4704
259.14	4445.14
260.14	5297.6
261.141	5219.2
262.141	5286.4
263.161	4996.08
264.162	5611.2
265.162	5824
266.213	5754.52
267.214	5387.2
268.256	4933.59
269.258	5482.52
270.308	4288
271.308	4401.6
272.332	3350.15
273.333	3669.93
274.344	3304.55
275.435	3336.39
276.539	3289.94
277.539	3561.6
278.645	2848.14
279.771	3126.04
280.816	3826.22
281.817	4076.8
282.834	3502.06
283.835	3964.8
284.835	3942.4
285.841	3161.83
286.961	3790
287.962	3796.8
288.978	3483.46
290.094	3505.65
291.094	3472
292.096	3490.91
293.178	3284.37
294.178	3673.6
295.298	3440
296.421	2934.76
297.421	3270.4
298.527	2956.96
299.605	3366.23
300.683	3421.35
301.685	3386.83
302.759	3016.59
303.877	3028.11
304.979	2916.88
305.98	3012.8
307.028	3013.74
308.029	3043.36
309.161	2049.87
310.295	2320.99
311.443	2224.39
312.538	1853.02
313.539	2237.76
314.615	2135.81
315.617	2416.78
316.695	2129.87
317.842	2511.69
318.97	2720.57
320.096	2717.87
321.097	2811.2
322.097	2800
323.097	2609.6
324.148	2229.33
325.266	2436.53
326.333	2382.75
327.457	2273.91
328.59	2255.83
329.689	2517.2
330.785	3017.35
331.786	2953.85
332.89	3086.85
333.891	3371.2
334.892	3311.89
335.987	3040.58
337.064	3088.58
338.138	3162.72
339.139	3132.87
340.23	2525.39
341.232	3132.87
342.277	2336.46
343.279	2953.85
344.411	2554.91
345.504	2951.14
346.504	2956.8
347.609	2767.06
348.677	2886.6
349.683	3083.9
350.684	2923.2
351.711	2333.79
352.711	2923.2
353.834	2216.04
354.931	2697.81
355.931	3024
357.015	2903.32
358.028	3217.37
359.119	3439.05
360.12	3696
361.195	3608.19
362.196	3781.82
363.202	3907.75
364.203	4368
365.227	3434.38
366.229	4106.29
367.293	3105.26
368.387	3258.55
369.41	3109.29
370.411	3124.8
371.411	2363.2
372.55	2745.87
373.629	2335.5
374.778	2358.92
375.865	2598.9
376.978	2535.85
378.078	2647.27
379.21	2505.39
380.21	2822.4
381.25	2037.34
382.252	2629.37
383.314	2130.32
384.315	2528.67
385.405	1727.82
386.492	1938.86
387.562	1936.45
388.718	1860.21
389.718	1601.6
390.778	1057.6
391.909	1169.56
392.998	1173.53
394.021	1029.13
395.179	1045.46
396.179	1030.4
397.31	1100.18
398.42	1271.35
399.518	1397.45
400.544	1715.51
