1.25758 2455.68132
2.25794 2446.0623200000005
3.26178 2424.40502
4.28307 2410.45962
5.29854 2394.96602
6.3082 2378.79772
7.30855 2367.2074199999997
8.3089 2353.36742
9.30925 2344.4041199999997
10.3154 2331.9982199999995
11.3181 2328.6107199999997
12.3324 2324.00942
13.3514 2320.21182
14.3668 2317.81582
15.394 2312.3456199999996
16.4211 2307.49682
17.4342 2299.93612
18.4846 2288.1328200000003
19.4849 2276.23772
20.4853 2261.2539199999997
21.5054 2241.71082
22.5779 2227.89392
23.5782 2215.91592
24.5786 2200.0177200000003
25.6115 2182.42682
26.6305 2175.7299199999998
27.6878 2167.16612
28.7219 2161.5564200000003
29.7223 2148.0920200000005
30.7633 2137.93752
31.7637 2131.61842
32.764 2121.10482
33.7981 2115.8408200000003
34.7985 2106.0780199999995
35.8046 2091.6939199999997
36.8224 2079.7885199999996
37.8344 2060.8246200000003
38.8417 2042.7175200000001
39.8421 2027.56052
40.8529 2011.26772
41.8649 1994.21152
42.8734 1973.1200199999998
43.8737 1961.11832
44.9055 1947.90232
45.9059 1935.36732
46.9434 1920.5837200000003
47.9484 1911.12662
48.9697 1896.0495199999998
50.0061 1885.0179200000002
51.1612 1872.9186200000004
52.1615 1868.7466200000003
53.2119 1855.9540200000001
54.2413 1849.85262
55.2417 1842.26612
56.2467 1835.9051200000001
57.2715 1838.11022
58.3323 1838.46102
59.3536 1839.91912
60.4179 1840.5506200000002
61.4462 1832.7055200000002
62.4466 1831.77752
63.4469 1825.64992
64.4496 1819.08402
65.4569 1814.20332
66.4642 1809.4193200000002
67.4844 1800.3626200000003
68.5429 1795.4216200000003
69.5432 1789.9508200000002
70.5506 1789.1433200000001
71.5684 1788.1668200000001
72.5687 1787.4626199999998
73.6307 1786.8908199999996
74.6602 1788.83752
75.8199 1790.6879199999998
76.8563 1797.08212
77.8927 1801.93712
78.9279 1808.41452
79.9818 1815.68009
81.0799 1826.9169
82.1105 1836.00096
83.155 1847.9327700000001
84.2065 1857.0844600000003
85.3593 1867.31225
86.455 1882.12881
87.4903 1895.77586
88.529 1910.27256
89.6608 1921.21188
90.7042 1933.7496000000003
91.8313 1947.5670000000002
92.8456 1952.5723
93.8972 1958.4705999999999
95.0417 1968.9972
96.2236 1978.5178
97.3821 1990.2929000000001
98.5081 2002.4156
99.5526 2007.5866999999998
100.625 2019.917
101.78 2028.9134
102.927 2037.0035
103.927 2046.8164000000002
104.938 2056.3363999999997
106.013 2064.1132
107.068 2079.3325999999997
108.068 2085.8624
109.203 2090.8967
110.203 2098.5638
111.288 2103.8174
112.386 2111.6094000000003
113.499 2114.2343
114.604 2126.5049999999997
115.729 2131.0264
116.73 2141.264
117.73 2154.9280000000003
118.872 2163.433
119.957 2173.6477
120.993 2180.9707
122.023 2186.8064999999997
123.152 2192.6892000000003
124.331 2199.3576000000003
125.47 2206.6134
126.605 2212.9518000000003
127.67 2215.8451999999997
128.754 2215.7868999999996
129.931 2219.0031
131.046 2223.5427
132.154 2222.3960999999995
133.154 2220.9228999999996
134.292 2221.7069
135.429 2229.2879999999996
136.43 2227.7537999999995
137.561 2224.6178
138.562 2221.9531999999995
139.562 2216.2727999999997
140.586 2213.871
141.71 2212.4083000000005
142.797 2211.8654000000006
143.948 2209.555
144.949 2212.8444
146.035 2207.6924
147.036 2208.3343
148.194 2206.5063
149.242 2208.8758000000003
150.243 2209.6171000000004
151.303 2203.9772000000003
152.421 2206.7941000000005
153.422 2205.8430000000003
154.57 2205.9550000000004
155.604 2201.1064
156.63 2194.3637
157.751 2188.3505
158.843 2177.5386999999996
159.965 2163.9627
161.103 2151.2039
162.175 2140.2545
163.185 2131.7584
164.331 2118.3698999999997
165.332 2107.7535
166.516 2098.9271999999996
167.668 2088.9283
168.721 2088.1189999999997
169.762 2081.7144000000003
170.846 2080.8799000000004
172.001 2083.6378
173.002 2084.2426
174.117 2084.640900000001
175.216 2087.7801000000004
176.333 2090.0060000000003
177.392 2089.8681
178.546 2090.8995999999997
179.637 2089.9665
180.796 2090.6278
181.863 2091.9836
182.99 2094.2787999999996
183.99 2095.2761
185.021 2096.9561
186.183 2094.5637000000006
187.251 2090.2352000000005
188.251 2089.3585000000003
189.32 2081.5831
190.321 2077.2889999999998
191.33 2069.813
192.412 2063.6654000000003
193.494 2057.1674
194.604 2047.9116999999999
195.604 2037.8063000000002
196.73 2025.7090000000005
197.736 2019.5348000000004
198.736 2010.2231000000002
199.797 1995.8554000000004
200.938 1989.8382000000001
201.939 1980.6758
203.011 1969.5141999999998
204.011 1959.6031999999998
205.012 1946.7809
206.095 1935.0582
207.095 1924.7216999999998
208.183 1905.1246999999998
209.214 1890.3665
210.335 1877.2287999999999
211.335 1865.0847999999999
212.438 1847.2495
213.602 1839.5247999999997
214.627 1820.3656
215.721 1809.3259
216.816 1799.7417
217.951 1788.9238
218.952 1777.3438
220.032 1763.5165000000004
221.09 1753.4459000000004
222.152 1737.6538000000003
223.243 1723.5034
224.243 1707.3872
225.357 1684.6058999999998
226.452 1668.6996
227.512 1654.0053
228.529 1639.1920000000002
229.676 1625.868
230.677 1612.4016
231.677 1598.3908
232.79 1584.3986999999997
233.88 1577.1744999999999
234.971 1571.8339000000003
236.004 1568.5004000000001
237.16 1560.6490000000001
238.161 1555.4716999999998
239.236 1551.9980999999998
240.236 1549.4387
241.236 1544.1747
242.337 1532.8502
243.337 1531.2718
244.473 1525.4718
245.621 1524.0900000000001
246.702 1518.5627000000002
247.806 1517.0557000000003
248.806 1517.8036000000002
249.933 1521.8356000000003
250.934 1524.6807000000003
252.034 1520.8302
253.13 1523.7339
254.25 1523.6968
255.36 1521.1733
256.36 1521.2464
257.501 1519.4902
258.502 1523.0942
259.566 1522.1839
260.566 1523.7416
261.602 1524.9018
262.667 1533.5205
263.826 1541.0356
264.995 1553.1679
266.111 1570.1201999999996
267.24 1582.9061
268.326 1600.4703000000002
269.476 1609.0466
270.558 1625.9197000000001
271.619 1638.846
272.751 1648.5127
273.847 1656.779
274.92 1671.0617000000002
276.019 1686.8386
277.135 1698.3695000000002
278.135 1710.7674000000002
279.211 1719.5275000000001
280.305 1736.0514000000003
281.448 1747.0034000000003
282.504 1763.9820000000002
283.637 1778.7558000000004
284.638 1789.0762
285.703 1794.2677
286.81 1801.7515999999998
287.811 1808.1477
288.833 1814.5317
289.941 1820.0505
290.941 1824.4728
292.095 1828.0489
