1.09939 2189.6331
2.10672 2200.0265
3.15942 2204.2727
4.17605 2208.8592000000003
5.18687 2218.5820000000003
6.21631 2229.6046
7.25737 2240.8283
8.25772 2253.3333
9.26156 2265.9277999999995
10.334 2281.8640999999993
11.3344 2304.8469999999998
12.415 2324.6710000000003
13.4247 2349.1949000000004
14.4448 2372.7127
15.5103 2396.8792999999996
16.5106 2422.6930999999995
17.5226 2455.3971
18.523 2483.4372000000003
19.5477 2513.9012
20.6493 2547.9791999999998
21.6496 2586.3672999999994
22.6709 2621.5660999999996
23.7585 2659.8114
24.7635 2695.7237000000005
25.8267 2724.4913000000006
26.827 2758.0734
27.9263 2788.5439
29.0348 2819.2767000000003
30.0782 2843.4019000000003
31.0867 2869.231
32.087 2889.4879000000005
33.1479 2911.6418000000003
34.1482 2942.2149
35.1521 2966.0709
36.2152 2994.2610999999997
37.2307 3014.2753999999995
38.2683 3033.9269999999997
39.3408 3058.5005
40.4388 3082.5923999999995
41.4392 3100.5375
42.5372 3124.1794999999997
43.5876 3143.9982999999993
44.5879 3168.2115999999996
45.5976 3190.9475999999995
46.6945 3214.7135999999996
47.6949 3236.2497000000003
48.701 3263.8017
49.7014 3285.7936
50.8111 3312.6736
51.8417 3336.5774
52.8897 3353.3436
53.9843 3371.5918
55.0044 3386.8972
56.0048 3393.4970999999996
57.0423 3405.9291
58.0764 3418.5652999999998
59.0768 3427.0869999999995
60.1481 3430.6550999999995
61.3148 3437.6800000000003
62.3628 3439.7586
63.376 3447.3413
64.381 3452.5221
65.3813 3461.8511000000003
66.3968 3475.4031
67.4076 3489.4260999999997
68.4812 3502.1174
69.556 3525.4516
70.5669 3539.8302999999996
71.5672 3561.0857999999994
72.5699 3583.2332999999994
73.6482 3605.2142999999996
74.6497 3628.5262999999995
75.7443 3649.7475
76.7783 3674.0687
77.8217 3704.7270000000003
78.8314 3726.1428
79.905 3746.1316
81.0927 3770.1889
82.1023 3793.1879000000004
83.1678 3817.0901
84.1972 3843.0068
85.2057 3870.0634000000005
86.2759 3890.6427
87.3425 3909.7924000000003
88.3638 3930.2550000000006
89.3642 3946.1830000000004
90.3901 3959.8470000000007
91.4649 3969.001
92.4653 3978.3765
93.561 3986.1437000000005
94.5613 3993.6111
95.6641 3994.0363
96.697 3994.632
97.7962 3995.0712
98.8221 3996.3821
99.8306 3988.4827999999998
100.852 3977.0734999999995
101.852 3966.5863999999997
102.857 3951.0438
103.94 3936.5080000000003
104.974 3928.5637
106.041 3911.0285
107.103 3900.8294
108.103 3889.6074000000003
109.104 3877.6972
110.117 3862.3776000000003
111.143 3844.0760999999998
112.163 3824.5238
113.189 3799.9962
114.204 3776.8017
115.205 3747.1811
116.205 3721.4312999999997
117.205 3694.91
118.221 3670.6154
119.255 3649.9263
120.255 3622.6939
121.261 3590.1783000000005
122.262 3565.8033000000005
123.273 3537.3504000000007
124.273 3510.3578
125.302 3482.9178000000006
126.303 3454.4044000000004
127.303 3425.1724000000004
128.31 3398.5957000000003
129.368 3376.8696
130.408 3347.4496
131.441 3315.4604
132.461 3285.3322999999996
133.461 3254.3792999999996
134.461 3223.2468
135.475 3193.3428000000004
136.51 3164.453
137.51 3130.4802
138.689 3102.8196
139.744 3070.8077
140.811 3049.3408999999997
141.824 3022.9401
142.832 2994.282
144.012 2967.8498000000004
145.04 2945.2960000000003
146.079 2917.2853000000005
147.08 2892.0166
148.08 2865.6965999999998
149.097 2836.7014000000004
150.26 2804.8201
151.26 2778.2351000000003
152.271 2742.2329
153.272 2716.2779999999993
154.272 2683.3464
155.35 2651.5623000000005
156.376 2619.33723
157.446 2585.082250000001
158.521 2553.8165000000004
159.521 2525.3134999999997
160.594 2494.2003499999996
161.636 2465.9734099999996
162.709 2438.15442
163.709 2413.62677
164.777 2391.2175800000005
165.777 2371.4389100000008
166.816 2351.1282900000006
167.852 2333.71219
168.853 2315.32099
169.861 2291.0622900000003
170.877 2269.33359
171.877 2245.6316900000006
172.911 2217.6620900000003
173.949 2193.71619
174.969 2163.29057
176.07 2130.5618
177.071 2099.69546
178.084 2068.30897
179.084 2037.0348600000002
180.084 2002.6881200000003
181.116 1962.29437
182.117 1926.32968
183.117 1894.849
184.168 1862.2738599999998
185.249 1830.4782399999997
186.249 1803.2746399999999
187.285 1772.59714
188.354 1739.26204
189.36 1713.16374
190.36 1687.74624
191.363 1658.65744
192.363 1634.61464
193.364 1613.61644
194.364 1597.5925399999999
195.432 1578.5774399999998
196.481 1561.8798399999998
197.506 1549.34414
198.548 1536.48714
199.562 1528.5519399999998
200.589 1519.2377400000003
201.649 1511.5253400000001
202.689 1507.1276400000002
203.715 1509.3556400000002
204.814 1508.6911400000001
205.854 1508.3802400000002
206.854 1507.0536400000003
207.924 1500.0950400000002
208.925 1496.70414
210.01 1488.8268400000002
211.04 1482.9140399999997
212.221 1473.0765399999998
213.232 1466.2033399999998
214.297 1465.5945399999998
215.332 1465.34194
216.394 1462.0726399999999
217.431 1458.6202400000002
218.485 1455.96704
219.52 1452.08104
220.591 1444.64094
221.621 1435.25574
222.632 1423.5096400000002
223.686 1417.3010400000003
224.721 1414.8982400000002
225.818 1409.7349400000003
226.879 1407.8358400000002
227.879 1395.5329400000003
228.949 1388.6312400000004
229.95 1385.9186400000003
230.995 1378.4970400000002
231.996 1373.19104
233.021 1367.39134
234.093 1374.40444
235.168 1379.3091399999998
236.23 1389.31134
237.27 1404.8371399999999
238.27 1421.4096399999999
239.272 1432.48824
240.3 1447.80844
241.312 1462.21694
242.381 1474.64554
243.381 1492.09604
244.404 1509.90404
245.461 1521.50894
246.466 1536.5511399999998
247.466 1549.86414
248.506 1559.12074
249.586 1565.0533400000002
250.586 1572.38144
251.711 1578.2054400000002
252.783 1581.0953400000003
253.795 1586.2314400000002
254.832 1591.2652400000002
255.836 1595.2895400000002
256.957 1600.67524
257.987 1606.70014
259.068 1612.72224
260.248 1623.0812099999998
261.314 1636.11829
262.326 1651.7858399999998
263.464 1670.4182399999997
264.635 1689.77139
265.768 1706.23123
266.9 1732.04762
267.974 1750.23107
269.126 1770.32726
270.206 1788.92313
271.304 1807.91695
272.409 1825.9305500000003
273.532 1840.0629500000002
274.585 1857.98775
275.68 1870.5461500000001
276.787 1890.84945
277.951 1908.91605
279.053 1932.43875
280.159 1956.6699700000001
281.281 1982.81924
282.355 2005.4906799999999
283.477 2035.3766699999999
284.643 2058.03418
285.733 2081.0965200000005
286.849 2109.6002700000004
287.998 2137.3280600000003
289.047 2161.1275400000004
290.164 2180.06008
291.336 2198.737
292.483 2215.4873000000007
