0.0601875	60
0.141218	62
0.145871	65
0.150567	68
0.15522	71
0.159872	75
0.2054	83
0.21238	82
0.220522	80
0.229828	80
0.239133	80
0.246112	81
0.250765	81
0.255418	82
0.260071	82
0.291477	86
0.298456	87
0.305436	87
0.314741	89
0.324047	91
0.332189	93
0.343821	95
0.353127	98
0.361269	101
0.371738	105
0.382207	109
0.389186	112
0.395002	116
0.399655	119
0.405471	122
0.413613	125
0.458978	132
0.464794	137
0.472936	142
0.477589	146
0.483405	150
0.486895	154
0.495037	158
0.500853	161
0.508996	164
0.514812	167
0.521791	171
0.535749	174
0.549708	178
0.559013	181
0.568319	184
0.578788	187
0.585767	189
0.59042	190
0.595072	191
0.602052	192
0.611357	194
0.659048	200
0.662538	200
0.67068	201
0.675333	201
0.682312	201
0.684639	200
0.692781	201
0.69976	201
0.70674	201
0.711392	201
1.1441	197
1.16388	193
1.17784	187
1.19645	182
1.21273	175
1.2232	170
1.23367	166
1.24646	162
1.25693	159
1.26973	157
1.28369	156
1.29997	156
1.31277	156
1.32905	158
1.34185	159
1.35697	162
1.36976	164
1.38489	168
1.39652	171
1.40931	175
1.41862	179
2.48487	165
2.49534	153
2.50455	142
2.51367	132
2.52279	124
2.53191	116
2.54125	110
2.55015	104
2.55927	100
2.56839	95
2.57751	92
2.58663	88
2.59575	85
2.60363	83
2.61149	81
2.61902	79
2.62648	77
2.63386	75
2.64123	74
2.6486	73
2.65597	72
2.66333	71
2.67316	70
2.68496	70
2.69642	69
2.70744	69
2.71802	69
2.72945	69
2.73931	68
2.74609	68
2.75367	67
2.76126	67
2.76884	67
2.77643	66
2.78401	66
2.7916	66
2.79918	66
2.80677	66
2.81435	66
2.82194	65
2.82952	65
2.83711	65
2.84469	65
2.85228	65
2.85986	65
2.86745	65
2.87503	65
2.8826	65
2.89017	65
2.89774	65
2.90531	65
2.91288	65
2.92046	65
2.92803	65
2.9356	65
2.94317	65
2.95074	65
2.95831	65
2.96588	65
2.97346	65
2.98103	65
2.9886	65
2.99617	65
3.00374	65
3.01131	65
3.01888	65
3.02646	65
3.03403	65
3.0416	65
3.04917	65
3.05674	65
3.06431	65
3.07188	65
3.07946	65
3.08703	65
3.0946	65
3.10217	65
3.10974	65
3.11731	65
3.12489	65
3.13246	65
3.14003	65
3.14711	65
3.1529	64
3.15935	64
3.16501	64
3.17107	64
3.17713	64
3.18319	64
3.18924	64
3.1953	64
3.20136	64
3.20834	64
3.2165	65
3.22546	65
3.2352	65
3.24506	65
3.25359	65
3.26236	65
3.27113	65
3.27949	65
3.28576	65
3.29204	65
3.29884	65
3.30458	65
3.31086	64
3.31713	64
3.32407	64
3.32968	64
3.33595	64
3.34307	64
3.35005	65
3.35586	65
3.36104	65
3.36732	65
3.37359	64
3.37986	64
3.38615	64
3.39272	64
3.39888	64
3.40693	64
3.41274	64
3.42088	65
3.4267	65
3.43135	65
3.43632	65
3.443	65
3.44979	65
3.45549	65
3.46141	65
3.46855	65
3.47437	65
3.4804	65
3.48651	64
3.49278	64
3.49905	64
3.50639	64
3.5116	64
3.51787	64
3.52453	64
3.53077	64
3.54008	65
3.54822	65
3.5552	66
3.56334	67
3.57265	68
3.57963	69
3.58777	70
3.59591	71
3.60405	73
3.6122	74
3.62034	76
3.62848	77
3.63662	79
3.6436	80
3.65291	82
3.66105	84
3.66919	86
3.67734	88
3.68548	90
3.69362	92
3.70176	94
3.70991	96
3.71805	98
3.72619	100
3.73433	102
3.74131	104
3.74945	106
3.75527	108
3.76341	110
3.77039	112
3.77621	114
3.78319	116
3.79017	118
3.79598	120
3.80296	122
3.80994	124
3.81692	126
3.8239	128
3.83088	130
3.84251	132
3.85182	134
3.86112	136
3.87043	138
3.88206	140
3.89136	142
3.90067	144
3.90998	146
3.91928	148
3.92859	150
3.93673	152
3.94487	154
3.95185	155
3.95999	157
3.96697	159
3.97395	160
3.98093	162
3.98675	163
3.99373	165
4.00071	166
4.00768	167
4.01583	168
4.02164	169
4.02862	171
4.0356	172
4.04374	173
4.05305	174
4.06584	175
4.07631	176
4.08562	177
4.09609	179
4.10423	179
4.11237	180
4.12051	180
4.12633	180
4.13447	181
4.14029	181
4.14727	181
4.15308	180
4.16123	180
4.16821	181
4.17402	181
4.18216	181
4.18914	181
4.19845	181
4.20543	181
4.21124	181
4.21822	182
4.22637	182
4.23567	182
4.24614	182
4.25661	181
4.26591	181
4.27638	181
4.28569	181
4.29267	181
4.30081	181
4.30779	181
4.31593	181
4.32175	181
4.32873	181
4.33454	181
4.34269	181
4.34734	181
4.35199	181
4.35781	181
4.36711	181
4.37177	181
4.3834	182
4.39038	182
4.40201	182
4.41597	182
4.42411	181
4.43574	181
4.44388	180
4.45552	180
4.46482	180
4.4718	180
4.47878	179
4.4846	179
4.49507	179
4.50088	179
4.50786	179
4.51484	179
4.52182	179
4.52531	179
4.53345	179
4.5381	179
4.54508	178
4.5509	178
4.56137	178
4.56835	178
4.57882	178
4.5951	178
4.60441	178
4.6172	179
4.62534	179
4.63814	179
4.64512	179
4.6521	180
4.65908	180
4.66489	180
4.6742	180
4.68118	180
4.68932	180
4.69514	180
4.70211	180
4.70677	180
4.71258	180
4.72073	180
4.72887	180
4.73468	180
4.74399	180
4.75213	181
4.76144	181
4.77772	181
4.78587	181
4.7975	181
4.80564	181
4.81843	180
4.82658	180
4.83239	180
4.83821	180
4.84635	180
4.85449	180
4.86147	180
4.86962	180
4.87659	180
4.88241	180
4.88939	180
4.89404	180
4.89986	180
4.90451	180
4.91149	181
4.91614	181
4.92429	181
4.93243	181
4.9429	181
4.96383	180
4.97547	180
4.98245	179
4.9964	179
5.00571	179
5.01269	179
5.01967	179
5.02781	178
5.03363	178
5.04061	178
5.04875	178
5.05573	178
5.06154	178
5.06969	179
5.0755	179
5.08248	179
5.0883	179
5.09411	179
5.10109	180
5.10807	180
5.11389	180
5.12203	181
5.12785	181
5.14646	181
5.15809	181
5.16391	181
5.17554	181
5.18484	181
5.19066	180
5.19764	180
5.20578	180
5.21043	179
5.21858	179
5.22555	179
5.23253	178
5.23951	178
5.24766	178
5.25231	178
5.26161	178
5.26627	178
5.27557	178
5.28255	179
5.29069	179
5.29767	179
5.30582	180
5.34885	179
5.357	178
5.36398	177
5.36979	176
5.37561	175
5.38142	174
5.38608	173
5.39189	172
5.39771	170
5.40469	169
5.41167	168
5.41865	167
5.42446	166
5.43144	166
5.43726	165
5.44424	165
5.45005	165
5.45587	164
5.46168	164
5.46983	164
5.51519	163
5.52566	163
5.53729	162
5.54776	162
5.55707	162
5.56521	162
5.57568	161
5.58498	161
5.5908	161
5.59778	161
5.60476	160
5.61174	160
5.61872	159
5.6257	159
5.63616	159
5.64431	159
5.65245	160
5.66175	160
5.6699	161
5.68037	161
5.68967	162
5.69781	163
5.70596	164
5.71294	165
5.72224	166
5.73038	167
5.73969	168
5.75016	168
5.76063	169
5.76644	170
5.77459	170
5.78156	171
5.78854	171
5.79785	172
5.80483	172
5.81297	172
5.82111	173
5.82926	173
5.8374	174
5.8467	174
5.86299	174
5.86997	174
5.87927	174
5.88742	174
5.89556	173
5.9037	173
5.91301	173
5.92347	173
5.93511	173
5.94092	173
5.9479	173
5.95604	173
5.96302	173
5.97	172
5.97931	172
5.98745	172
5.99676	172
6.0049	172
6.01304	173
6.02118	173
6.03514	173
6.04212	173
6.0491	173
6.05492	173
6.06422	173
6.0712	174
6.07934	174
6.08865	174
6.09912	174
6.1154	174
6.12471	174
6.13401	174
6.14332	173
6.15379	173
6.16426	173
6.17589	173
6.18403	172
6.19217	172
6.20148	172
6.21079	172
6.21776	173
6.22474	173
6.23172	172
6.2387	172
6.24452	172
6.25382	172
6.26197	171
6.26895	171
6.27941	171
6.28872	172
6.29686	172
6.30733	172
6.31664	172
6.32711	172
6.33757	172
6.35037	172
6.35851	172
6.36782	173
6.37712	173
6.38643	173
6.39457	174
6.40039	174
6.40737	173
6.41551	173
6.42249	173
6.42947	173
6.43761	173
6.44691	173
6.45389	173
6.46204	173
6.47134	173
6.48065	173
6.48995	173
6.50042	173
6.50973	173
6.52252	173
6.53067	172
6.53997	172
6.54928	172
6.55858	172
6.56672	172
6.5737	172
6.58185	172
6.58883	171
6.59697	171
6.60511	172
6.61093	172
6.61907	172
6.62488	173
6.63186	173
6.63884	173
6.64699	173
6.6656	174
6.67607	174
6.68653	174
6.69933	174
6.70747	174
6.7191	175
6.72957	175
6.73655	175
6.74353	175
6.75284	175
6.76098	175
6.76679	174
6.77377	174
6.78192	174
6.78773	174
6.79587	173
6.80402	173
6.81216	173
6.81914	173
6.82728	173
6.83891	173
6.84938	173
6.85869	172
6.87265	172
6.88195	173
6.89358	173
6.90289	173
6.91219	173
6.91917	173
6.92732	173
6.9343	173
6.94244	173
6.95058	173
6.95872	173
6.9657	173
6.97384	173
6.98315	173
6.99013	174
6.99827	174
7.00641	174
7.01572	174
7.02619	174
7.03433	174
7.04713	174
7.05643	174
7.06806	174
7.07621	174
7.09482	173
7.1018	172
7.10994	172
7.11692	171
7.12622	170
7.13204	170
7.13669	169
7.14367	169
7.14832	168
7.15414	168
7.15996	167
7.16694	166
7.1774	165
7.19253	164
7.20532	164
7.21579	163
7.22626	162
7.23789	162
7.25767	161
7.26581	160
7.27511	160
7.28442	159
7.29256	159
7.30187	159
7.30885	159
7.31466	158
7.3228	157
7.33095	157
7.33793	156
7.34491	155
7.35421	155
7.36352	155
7.37166	155
7.3798	154
7.38911	154
7.39725	154
7.40655	154
7.4147	154
7.424	154
7.43215	154
7.44029	154
7.44959	155
7.45774	155
7.46588	155
7.47518	155
7.48565	155
7.49379	156
7.5031	156
7.51241	157
7.52287	157
7.53218	158
7.54032	159
7.54963	159
7.55777	160
7.56708	161
7.57638	161
7.58452	162
7.59383	162
7.60314	163
7.61128	164
7.61942	164
7.62873	164
7.63687	165
7.64501	165
7.65199	165
7.66246	166
7.66944	166
7.67642	166
7.68456	166
7.69038	166
7.69968	166
7.70899	166
7.71713	167
7.72527	167
7.73574	167
7.75086	167
7.76133	166
7.77064	166
7.78227	166
7.79157	165
7.80321	165
7.81251	165
7.82182	165
7.8288	164
7.8381	164
7.84741	164
7.85555	164
7.86486	164
7.87183	164
7.88347	165
7.88928	165
7.89743	165
7.9044	164
7.91255	164
7.92302	164
7.93116	165
7.93697	164
7.94744	164
7.95675	164
7.96838	164
7.97769	164
7.98815	165
7.99513	165
8.00328	165
8.01142	164
8.01956	164
8.02887	164
8.03585	164
8.04631	164
8.05562	164
8.06376	164
8.07307	164
8.08237	164
8.09168	164
8.09866	164
8.10796	164
8.11611	165
8.12425	165
8.13588	165
8.14519	165
8.15566	165
8.16263	165
8.16961	165
8.17776	165
8.18474	165
8.19404	165
8.20335	165
8.21149	165
8.21963	165
8.22777	165
8.23359	165
8.24173	166
8.24987	166
8.25685	166
8.26616	166
8.2743	166
8.28942	166
8.30106	166
8.31152	166
8.32199	165
8.3313	165
8.3406	164
8.34875	163
8.35689	163
8.36619	162
8.37317	162
8.38248	162
8.39179	161
8.40109	161
8.40923	161
8.41854	161
8.42784	162
8.43482	162
8.4418	161
8.45111	161
8.45925	161
8.46856	162
8.4767	162
8.48484	162
8.49531	162
8.50462	162
8.51392	162
8.5209	162
8.53137	163
8.53951	163
8.54649	163
8.55231	163
8.56278	162
8.57092	162
8.58022	162
8.58837	162
8.59767	162
8.60814	162
8.61628	162
8.62443	162
8.63373	162
8.64187	163
8.65118	163
8.66165	163
8.66979	163
8.6791	164
8.68724	164
8.69538	164
8.70469	164
8.7105	164
8.71981	164
8.72795	163
8.74772	163
8.75703	162
8.76401	162
8.77331	162
8.78029	162
8.78844	162
8.79891	163
8.80588	163
8.81519	163
8.82333	163
8.83962	162
8.84892	162
8.85823	161
8.86753	160
8.878	159
8.88847	159
8.89894	158
8.90825	157
8.91755	157
8.92686	157
8.935	156
8.94431	156
8.95361	156
8.96059	156
8.96757	156
8.97455	155
8.98385	155
8.99316	155
9.00363	155
9.01177	155
9.02224	155
9.03271	154
9.04434	155
9.05481	155
9.06411	155
9.07226	155
9.0804	155
9.08854	154
9.09785	154
9.10599	154
9.1153	154
9.12576	154
9.13507	154
9.14205	154
9.15135	154
9.16066	155
9.1688	155
9.18043	155
9.1909	156
9.20137	156
9.213	156
9.22231	156
9.23045	156
9.23627	156
9.24557	156
9.25604	157
9.26419	157
9.27233	157
9.2828	157
9.29327	157
9.30141	157
9.30955	157
9.31769	157
9.32583	157
9.33398	157
9.33979	157
9.35143	158
9.36306	158
9.37469	159
9.38399	159
9.39679	159
9.4061	159
9.41656	159
9.42587	158
9.43867	158
9.4503	158
9.46077	158
9.46775	157
9.47821	157
9.48519	157
9.49217	157
9.50031	157
9.50729	156
9.5166	156
9.52591	156
9.53637	155
9.54801	155
9.55847	154
9.56778	154
9.57825	154
9.59221	154
9.60151	153
9.60966	153
9.62012	152
9.62943	152
9.63757	152
9.64688	152
9.65735	152
9.66549	152
9.67479	152
9.6841	153
9.69341	153
9.70155	153
9.71085	154
9.719	154
9.72714	154
9.73644	154
9.7504	155
9.75971	155
9.76669	155
9.77716	156
9.78763	156
9.7946	156
9.80391	156
9.81438	156
9.82368	156
9.83183	156
9.8423	156
9.85044	156
9.85974	157
9.86905	157
9.87719	157
9.88533	157
9.89231	157
9.90162	157
9.90976	157
9.92023	158
9.92721	158
9.93768	158
9.94815	159
9.96443	159
9.97374	159
9.98537	159
9.99467	158
10.0075	158
10.0179	158
10.0272	158
10.0342	158
10.0412	158
10.0482	157
10.0563	157
10.0645	156
10.0726	156
10.0808	156
10.0889	155
10.097	155
10.1075	155
10.1191	155
10.1296	155
10.1412	155
10.1587	154
10.168	154
10.1785	153
10.1878	153
10.1982	153
10.2075	153
10.2168	153
10.225	153
10.2343	153
10.2424	153
10.2517	153
10.2622	153
10.2704	153
10.2785	153
10.2855	153
10.2925	152
10.3041	151
10.3111	150
10.318	149
10.325	148
10.332	146
10.339	144
10.3448	142
10.3506	140
10.3576	138
10.3634	135
10.3716	133
10.3809	131
10.389	129
10.3948	128
10.4006	126
10.4064	124
10.4123	123
10.4192	122
10.4274	120
10.4332	119
10.4402	118
10.4472	118
10.4553	117
10.4634	115
10.4728	114
10.4844	112
10.4937	111
10.5018	109
10.5088	107
10.517	105
10.5239	103
10.5309	102
10.5391	100
10.546	99
10.553	97
10.56	96
10.5693	94
10.5774	93
10.5856	92
10.5937	91
10.6019	91
10.6112	90
10.6216	90
10.6298	90
10.6391	90
10.6496	90
10.6577	90
10.6682	90
10.6763	91
10.6856	91
10.6949	92
10.7054	92
10.7135	93
10.7228	94
10.7321	95
10.7414	95
10.7508	96
10.7589	97
10.7682	98
10.7787	99
10.7868	100
10.7961	101
10.8054	102
10.8147	103
10.824	104
10.8322	105
10.8426	107
10.852	108
10.8613	109
10.8694	110
10.8799	111
10.888	112
10.8985	113
10.9055	114
10.9159	115
10.9252	116
10.9334	117
10.9427	118
10.9497	119
10.9566	120
10.9659	121
10.9741	123
10.9811	124
10.9892	125
10.9962	126
11.0055	128
11.0136	129
11.0218	131
11.0322	132
11.0439	133
11.0555	134
11.0683	136
11.0811	137
11.0939	138
11.1044	140
11.1148	142
11.1253	143
11.1346	145
11.1451	147
11.1532	148
11.1625	150
11.1695	151
11.1776	152
11.1858	153
11.1939	153
11.2009	154
11.2102	155
11.2195	155
11.2288	156
11.2381	157
11.2486	158
11.2579	159
11.2661	160
11.2765	161
11.2858	162
11.2963	164
11.3056	165
11.3137	166
11.323	168
11.3324	169
11.3417	170
11.351	171
11.3579	172
11.3673	173
11.3766	174
11.3847	175
11.394	176
11.4045	177
11.4126	178
11.4219	179
11.4301	180
11.4405	182
11.4498	183
11.458	184
11.4696	185
11.4789	186
11.4906	187
11.4999	188
11.5092	189
11.5196	189
11.5289	190
11.5382	191
11.5487	192
11.5557	192
11.565	193
11.5731	194
11.579	194
11.5871	195
11.5964	196
11.6243	196
11.6394	195
11.6453	193
11.6534	192
11.665	191
11.6755	190
11.6871	189
11.6964	188
11.7046	187
11.7127	187
11.7197	186
11.7302	185
11.7383	185
11.7465	184
11.7534	184
11.7616	183
11.7697	183
11.7767	182
11.8023	182
11.8174	181
11.8244	181
11.8349	180
11.843	180
11.8546	180
11.8663	180
11.8756	179
11.8837	179
11.8919	179
11.9	179
11.9093	179
11.9174	179
11.9256	179
11.9337	179
11.943	179
11.9512	179
11.9593	179
11.9826	179
11.9977	179
12.007	180
12.0175	180
12.0256	180
12.0396	181
12.05	181
12.0605	182
12.0663	182
12.0733	182
12.0826	182
12.0908	182
12.0989	181
12.1059	181
12.1129	181
12.121	180
12.1291	180
12.135	180
12.1419	180
12.1606	180
12.1768	179
12.1873	179
12.2082	180
12.2222	180
12.2327	180
12.2443	181
12.2536	181
12.2618	181
12.2699	180
12.278	180
12.2862	180
12.2943	180
12.3013	179
12.3094	179
12.3187	179
12.3257	179
12.3362	179
12.3455	179
12.3583	180
12.3676	180
12.3862	179
12.399	179
12.4106	179
12.4234	179
12.4304	178
12.4386	178
12.4467	178
12.4548	178
12.463	177
12.4735	178
12.4804	178
12.4897	178
12.4979	178
12.506	178
12.5165	178
12.5386	178
12.5456	178
12.5572	177
12.57	176
12.5805	175
12.5933	175
12.6002	174
12.6107	173
12.6189	173
12.627	172
12.6363	172
12.6444	172
12.6514	171
12.6607	171
12.67	171
12.6782	171
12.6875	171
12.6933	171
12.7119	171
12.7177	171
12.7294	171
12.7445	172
12.7689	172
12.7794	172
12.7898	173
12.7992	173
12.8073	172
12.8178	171
12.9341	184
12.9492	178
13.0551	171
13.069	164
13.1644	157
13.1749	151
13.1865	146
13.197	142
13.2086	139
13.2214	136
13.233	134
13.2458	133
13.2586	132
13.2702	132
13.2819	131
13.2923	131
13.3028	131
13.3133	132
13.3226	132
13.3319	132
13.3412	132
13.3517	132
13.3633	132
13.3738	133
13.3842	133
13.3947	134
13.4075	135
13.4191	136
13.4308	137
13.4424	138
13.454	140
13.4657	141
13.4773	143
13.4889	144
13.5006	146
13.5122	148
13.525	149
13.5355	151
13.5448	153
13.5552	154
13.5657	155
13.5762	157
13.5866	158
13.5971	159
13.6076	161
13.618	162
13.6297	163
13.6401	164
13.6506	165
13.6611	166
13.6727	168
13.6843	169
13.696	170
13.7064	172
13.7158	173
13.7239	174
13.7297	174
13.7355	174
13.7413	173
13.7483	172
13.7553	171
13.7611	170
13.7681	168
13.7739	166
13.7821	164
13.7879	162
13.7948	160
13.8007	158
13.8076	155
13.8146	153
13.8216	150
13.8274	148
13.8356	145
13.8437	143
13.8507	141
13.8565	138
13.8623	135
13.8681	133
13.8739	130
13.8786	127
13.8833	124
13.8891	122
13.8937	119
13.8995	116
13.9054	114
13.9112	111
13.9158	109
13.9228	107
13.9321	105
13.9391	104
13.9437	102
13.9496	100
13.9554	99
13.9635	97
13.9717	95
13.9786	93
13.9856	90
13.9961	88
14.0077	86
14.0147	83
14.0237	81
14.0322	79
14.0403	78
14.0469	76
14.0544	75
14.0649	74
14.0742	73
14.0846	73
14.0951	73
14.1009	73
14.1067	73
14.1137	73
14.1195	73
14.1265	72
14.1358	72
14.1451	72
14.1533	72
14.1626	72
14.1719	73
14.1823	74
14.1905	75
14.1975	75
14.2033	76
14.2137	76
14.223	77
14.2324	78
14.2428	79
14.2533	81
14.2638	82
14.2731	84
14.2835	86
14.2928	87
14.3033	89
14.3126	91
14.3231	93
14.3336	96
14.3429	98
14.3533	100
14.3626	102
14.3731	104
14.3836	107
14.3929	109
14.4033	111
14.4126	114
14.4231	116
14.4324	118
14.4441	121
14.4545	124
14.4638	126
14.4743	129
14.4836	131
14.4941	134
14.5045	136
14.515	139
14.5255	142
14.5359	144
14.5464	147
14.5557	150
14.5639	152
14.572	155
14.5801	158
14.5871	160
14.5953	162
14.6011	164
14.6081	166
14.615	168
14.6232	170
14.629	171
14.6371	173
14.6476	175
14.6592	176
14.6697	178
14.6813	180
14.693	181
14.7034	182
14.7151	184
14.7244	185
14.7337	187
14.743	188
14.7535	189
14.7639	191
15.0873	193
15.0954	194
15.1036	195
15.1106	196
15.1187	197
15.1257	198
15.1327	199
15.1431	200
15.1524	200
15.1606	201
15.1711	201
15.1804	202
15.192	202
15.1978	201
15.206	201
15.2164	201
15.2257	201
15.2362	201
15.2467	201
15.2583	201
15.2676	201
15.2792	201
15.2874	201
15.2955	202
15.3025	202
15.3106	202
15.3176	202
15.3234	202
15.3304	202
15.3374	202
15.3479	202
15.356	202
15.3618	202
15.3711	202
15.3781	202
15.3851	202
15.3921	202
15.3979	202
15.406	202
15.4142	202
15.4211	202
15.4293	202
15.4386	202
15.4502	203
15.6515	201
15.6631	200
15.6736	199
15.684	198
15.6922	198
15.7003	197
15.7073	197
15.7131	196
15.7212	196
15.7271	195
15.7364	195
15.7422	195
15.7538	194
15.762	194
15.7713	193
15.805	196
15.812	193
15.819	190
15.8259	187
15.8341	185
15.8445	183
15.8539	182
15.8608	180
15.8678	178
15.8748	177
15.8818	175
15.8876	174
15.8957	172
15.9027	171
15.9109	170
15.919	169
15.926	168
15.9341	167
15.9481	164
15.9516	161
15.9551	158
15.9597	154
15.9632	151
15.9667	147
15.9713	144
15.9748	140
15.9783	136
15.9818	132
15.9865	128
15.9899	124
15.9934	120
15.9981	116
16.0016	112
16.0051	108
16.0086	104
16.0132	100
16.0167	96
16.0214	92
16.0292	89
16.0371	86
16.0451	83
16.0528	81
16.0607	79
16.0686	77
16.0765	75
16.0848	74
16.0923	73
16.1003	72
16.1086	71
16.1149	70
16.1222	69
16.1281	69
16.1339	68
16.1401	68
16.1482	68
16.154	67
16.1598	67
16.1668	67
16.1726	66
16.1785	66
16.1895	66
16.1989	66
16.2096	66
16.2201	66
16.2305	67
16.241	67
16.2503	67
16.2608	68
16.2689	69
16.2771	70
16.2852	70
16.2934	71
16.3027	73
16.3108	74
16.319	75
16.3259	76
16.3352	78
16.3434	79
16.3527	81
16.3608	82
16.3701	84
16.3794	86
16.3864	88
16.3969	90
16.405	92
16.4143	94
16.4225	96
16.4318	98
16.4399	100
16.4469	102
16.455	104
16.4632	106
16.4713	108
16.4771	110
16.4865	111
16.4923	113
16.4981	114
16.5051	115
16.5109	116
16.5167	117
16.5237	117
16.5307	118
16.5376	118
16.5446	119
16.5516	120
16.5574	120
16.5644	121
16.5714	121
16.5783	122
16.5865	122
16.5935	123
16.6016	124
16.6109	125
16.6191	126
16.6272	127
16.6353	128
16.6435	130
16.6528	131
16.6609	133
16.6691	134
16.6795	136
16.6877	138
16.6958	140
16.7051	142
16.7144	144
16.7226	146
16.7296	148
16.7389	149
16.7458	151
16.7528	153
16.761	154
16.7691	156
16.7749	158
16.7819	159
16.7877	161
16.7947	162
16.8017	163
16.8087	165
16.8156	166
16.8226	168
16.8284	170
16.8354	171
16.8412	173
16.8482	174
16.8552	176
16.8657	177
16.8726	179
16.8819	180
16.8924	181
16.9006	183
16.911	184
16.9203	185
16.9296	186
16.9366	187
16.9436	188
16.9529	189
16.9575	190
16.9669	191
16.9727	191
16.9808	192
16.9878	193
16.9948	194
17.0029	195
17.0099	196
17.0169	197
17.0227	197
17.0297	198
17.0355	199
17.0413	199
17.0483	199
17.0541	200
17.0611	200
17.0692	200
17.3321	200
17.3391	199
17.3449	199
17.3519	198
17.3565	198
17.3612	197
17.367	197
17.3716	197
17.3775	197
17.3833	196
17.3891	196
17.3972	196
17.4054	197
17.41	196
17.4182	196
17.4263	196
17.4345	196
17.4438	196
17.4554	197
17.4635	197
17.4728	197
17.481	197
17.488	197
17.4961	197
17.5019	197
17.5066	197
17.5147	197
17.5194	197
17.5252	197
17.5333	197
17.5403	197
17.5461	197
17.5519	197
17.5578	197
17.5647	197
17.5706	197
17.5764	197
17.5822	197
17.5903	197
17.5973	197
17.6031	197
17.6078	196
17.6136	196
17.6217	196
17.6264	196
17.6322	196
17.6392	195
17.6462	195
17.6543	195
17.6601	196
17.702	200
17.709	197
17.7148	194
17.7194	191
17.7288	189
17.7346	187
17.7404	186
17.7462	184
17.7509	182
17.7602	181
17.766	180
17.7741	180
17.7811	179
17.7869	179
17.7951	179
17.8009	178
17.8067	178
17.8137	178
17.8195	178
17.8265	177
17.8334	177
17.8381	177
17.8707	176
17.8765	175
17.8835	174
17.8904	174
17.8963	174
17.9044	174
17.9114	175
17.9172	175
17.9253	175
17.9323	176
17.9416	177
17.9474	177
17.9626	178
17.9684	178
17.9765	178
17.9847	178
17.9928	177
18.0009	177
18.0091	177
18.0172	177
18.0277	177
18.0382	177
18.0498	178
18.0556	178
18.0638	178
18.0707	178
18.0777	178
18.0847	178
18.0917	178
18.0998	179
18.108	179
18.1161	180
18.1254	180
18.1312	180
18.1463	181
18.1498	181
18.1545	180
18.1615	180
18.1684	179
18.1766	179
18.1836	178
18.1905	177
18.1998	177
18.2092	176
18.2196	175
18.2243	174
18.2313	173
18.2371	172
18.2452	172
18.251	171
18.2592	171
18.2661	170
18.2731	170
18.2813	169
18.2906	168
18.2964	168
18.3115	167
18.3185	167
18.3266	167
18.3336	167
18.3406	167
18.3464	167
18.3522	167
18.3592	167
18.3697	167
18.3778	167
18.3894	167
18.3976	168
18.4034	168
18.4081	168
18.4162	168
18.4243	169
18.429	169
18.4371	169
18.443	169
18.4523	169
18.4592	169
18.4662	169
18.472	169
18.4837	170
18.4906	170
18.4988	170
18.5069	170
18.5127	171
18.5174	171
18.5232	171
18.5395	170
18.5476	170
18.5639	170
18.5732	169
18.5837	169
18.593	169
18.5988	169
18.607	168
18.6128	168
18.6198	168
18.6256	168
18.6349	168
18.6407	168
18.6488	168
18.6558	169
18.6628	169
18.6698	169
18.6791	170
18.6872	170
18.6919	170
18.6977	170
18.7105	170
18.7186	170
18.7338	170
18.7431	170
18.7535	170
18.764	170
18.7698	170
18.7756	170
18.7803	169
18.7861	169
18.7919	168
18.7989	168
18.8035	167
18.8117	166
18.8187	166
18.8256	165
18.8338	165
18.8419	165
18.8512	165
18.8582	165
18.8629	164
18.871	164
18.8792	163
18.8943	163
18.9013	162
18.9117	162
18.9222	161
18.9315	161
18.9373	161
18.9431	161
18.9478	160
18.9559	160
18.9629	160
18.9687	159
18.9757	159
18.9838	159
18.9908	159
18.9966	159
19.0036	159
19.0094	160
19.0141	160
19.0211	160
19.0269	160
19.0327	160
19.0408	160
19.056	160
19.0606	160
19.0792	160
19.0885	159
19.0978	159
19.1071	159
19.1153	159
19.1246	158
19.1339	158
19.142	158
19.149	158
19.1572	158
19.163	158
19.17	158
19.1758	158
19.1816	158
19.1897	158
19.1955	158
19.2037	158
19.2107	158
19.22	159
19.2258	159
19.2339	159
19.2432	160
19.2514	160
19.2607	161
19.2677	160
19.2758	160
19.2839	160
19.2933	160
19.3002	160
19.3095	160
19.3165	160
19.3235	160
19.3316	160
19.3386	160
19.3456	160
19.3537	160
19.3607	161
19.3677	161
19.3758	162
19.3921	161
19.4003	161
19.4084	160
19.4189	160
19.4259	159
19.434	159
19.441	159
19.4503	159
19.4573	158
19.4677	158
19.4736	158
19.4817	158
19.4863	157
19.4922	157
19.5003	156
19.5073	156
19.5143	156
19.5224	155
19.5294	155
19.5445	155
19.5503	154
19.5585	154
19.5643	154
19.5724	154
19.5794	154
19.5887	154
19.5968	154
19.6062	154
19.6131	154
19.6283	154
19.6376	154
19.6469	154
19.6573	154
19.6666	154
19.6759	154
19.6853	154
19.6957	154
19.7039	153
19.7108	153
19.7201	153
19.7283	154
19.7353	154
19.7434	154
19.7516	155
19.7609	155
19.769	156
19.776	156
19.7853	157
19.7934	157
19.8016	158
19.8097	159
19.8179	159
19.826	159
19.8341	159
19.8446	159
19.8539	159
19.8609	158
19.8702	158
19.8772	158
19.8865	158
19.8935	158
19.9028	158
19.9109	158
19.9214	158
19.9295	159
19.9377	159
19.9458	159
19.9551	159
19.9644	160
19.9714	160
19.9795	160
19.9865	160
19.9935	160
20.004	160
20.0121	159
20.0203	159
20.0284	159
20.0365	159
20.0435	159
20.0493	158
20.0575	158
20.0656	157
20.0749	157
20.0831	156
20.0912	156
20.0982	156
20.1063	155
20.1145	155
20.1203	155
20.1273	155
20.1354	155
20.1424	155
20.1482	155
20.1587	155
20.1668	155
20.1819	154
20.1924	154
20.2017	154
20.2122	154
20.2215	154
20.2308	154
20.2401	154
20.2494	154
20.2575	154
20.2645	154
20.2727	154
20.2808	154
20.2878	154
20.2948	154
20.3029	154
20.3111	155
20.3192	155
20.3285	156
20.3355	156
20.3448	157
20.3529	157
20.3622	157
20.3715	158
20.3797	158
20.389	158
20.3983	158
20.4064	157
20.4146	157
20.4227	157
20.4297	157
20.4378	157
20.4448	157
20.453	157
20.4611	157
20.4669	157
20.4762	157
20.4855	157
20.4937	157
20.5041	157
20.5135	158
20.5228	158
20.5321	158
20.5425	159
20.5518	159
20.56	159
20.567	159
20.5763	160
20.5844	160
20.5914	160
20.5984	160
20.6053	160
20.6112	160
20.6181	159
20.6251	159
20.6333	159
20.6414	158
20.6507	158
20.6589	157
20.6647	157
20.6716	157
20.6775	157
20.6868	156
20.6972	156
20.7065	156
20.7147	156
20.7217	156
20.7391	155
20.7484	155
20.7589	155
20.7682	155
20.7763	155
20.7868	154
20.7949	154
20.8043	154
20.8112	154
20.8194	154
20.8264	154
20.8333	154
20.8426	154
20.8485	154
20.8578	154
20.8659	154
20.874	155
20.8833	155
20.8892	156
20.8996	156
20.9089	157
20.9182	157
20.9287	157
20.9345	157
20.9438	157
20.9648	157
20.9718	156
20.9799	155
20.9869	155
20.9939	154
21.002	154
21.0113	153
21.0194	153
21.0264	153
21.0357	153
21.0439	153
21.0532	153
21.0625	153
21.0718	153
21.0823	153
21.0916	153
21.1009	153
21.1206	154
21.1299	154
21.1381	154
21.1486	155
21.1544	155
21.1614	156
21.1672	155
21.1753	155
21.1811	155
21.1881	155
21.1962	154
21.2056	154
21.2114	154
21.216	153
21.223	153
21.2335	153
21.2416	152
21.2498	152
21.2753	151
21.2847	150
21.2963	149
21.3068	149
21.3172	148
21.3277	148
21.3382	147
21.3463	147
21.3544	147
21.3626	146
21.3707	146
21.38	146
21.387	146
21.3963	147
21.4045	147
21.4138	147
21.4231	147
21.4324	148
21.4417	148
21.4498	149
21.458	149
21.4661	150
21.4731	150
21.4824	151
21.4905	151
21.4987	151
21.508	151
21.515	151
21.5243	151
21.5324	151
21.5406	151
21.5499	152
21.558	152
21.5685	152
21.5766	152
21.5859	152
21.5952	152
21.6045	153
21.6127	153
21.622	153
21.6301	153
21.6383	154
21.6487	154
21.6569	155
21.6673	155
21.6767	156
21.6848	156
21.6941	157
21.7034	158
21.7127	158
21.7197	158
21.7302	159
21.7383	159
21.7476	159
21.7557	159
21.7627	159
21.7709	159
21.7778	159
21.7848	158
21.7918	158
21.7988	158
21.8058	158
21.8127	157
21.8232	157
21.8325	157
21.8395	157
21.8581	156
21.8674	156
21.879	156
21.8907	155
21.9	155
21.9093	155
21.9186	154
21.9279	154
21.936	154
21.9442	154
21.9535	154
21.9616	154
21.9721	154
21.9814	154
21.9896	155
21.9977	155
22.007	156
22.0151	156
22.0233	156
22.0314	157
22.0372	157
22.0489	157
22.0559	157
22.0652	156
22.0756	156
22.0838	156
22.0919	156
22.1012	156
22.1105	156
22.1175	156
22.128	156
22.1373	156
22.1443	156
22.1536	156
22.1617	155
22.171	155
22.1803	156
22.1885	156
22.1966	156
22.2059	156
22.2164	156
22.2245	157
22.2362	157
22.2443	158
22.2536	158
22.2629	158
22.271	159
22.278	159
22.2873	159
22.2966	159
22.3059	159
22.3152	159
22.3222	159
22.3315	159
22.3385	159
22.3455	159
22.3501	159
22.3583	159
22.3653	159
22.3746	159
22.3816	158
22.392	158
22.399	157
22.4176	157
22.4269	156
22.4385	156
22.449	156
22.4595	155
22.47	155
22.4781	155
22.4851	154
22.4944	154
22.5037	154
22.5107	153
22.52	153
22.5304	153
22.5397	154
22.5479	154
22.5584	154
22.5665	155
22.5758	155
22.5851	155
22.5944	155
22.6049	155
22.6142	155
22.6235	155
22.6316	155
22.6386	154
22.6468	154
22.6561	154
22.6642	154
22.6735	153
22.6828	153
22.6921	153
22.7003	153
22.7119	153
22.72	153
22.7293	153
22.7387	153
22.7491	153
22.7608	153
22.7701	154
22.7794	154
22.7875	154
22.7956	154
22.8038	154
22.8096	154
22.8178	154
22.8271	154
22.8352	153
22.8445	153
22.8538	153
22.8643	153
22.8736	153
22.8829	153
22.8922	153
22.9003	153
22.9073	153
22.9178	154
22.9248	154
22.9317	153
22.9399	153
22.948	153
22.962	153
22.9725	153
22.9818	152
22.9934	152
23.0027	151
23.0132	151
23.0236	150
23.0318	150
23.0388	149
23.0481	149
23.0562	148
23.0655	148
23.0748	148
23.0853	148
23.0934	148
23.1039	148
23.112	149
23.1213	149
23.1307	150
23.14	150
23.1493	150
23.1574	151
23.1667	151
23.176	151
23.1853	151
23.1923	151
23.2016	152
23.2097	152
23.2179	152
23.2272	152
23.2377	152
23.247	152
23.2574	152
23.2667	152
23.2761	152
23.2854	153
23.2958	153
23.3063	153
23.3156	154
23.3261	155
23.3354	155
23.3447	156
23.3528	156
23.3598	156
23.3668	156
23.3749	156
23.3831	156
23.3924	156
23.4017	156
23.4121	155
23.4215	155
23.4308	155
23.4401	155
23.4505	155
23.4587	155
23.4668	155
23.475	155
23.4843	156
23.4936	156
23.5029	156
23.5087	156
23.5157	156
23.5296	156
23.5413	156
23.5506	155
23.561	155
23.5715	154
23.5808	154
23.5913	153
23.6006	153
23.6087	152
23.6169	152
23.6262	151
23.632	151
23.6425	151
23.6518	150
23.6611	151
23.6704	151
23.6797	151
23.6878	151
23.6971	151
23.7053	151
23.7146	152
23.7239	152
23.732	152
23.7437	152
23.7518	151
23.7611	151
23.7692	151
23.7786	151
23.7855	151
23.7937	151
23.803	151
23.8123	151
23.8216	151
23.8321	151
23.8425	151
23.853	152
23.8623	152
23.8728	153
23.8809	153
23.8914	154
23.9019	155
23.9077	155
23.9158	154
23.924	154
23.9333	154
23.9414	154
23.9495	154
23.9588	154
23.967	154
23.9763	154
23.9868	154
23.9972	154
24.0089	154
24.0182	154
24.0252	155
24.0333	155
24.0403	155
24.0496	156
24.0659	156
24.0717	156
24.0787	156
24.0938	155
24.1042	155
24.1136	154
24.124	153
24.1345	153
24.1461	152
24.1554	151
24.1636	151
24.1717	150
24.1775	149
24.1822	148
24.1868	146
24.1915	144
24.1961	142
24.2008	140
24.2054	137
24.2101	134
24.2124	131
24.2171	128
24.2206	124
24.2252	119
24.2299	115
24.2345	110
24.2427	106
24.2508	103
24.2543	99
24.259	95
24.2646	91
24.2733	88
24.2823	85
24.2908	83
24.3004	81
24.3086	79
24.3169	77
24.3256	75
24.3352	74
24.3431	73
24.3518	72
24.3605	71
24.3701	71
24.3797	70
24.3866	69
24.3952	69
24.4036	68
24.4122	68
24.4205	68
24.4289	67
24.4383	67
24.4476	67
24.4557	67
24.465	67
24.4743	67
24.4836	68
24.4918	68
24.4999	68
24.5069	68
24.5151	69
24.522	69
24.5302	70
24.5383	70
24.5453	71
24.5534	72
24.5616	73
24.5686	73
24.5802	74
24.5918	75
24.6023	76
24.6139	76
24.6244	77
24.6349	77
24.6453	78
24.6535	78
24.6628	78
24.6721	79
24.6814	80
24.6907	81
24.6988	81
24.7081	82
24.7163	83
24.7256	84
24.7349	85
24.743	86
24.7512	87
24.7593	88
24.7663	88
24.7744	89
24.7826	89
24.7919	90
24.8	91
24.8059	91
24.814	91
24.8233	92
24.8326	92
24.8407	93
24.8489	93
24.8582	94
24.8663	95
24.8745	95
24.8838	96
24.8931	97
24.9012	98
24.9105	99
24.9222	100
24.9315	101
24.9396	102
24.9489	103
24.9606	105
24.9675	106
24.9768	108
24.9861	109
24.9931	110
25.0013	111
25.0083	112
25.0164	113
25.0234	113
25.0304	113
25.0397	114
25.0478	114
25.0548	115
25.0629	115
25.0722	115
25.0804	116
25.0897	117
25.0967	117
25.1048	117
25.1118	118
25.1199	119
25.1257	119
25.135	120
25.1409	121
25.149	122
25.156	123
25.163	123
25.1711	125
25.1781	126
25.1885	127
25.2002	128
25.2095	129
25.2211	130
25.2304	130
25.2432	131
25.2525	132
25.2618	133
25.27	133
25.2781	134
25.2863	134
25.2956	135
25.3049	136
25.3142	137
25.3223	137
25.3328	138
25.3421	140
25.3502	141
25.3595	142
25.3677	143
25.3758	144
25.384	144
25.3933	145
25.4002	146
25.4072	147
25.4165	147
25.4247	148
25.4317	149
25.441	149
25.4479	149
25.4561	150
25.4654	151
25.4735	151
25.4805	151
25.4887	152
25.4968	152
25.5061	153
25.5154	154
25.5224	154
25.5329	155
25.541	155
25.5503	156
25.5596	157
25.5654	158
25.5736	158
25.5817	159
25.5899	159
25.5957	159
25.6026	160
25.6108	160
25.6178	160
25.6247	160
25.6329	160
25.6527	159
25.6608	158
25.6713	158
25.6806	158
25.6899	158
25.6969	157
25.705	158
25.712	158
25.7213	158
25.7259	159
25.7329	159
25.7422	159
25.7504	159
25.7574	159
25.7701	159
25.7771	159
25.7864	158
25.7969	158
25.8085	157
25.8178	157
25.8271	157
25.8364	156
25.8434	156
25.8527	156
25.8609	156
25.869	156
25.8795	156
25.8865	156
25.8934	156
25.9016	156
25.9086	156
25.9179	156
25.9272	156
25.9342	156
25.9411	156
25.9516	156
25.9621	156
25.9714	155
25.9807	155
25.9888	155
25.997	154
26.0051	154
26.0133	154
26.0214	153
26.0307	153
26.0377	153
26.0447	152
26.0551	152
26.0621	152
26.0714	152
26.0807	152
26.09	153
26.1005	153
26.1098	154
26.1214	154
26.1307	155
26.14	155
26.147	156
26.1552	156
26.1598	156
26.1668	155
26.1761	155
26.1854	155
26.1912	155
26.1982	154
26.2075	154
26.2157	154
26.225	154
26.2343	154
26.2424	153
26.2482	153
26.2564	153
26.2633	153
26.3424	145
26.3494	137
26.4083	128
26.4165	120
26.475	114
26.4831	108
26.5409	102
26.5502	98
26.5606	94
26.5676	91
26.5781	89
26.5874	87
26.5955	85
26.6072	84
26.6165	84
26.6246	83
26.6339	83
26.6421	83
26.6502	83
26.6583	83
26.6653	82
26.6723	82
26.6804	82
26.6874	82
26.6967	82
26.7049	82
26.713	82
26.7212	82
26.7305	82
26.7398	82
26.7491	83
26.7584	83
26.7677	84
26.7758	84
26.7851	84
26.7944	85
26.8037	85
26.813	86
26.8212	87
26.8305	87
26.8398	88
26.8491	89
26.8572	89
26.8654	90
26.8747	91
26.884	92
26.8933	92
26.9015	93
26.9119	94
26.9212	95
26.9305	96
26.9387	97
26.948	98
26.9584	99
26.9678	100
26.9771	102
26.9864	103
26.9945	104
27.0038	105
27.0108	106
27.0178	107
27.0247	107
27.0329	108
27.0387	109
27.0469	110
27.0527	110
27.0608	111
27.0678	112
27.0759	113
27.0829	114
27.0922	115
27.1038	116
27.1143	117
27.1259	118
27.1364	118
27.148	119
27.1597	120
27.1701	121
27.1806	122
27.1899	123
27.1992	124
27.2085	125
27.219	126
27.2271	127
27.2376	129
27.2446	130
27.2539	131
27.2632	132
27.2713	133
27.2807	134
27.2888	135
27.2969	136
27.3051	137
27.3121	137
27.3202	138
27.3295	139
27.3377	139
27.3458	140
27.3528	140
27.3621	141
27.3714	141
27.3795	142
27.3888	143
27.3981	143
27.4074	144
27.4156	145
27.4237	146
27.433	147
27.4423	147
27.4516	148
27.4609	149
27.4691	150
27.4784	151
27.4877	152
27.4958	153
27.5052	153
27.5145	154
27.5249	155
27.5354	156
27.5447	157
27.554	158
27.5656	159
27.5749	160
27.5831	161
27.5912	162
27.5994	162
27.6087	163
27.618	163
27.6261	163
27.6343	164
27.6401	164
27.6482	165
27.6575	165
27.6657	166
27.675	166
27.6843	167
27.6959	167
27.7169	168
27.7273	168
27.739	169
27.7494	169
27.7622	170
27.7727	170
27.7832	171
27.7913	172
27.7994	172
27.8099	172
27.8181	173
27.8262	174
27.8332	174
27.8413	174
27.8495	175
27.8564	175
27.8611	175
27.8681	175
27.8832	174
27.8937	173
27.9053	172
27.9146	171
27.9262	170
27.9355	169
27.946	168
27.9541	167
27.9623	167
27.9739	166
27.9821	166
27.9902	166
27.9983	165
28.0065	165
28.0146	165
28.0228	165
28.0309	165
28.0379	165
28.0484	165
28.0588	165
28.0693	165
28.0786	164
28.0914	164
28.1019	165
28.1147	165
28.124	165
28.1333	166
28.1461	167
28.1531	167
28.16	168
28.167	168
28.1728	167
28.181	167
28.1879	167
28.1949	166
28.1996	166
28.2066	165
28.2124	165
28.2228	165
28.2333	165
28.2426	165
28.2543	164
28.2764	164
28.288	164
28.2996	164
28.3101	164
28.3229	164
28.3299	164
28.3403	163
28.3473	163
28.3566	163
28.3636	163
28.3694	163
28.3787	162
28.3857	162
28.3927	162
28.402	162
28.4078	161
28.4148	161
28.4218	160
28.4299	160
28.4392	160
28.4473	160
28.459	160
28.4694	160
28.4811	159
28.4892	159
28.5009	159
28.509	159
28.5183	160
28.5264	160
28.5346	160
28.5427	160
28.5509	160
28.5602	161
28.5672	161
28.5765	162
28.5846	162
28.5927	162
28.5997	162
28.609	163
28.6172	163
28.6265	164
28.6358	164
28.6474	164
28.6567	165
28.6707	165
28.6788	166
28.6881	166
28.6963	167
28.7032	167
28.7102	167
28.7184	167
28.7265	167
28.7335	167
28.7428	166
28.7498	166
28.7556	166
28.7626	166
28.7684	166
28.7754	166
28.7835	166
28.7928	166
28.801	165
28.8114	165
28.8335	165
28.844	164
28.8556	164
28.8673	164
28.8766	164
28.8859	164
28.8952	164
28.9033	164
28.9126	164
28.9196	163
28.9266	163
28.9359	163
28.9429	162
28.9498	162
28.958	161
28.9673	161
28.9731	161
28.9813	160
28.9894	160
29.001	159
29.0103	159
29.022	158
29.0313	158
29.0406	157
29.051	157
29.0592	157
29.0685	157
29.0778	157
29.0871	157
29.0941	157
29.1034	157
29.1127	157
29.122	157
29.1301	157
29.1394	157
29.1488	158
29.1569	158
29.165	158
29.1743	158
29.1836	159
29.193	159
29.2023	159
29.2151	160
29.2244	160
29.2337	161
29.2418	161
29.25	161
29.2558	161
29.2651	161
29.2721	161
29.2814	161
29.2895	160
29.2976	160
29.3069	160
29.3128	159
29.3197	159
29.3279	159
29.3349	159
29.3442	159
29.3523	159
29.3605	159
29.3814	159
29.393	158
29.4058	158
29.4163	158
29.4279	158
29.4384	158
29.4465	158
29.4547	158
29.4628	157
29.4721	157
29.4803	157
29.4896	157
29.4954	157
29.5035	156
29.5117	156
29.5175	156
29.5268	155
29.5349	155
29.5442	154
29.5535	154
29.5605	154
29.5698	154
29.5803	154
29.5896	153
29.5977	153
29.6059	153
29.6152	152
29.6245	152
29.6326	152
29.6419	152
29.6501	152
29.6582	152
29.6675	152
29.6768	152
29.685	152
29.6931	152
29.7024	153
29.7106	153
29.7199	153
29.728	153
29.7362	153
29.7466	153
29.7559	154
29.7641	154
29.7734	155
29.7815	155
29.7897	155
29.7978	155
29.8036	155
29.8129	155
29.8211	154
29.8304	154
29.8443	154
29.8525	153
29.8606	153
29.8664	152
29.8758	152
29.8816	152
29.8885	152
29.8979	152
29.9072	152
29.9165	152
29.9258	152
29.9421	152
29.9537	152
29.9653	152
29.9758	152
29.9874	152
29.9979	152
30.0072	152
30.0153	151
30.0235	151
30.0328	151
30.0386	151
30.0479	150
30.056	150
30.0654	150
30.07	149
30.0793	149
30.0875	149
30.0968	148
30.1049	148
30.113	148
30.1224	148
30.1317	147
30.1433	147
30.1526	147
30.1607	146
30.17	146
30.1793	146
30.1887	146
30.1968	146
30.2049	146
30.2142	147
30.2235	147
30.2317	147
30.241	147
30.2503	148
30.2596	148
30.2678	148
30.2771	149
30.2852	149
30.2968	149
30.3061	150
30.3154	151
30.3259	151
30.3352	152
30.3445	152
30.3527	152
30.3596	153
30.3678	153
30.3759	152
30.3841	152
30.3934	152
30.4015	152
30.4108	152
30.419	152
30.4271	151
30.4341	151
30.4411	151
30.4492	151
30.4574	151
30.4667	151
30.4783	151
30.4876	151
30.5062	152
30.5178	152
30.5283	152
30.5399	152
30.5516	152
30.5586	152
30.5679	151
30.576	151
30.5853	151
30.5923	151
30.6016	150
30.6086	150
30.6179	150
30.6237	149
30.633	149
30.6411	148
30.6504	148
30.6574	148
30.6667	148
30.6749	147
30.6853	147
30.697	147
30.7051	146
30.7144	146
30.7226	146
30.7319	146
30.7412	146
30.7493	146
30.7586	146
30.7679	146
30.7772	147
30.7854	147
30.7947	147
30.8017	147
30.811	147
30.8203	147
30.8296	147
30.8389	148
30.8482	148
30.8575	149
30.8668	149
30.8761	150
30.8854	150
30.8947	150
30.9029	151
30.911	151
30.9191	151
30.9273	151
30.9366	151
30.9447	151
30.9529	150
30.9622	150
30.9703	150
30.9785	150
30.9854	150
30.9924	150
31.0006	150
31.0087	150
31.018	150
31.0273	150
31.0366	150
31.0471	150
31.0645	151
31.0762	151
31.0855	151
31.0959	151
31.1064	151
31.1146	150
31.125	150
31.1332	149
31.1413	149
31.1495	148
31.1576	148
31.1657	147
31.1716	147
31.1809	146
31.189	146
31.1971	145
31.2053	145
31.2146	145
31.2216	144
31.2309	144
31.2379	143
31.2495	143
31.2576	143
31.2669	143
31.2762	143
31.2844	143
31.2937	143
31.303	143
31.3123	143
31.3204	143
31.3298	143
31.3391	143
31.3484	144
31.3565	144
31.3658	144
31.3751	145
31.3833	145
31.3926	145
31.403	146
31.4123	147
31.4205	147
31.4298	147
31.4391	148
31.4472	149
31.4554	149
31.4624	149
31.4717	149
31.4798	149
31.4891	149
31.4984	149
31.5066	149
31.5159	149
31.524	149
31.5333	149
31.5403	149
31.5484	149
31.5566	149
31.5647	149
31.5717	149
31.5822	150
31.5926	150
31.6008	150
31.6101	151
31.6275	152
31.638	152
31.6485	152
31.6566	152
31.6671	152
31.6775	151
31.6857	151
31.695	150
31.7043	150
31.7124	150
31.7206	150
31.7299	149
31.7357	149
31.7439	149
31.752	148
31.7601	148
31.7694	148
31.7764	147
31.7857	147
31.795	147
31.8032	147
31.8125	147
31.8229	146
31.8311	146
31.8416	146
31.8497	146
31.8578	146
31.8672	146
31.8765	146
31.8846	146
31.8939	146
31.9044	146
31.9125	147
31.9218	147
31.9311	147
31.9404	148
31.9486	148
31.9579	148
31.966	149
31.9753	149
31.987	150
31.9963	150
32.0056	151
32.0137	151
32.023	152
32.0335	152
32.0416	153
32.0486	153
32.0591	153
32.0672	153
32.0754	153
32.0847	153
32.094	153
32.101	153
32.1079	153
32.1161	153
32.1231	153
32.1312	153
32.1428	153
32.1533	154
32.1626	154
32.1707	154
32.1905	155
32.1987	155
32.2091	154
32.2184	154
32.2301	154
32.2394	153
32.2498	152
32.2591	152
32.2661	152
32.2754	152
32.2847	151
32.2906	151
32.2987	151
32.3068	150
32.315	150
32.3243	149
32.3313	149
32.3406	149
32.3499	149
32.3569	148
32.3662	148
32.3778	148
32.3871	148
32.3976	148
32.4057	147
32.4127	147
32.4232	147
32.4325	147
32.4406	147
32.4499	147
32.4592	147
32.4674	147
32.4778	148
32.4871	148
32.4953	148
32.5046	149
32.5139	149
32.522	150
32.5325	150
32.543	151
32.5546	151
32.5639	152
32.5709	152
32.5802	153
32.5895	153
32.5976	154
32.6058	154
32.6139	154
32.6221	154
32.6325	154
32.6407	154
32.6488	154
32.6581	154
32.6639	153
32.6721	153
32.6802	154
32.6884	154
32.7	154
32.7116	155
32.7209	155
32.7372	155
32.7454	155
32.7558	155
32.7663	154
32.7768	154
32.7872	153
32.7954	153
32.8047	152
32.8128	152
32.8221	151
32.8303	151
32.8396	151
32.8466	151
32.8535	150
32.8617	150
32.871	149
32.8791	149
32.8873	149
32.8966	149
32.9047	149
32.914	148
32.9245	148
32.935	148
32.9431	148
32.9524	148
32.9606	148
32.9687	148
32.978	148
32.9885	148
32.9966	148
33.0059	148
33.0152	148
33.0234	148
33.0338	148
33.0431	149
33.0513	149
33.0606	150
33.0711	150
33.0792	151
33.0897	151
33.099	151
33.1094	152
33.1188	153
33.1269	153
33.1362	154
33.1467	154
33.1537	154
33.1618	154
33.1699	154
33.1781	154
33.1885	154
33.1967	154
33.2048	154
33.2141	154
33.2234	154
33.2316	154
33.2397	154
33.2467	154
33.256	154
33.2665	155
33.2746	155
33.2828	155
33.2921	155
33.3072	155
33.3188	154
33.3293	154
33.3398	154
33.3502	153
33.3619	153
33.3712	152
33.3793	152
33.3886	152
33.3968	151
33.4037	151
33.4107	150
33.42	150
33.4282	149
33.4363	149
33.4456	148
33.4538	148
33.4619	148
33.4712	147
33.4805	147
33.4898	147
33.4991	147
33.5096	147
33.5177	147
33.527	147
33.5375	147
33.5456	147
33.555	148
33.5643	148
33.5736	148
33.5829	148
33.5922	149
33.6003	149
33.6108	149
33.6189	150
33.6282	150
33.6375	150
33.648	151
33.6573	152
33.6666	152
33.6771	153
33.6864	154
33.6945	154
33.705	155
33.712	155
33.7201	155
33.7306	155
33.7387	155
33.748	155
33.7574	155
33.7655	155
33.7748	155
33.7853	155
33.7934	155
33.8027	156
33.8097	156
33.8167	156
33.8248	156
33.8353	156
33.8423	156
33.8504	156
33.8667	156
33.8772	156
33.8888	155
33.9004	155
33.9121	155
33.9237	155
33.933	154
33.9411	154
33.9493	154
33.9563	153
33.9656	153
33.9725	152
33.9818	152
33.9912	151
33.9981	151
34.0074	151
34.0167	150
34.0249	150
34.033	150
34.0423	150
34.0516	150
34.0621	150
34.0726	149
34.0819	149
34.0912	149
34.1005	149
34.1086	149
34.1191	150
34.1284	150
34.1366	150
34.147	150
34.1563	151
34.1645	151
34.1749	151
34.1842	152
34.1924	152
34.2029	153
34.2122	153
34.2215	154
34.2319	154
34.2412	155
34.2517	156
34.261	156
34.2692	157
34.2773	157
34.2854	157
34.2947	157
34.3041	157
34.3122	156
34.3203	156
34.332	156
34.3413	156
34.3506	156
34.3587	157
34.3645	157
34.3727	157
34.3808	157
34.3913	157
34.3983	157
34.4076	157
34.425	157
34.4367	157
34.4471	156
34.4588	156
34.4704	156
34.4797	155
34.4867	155
34.4948	154
34.5018	153
34.5111	152
34.5192	151
34.5262	151
34.5309	149
34.5379	148
34.5448	147
34.5507	145
34.5576	144
34.5658	142
34.5716	140
34.5797	139
34.5867	137
34.5949	136
34.6007	134
34.6088	132
34.6158	130
34.6228	128
34.6332	127
34.6414	126
34.6472	125
34.6553	123
34.6612	122
34.6681	120
34.6763	119
34.6821	117
34.6891	116
34.6972	114
34.703	113
34.71	111
34.7182	110
34.7275	108
34.7368	107
34.7449	106
34.7519	105
34.76	104
34.7682	103
34.774	102
34.781	101
34.7879	99
34.7938	98
34.8007	96
34.8089	95
34.817	93
34.8263	92
34.8345	91
34.8426	91
34.8508	90
34.8577	90
34.8659	90
34.874	90
34.8822	90
34.8903	91
34.8985	91
34.9066	92
34.9159	93
34.9287	94
34.9415	95
34.9531	96
34.9659	98
34.9787	99
34.9892	100
34.9996	101
35.0078	102
35.0159	103
35.0252	104
35.0334	105
35.0415	106
35.0497	106
35.059	107
35.0671	108
35.0764	109
35.0846	110
35.0939	111
35.1032	112
35.1125	113
35.1206	114
35.1299	115
35.1381	116
35.1485	117
35.1578	118
35.166	119
35.1741	120
35.1834	122
35.1927	123
35.202	124
35.2102	125
35.2195	126
35.2288	127
35.2369	128
35.2462	130
35.2556	131
35.2649	132
35.2742	133
35.2811	135
35.2904	136
35.3009	137
35.3102	138
35.3184	140
35.3277	141
35.337	142
35.3474	144
35.3568	145
35.3684	147
35.3777	149
35.387	150
35.3963	152
35.4068	154
35.4161	156
35.4254	158
35.4335	159
35.4417	161
35.4521	162
35.4591	164
35.4661	165
35.4754	166
35.4824	167
35.4905	168
35.4975	168
35.5056	169
35.5126	170
35.5196	171
35.5266	172
35.5347	173
35.544	174
35.551	175
35.5591	177
35.5673	178
35.5754	179
35.5871	181
35.5999	183
35.6103	184
35.6185	186
35.6289	187
35.6406	188
35.6499	188
35.658	189
35.6673	190
35.6743	190
35.6824	191
35.6918	191
35.6999	192
35.708	192
35.7162	193
35.7243	194
35.7313	194
35.7394	194
35.7476	195
35.7557	195
35.7627	195
35.7709	196
35.7802	196
35.7883	196
35.7999	197
35.8116	197
35.8197	198
35.8302	198
35.8406	198
35.8511	199
35.8581	199
35.8674	199
35.8744	199
35.8837	199
35.8941	200
35.9023	200
35.9093	200
35.9186	200
35.9267	200
35.9349	200
35.9442	201
35.9511	201
35.9593	202
35.9663	202
35.9744	202
35.986	202
36.1896	201
36.1977	199
36.2071	197
36.214	196
36.2198	194
36.2257	192
36.2338	191
36.2408	189
36.2501	189
36.2582	188
36.2664	187
36.2734	187
36.2827	186
36.2908	186
36.3001	186
36.3071	186
36.3176	186
36.3303	186
36.3373	185
36.3455	185
36.3525	184
36.3583	183
36.3664	182
36.3746	181
36.3839	180
36.3908	180
36.3978	179
36.4048	179
36.4129	178
36.4222	178
36.4304	178
36.4385	178
36.4467	178
36.4548	178
36.4641	178
36.4734	179
36.4816	179
36.4897	179
36.4979	180
36.506	180
36.5153	181
36.5223	181
36.5293	181
36.5351	181
36.5421	181
36.5502	181
36.5583	181
36.5653	181
36.5735	181
36.5816	181
36.5851	181
36.5897	180
36.5944	179
36.5979	177
36.6049	176
36.6095	174
36.6142	173
36.6188	171
36.6246	170
36.6293	168
36.6907	155
36.6972	144
36.7567	134
36.7633	125
36.8227	118
36.8293	111
36.8901	106
36.8982	101
36.9075	97
36.9157	94
36.925	91
36.9343	89
36.9424	87
36.9517	85
36.9599	84
36.968	83
36.9773	83
36.9854	82
36.9947	82
37.0029	82
37.011	82
37.0203	82
37.0285	82
37.0378	83
37.0459	83
37.0541	84
37.0634	84
37.0715	85
37.0808	86
37.089	86
37.0971	87
37.1064	88
37.1146	89
37.1239	90
37.132	91
37.1401	92
37.1495	93
37.1588	94
37.1681	95
37.175	96
37.1843	97
37.1937	98
37.2018	99
37.2099	100
37.2181	101
37.2251	102
37.2332	102
37.2413	103
37.2507	104
37.2588	104
37.2669	105
37.2762	106
37.2855	107
37.2937	108
37.3018	110
37.31	111
37.3181	112
37.3251	114
37.3321	115
37.3402	116
37.3472	118
37.3542	119
37.36	120
37.3693	121
37.3786	122
37.3879	123
37.3972	124
37.4077	124
37.4158	124
37.4263	124
37.4356	125
37.4437	125
37.453	125
37.4612	126
37.4693	126
37.4775	127
37.4856	127
37.4949	128
37.5031	129
37.5124	129
37.5194	130
37.5287	131
37.5368	132
37.5449	132
37.5542	133
37.5612	134
37.5705	135
37.5787	135
37.588	136
37.5961	137
37.6043	138
37.6124	139
37.6205	139
37.6299	140
37.638	141
37.6473	142
37.6543	143
37.6624	144
37.6717	144
37.6799	145
37.6892	146
37.6985	147
37.7078	148
37.7171	149
37.7264	150
37.7357	150
37.745	151
37.7532	152
37.7613	153
37.7718	153
37.7811	154
37.7904	155
37.7997	156
37.809	156
37.8171	157
37.8253	158
37.8334	158
37.8416	159
37.8602	159
37.8683	159
37.8753	159
37.8846	160
37.8916	160
37.9009	161
37.909	161
37.916	161
37.9253	162
37.9369	162
37.9509	162
37.9602	161
37.9695	161
37.98	160
37.9904	160
38.0009	159
38.0114	159
38.0195	158
38.0277	158
38.037	157
38.0451	157
38.0533	157
38.0614	157
38.0707	157
38.0789	157
38.087	157
38.0963	157
38.1103	157
38.1196	157
38.1289	158
38.1393	158
38.151	158
38.1614	158
38.1731	159
38.1824	159
38.1905	160
38.201	160
38.2091	161
38.2173	161
38.2266	161
38.2347	162
38.2452	162
38.2522	163
38.2626	163
38.2754	163
38.2847	163
38.2906	163
38.2999	163
38.3115	162
38.322	162
38.3348	162
38.3441	162
38.3534	162
38.3638	162
38.372	162
38.3801	162
38.3894	162
38.3964	162
38.4069	162
38.4162	162
38.4255	162
38.4383	162
38.4441	162
38.4499	162
38.4581	162
38.4639	162
38.472	162
38.4778	161
38.4906	160
38.5081	160
38.5162	159
38.5255	158
38.5372	157
38.5476	156
38.5581	155
38.5686	155
38.5767	154
38.5848	154
38.593	153
38.6023	153
38.6116	153
38.6186	153
38.6267	153
38.636	153
38.6442	153
38.6535	154
38.6616	154
38.6709	154
38.6791	155
38.6884	155
38.6965	156
38.707	156
38.7174	156
38.7291	157
38.7384	157
38.7465	158
38.7558	158
38.7663	159
38.7744	160
38.7826	160
38.7919	160
38.8	161
38.8082	161
38.8175	161
38.8268	162
38.8349	162
38.8442	162
38.8535	163
38.8617	163
38.8722	163
38.8826	163
38.8943	163
38.9024	163
38.9105	163
38.9198	163
38.9303	163
38.9396	164
38.9478	164
38.9571	164
38.9664	164
38.9734	164
38.9815	164
38.9908	164
38.9989	164
39.0048	164
39.0117	164
39.0187	164
39.0257	164
39.0315	163
39.0408	162
39.0513	162
39.0641	161
39.0734	159
39.0827	158
39.0932	157
39.1036	156
39.1153	156
39.1257	155
39.1339	155
39.1432	154
39.1525	154
39.1618	154
39.1711	154
39.1792	154
39.1874	154
39.1967	154
39.206	154
39.2141	154
39.2234	154
39.2339	155
39.2421	155
39.2514	155
39.2618	155
39.2735	156
39.2839	156
39.2932	156
39.3014	156
39.3118	157
39.3211	157
39.3316	157
39.3386	157
39.3479	158
39.3584	158
39.3653	158
39.3747	158
39.384	159
39.3944	159
39.4026	159
39.4119	159
39.4223	159
39.434	159
39.4444	159
39.4538	159
39.4642	160
39.4735	160
39.4828	160
39.4945	160
39.5038	161
39.5142	161
39.5259	162
39.534	163
39.5422	163
39.548	163
39.5584	163
39.5654	163
39.5712	163
39.5771	162
39.5829	162
39.591	161
39.5992	161
39.6073	160
39.6178	159
39.634	158
39.6468	157
39.6573	156
39.6701	156
39.6817	155
39.6945	155
39.705	155
39.7131	154
39.7213	154
39.7283	154
39.7364	153
39.7457	153
39.7527	152
39.7632	152
39.7725	152
39.7806	151
39.7911	151
39.8004	151
39.8097	151
39.8178	151
39.8271	152
39.8376	152
39.8492	152
39.8585	152
39.869	153
39.876	153
39.8841	153
39.8934	153
39.9027	153
39.9121	153
39.9214	153
39.9307	153
39.9388	153
39.9469	153
39.9563	153
39.9656	154
39.9737	154
39.9842	154
39.9935	154
40.0051	154
40.0144	154
40.0249	154
40.033	155
40.0423	155
40.054	155
40.0656	156
40.0749	156
40.0842	157
40.0935	158
40.1005	158
40.1063	158
40.1133	158
40.1179	157
40.1238	156
40.1307	156
40.1377	155
40.1447	155
40.154	154
40.1633	153
40.1808	152
40.1924	152
40.2029	151
40.2156	150
40.2273	150
40.2389	150
40.2482	149
40.2587	149
40.2668	149
40.2761	149
40.2854	149
40.2936	148
40.3017	148
40.311	148
40.3203	148
40.3296	148
40.3378	148
40.3483	148
40.3576	149
40.3657	149
40.375	149
40.3843	149
40.3948	150
40.4029	150
40.4122	150
40.4215	150
40.4308	151
40.439	151
40.4483	151
40.4576	152
40.4657	152
40.4739	152
40.482	152
40.4913	152
40.4995	152
40.5099	152
40.5181	152
40.5274	153
40.5355	153
40.5448	153
40.553	153
40.5623	153
40.5716	153
40.5809	153
40.5902	154
40.6007	154
40.6123	155
40.6216	155
40.6309	156
40.6391	157
40.6472	157
40.6542	157
40.6612	157
40.6681	157
40.6739	156
40.6809	155
40.6891	155
40.6949	154
40.7019	154
40.7088	153
40.7147	153
40.7228	152
40.7309	152
40.7403	152
40.7624	151
40.774	151
40.7856	151
40.7972	151
40.8077	150
40.817	150
40.8263	149
40.8333	149
40.8426	148
40.8519	148
40.8601	148
40.8682	148
40.8763	148
40.8857	147
40.8938	147
40.9031	147
40.9124	148
40.9205	148
40.9287	148
40.938	148
40.9461	149
40.9554	149
40.9647	149
40.9741	150
40.9822	151
40.9892	151
40.9985	151
41.0078	152
41.0148	152
41.0241	152
41.0322	153
41.0404	153
41.0485	153
41.0566	154
41.0648	154
41.0741	154
41.0822	154
41.0904	155
41.0997	155
41.1078	155
41.116	156
41.1264	156
41.1357	157
41.1439	157
41.152	158
41.1625	158
41.1718	159
41.1799	160
41.1892	160
41.1962	161
41.2044	161
41.2113	161
41.2195	161
41.2265	161
41.2358	161
41.2416	161
41.2462	160
41.2532	160
41.259	160
41.2649	159
41.273	159
41.2823	158
41.2916	158
41.2986	158
41.3184	157
41.3288	157
41.3393	157
41.3498	156
41.3591	156
41.3684	155
41.3765	155
41.3847	154
41.3928	153
41.4009	153
41.4091	153
41.4172	152
41.4254	152
41.4335	152
41.4428	152
41.451	152
41.4603	152
41.4696	152
41.4766	152
41.4859	153
41.494	153
41.5033	154
41.5115	154
41.5196	154
41.5277	155
41.5359	155
41.5452	155
41.5522	156
41.5615	156
41.5696	156
41.5766	156
41.5859	157
41.594	157
41.6022	157
41.6115	158
41.6208	158
41.6301	158
41.6371	158
41.6464	159
41.6545	159
41.6638	159
41.672	159
41.679	159
41.6894	159
41.6987	160
41.7069	160
41.7162	160
41.7255	161
41.7336	161
41.7418	161
41.7499	161
41.7581	162
41.7674	162
41.7755	162
41.7825	162
41.7906	162
41.7964	162
41.8011	161
41.8057	160
41.8127	160
41.8197	159
41.8278	159
41.836	159
41.8441	158
41.8604	158
41.8709	157
41.8814	156
41.8918	156
41.9035	156
41.9116	155
41.9209	154
41.929	154
41.9372	153
41.9453	153
41.9523	153
41.9616	152
41.9709	152
41.9791	152
41.986	152
41.9942	152
42.0035	152
42.0116	152
42.0209	152
42.0279	152
42.0372	153
42.0465	153
42.0547	153
42.064	154
42.0721	154
42.0791	154
42.0884	155
42.0965	155
42.1047	155
42.114	156
42.1221	156
42.1314	157
42.1384	157
42.1466	157
42.1547	157
42.1628	158
42.1722	158
42.1815	158
42.1884	158
42.1977	159
42.207	159
42.2152	159
42.2245	159
42.2326	159
42.2408	159
42.2512	160
42.2594	160
42.2687	160
42.2768	161
42.2873	161
42.2966	162
42.3036	162
42.3117	162
42.3187	162
42.3245	162
42.3327	162
42.3385	161
42.3455	161
42.3513	161
42.3571	161
42.3652	160
42.3699	160
42.3792	159
42.3873	158
42.4048	158
42.4187	157
42.4304	156
42.4385	155
42.4502	154
42.4606	154
42.4688	153
42.4757	152
42.4851	152
42.4932	151
42.5002	151
42.5083	150
42.5176	150
42.5246	150
42.5327	149
42.542	149
42.5502	149
42.5583	149
42.5676	150
42.5758	150
42.5851	150
42.5932	150
42.6014	151
42.6107	151
42.6188	151
42.627	152
42.6363	152
42.6456	153
42.6526	153
42.6595	153
42.6688	153
42.6747	153
42.6816	153
42.6909	153
42.6979	153
42.7061	153
42.7154	153
42.7223	153
42.7317	154
42.741	154
42.7491	154
42.7572	154
42.7665	154
42.7747	154
42.7828	155
42.7921	155
42.8014	155
42.8107	155
42.8201	155
42.8294	156
42.8363	156
42.8445	157
42.8526	157
42.8596	157
42.8666	157
42.8736	157
42.8794	156
42.8864	156
42.8933	156
42.8992	156
42.9061	156
42.9119	155
42.9201	155
42.9247	154
42.934	154
42.9492	153
42.9596	152
42.9689	152
42.9794	151
42.9887	150
42.9992	149
43.0073	148
43.0166	148
43.0236	147
43.0318	147
43.0411	146
43.048	146
43.055	146
43.0643	145
43.0713	145
43.0794	145
43.0888	145
43.0969	145
43.105	145
43.1143	145
43.1213	145
43.1306	145
43.1388	146
43.1469	146
43.1562	146
43.1632	147
43.1725	147
43.1806	147
43.1876	147
43.1969	148
43.2062	148
43.2144	149
43.2214	149
43.2295	150
43.2388	150
43.2458	150
43.2551	151
43.2644	151
43.2702	151
43.2795	152
43.2865	152
43.2946	152
43.3028	152
43.3109	153
43.3191	153
43.3284	153
43.3365	153
43.3435	154
43.3528	154
43.3621	154
43.3702	154
43.3807	155
43.39	155
43.3993	156
43.4063	156
43.4156	157
43.4249	157
43.4284	157
43.4342	157
43.4412	157
43.447	157
43.4528	157
43.4598	157
43.4668	157
43.4726	156
43.4796	156
43.4935	155
43.5029	154
43.5133	153
43.5215	152
43.5319	152
43.5424	151
43.5517	150
43.5598	149
43.568	149
43.5761	148
43.5843	148
43.5924	148
43.5994	148
43.6075	147
43.6157	147
43.6227	147
43.632	147
43.6401	147
43.6483	147
43.6576	147
43.6645	147
43.6727	147
43.6808	147
43.6901	148
43.6994	148
43.7052	148
43.7146	149
43.7239	149
43.7308	149
43.7401	150
43.7483	150
43.7553	150
43.7634	151
43.7727	151
43.7797	151
43.7878	152
43.796	152
43.8041	152
43.8123	152
43.8204	153
43.8285	153
43.8367	153
43.846	153
43.8553	154
43.8623	154
43.8704	154
43.8797	154
43.8867	154
43.896	154
43.9042	154
43.9111	154
43.9193	155
43.9309	155
43.9391	155
43.9484	156
43.9565	156
43.9658	157
43.9739	157
43.9809	158
43.9879	158
43.9926	159
43.9984	159
44.0054	159
44.0135	159
44.0181	158
44.0251	158
44.0368	157
44.0449	156
44.0554	155
44.0647	153
44.0728	152
44.0833	151
44.0926	150
44.1019	149
44.1112	149
44.117	148
44.1263	148
44.1345	148
44.1426	147
44.1519	147
44.1601	147
44.1659	147
44.1752	147
44.1845	147
44.1903	147
44.1996	147
44.2089	148
44.2171	148
44.2252	148
44.2322	148
44.2415	149
44.2496	149
44.2578	149
44.2671	150
44.2729	150
44.2822	150
44.2915	151
44.2985	151
44.3078	151
44.3159	152
44.3229	152
44.3311	152
44.3392	153
44.3473	153
44.3555	153
44.3636	153
44.3729	153
44.3811	154
44.388	154
44.3962	154
44.4043	154
44.4136	154
44.4229	154
44.4299	154
44.4381	154
44.4474	155
44.4543	155
44.4625	155
44.4718	155
44.4799	155
44.4881	155
44.4974	155
44.5055	156
44.5148	156
44.5207	157
44.5288	157
44.5369	158
44.5428	158
44.5497	159
44.5555	159
44.5637	159
44.5753	158
44.5835	157
44.5916	156
44.6009	154
44.6091	153
44.6184	152
44.6265	151
44.6335	149
44.6428	148
44.6498	148
44.6591	147
44.6661	146
44.6742	146
44.6823	146
44.6916	145
44.6998	145
44.7068	145
44.7161	145
44.7242	145
44.7324	145
44.7405	145
44.7486	146
44.7556	146
44.7649	146
44.7742	146
44.7812	146
44.7905	147
44.7975	147
44.8045	147
44.8126	147
44.8208	147
44.8277	147
44.837	147
44.8452	148
44.8533	148
44.8615	148
44.8696	148
44.8778	149
44.8847	149
44.894	149
44.901	149
44.9092	149
44.9173	150
44.9266	150
44.9348	150
44.9429	150
44.951	150
44.9569	150
44.9662	151
44.9743	151
44.9824	151
44.9906	151
44.9987	151
45.0057	151
45.0138	151
45.0232	152
45.0325	152
45.0394	152
45.0487	152
45.0569	153
45.0662	153
45.0743	154
45.0813	154
45.0895	155
45.0941	156
45.1023	156
45.1104	156
45.1174	157
45.1244	157
45.1348	156
45.1406	155
45.1499	154
45.1581	153
45.1674	151
45.1755	150
45.1837	149
45.1918	148
45.2	147
45.2081	146
45.2162	145
45.2244	145
45.2325	144
45.2395	144
45.2477	143
45.2558	143
45.2628	143
45.2709	142
45.2791	142
45.2872	142
45.2953	142
45.3046	142
45.3116	142
45.3198	142
45.3291	142
45.3361	142
45.3442	142
45.3523	143
45.3605	143
45.3698	143
45.3768	143
45.3861	143
45.3931	144
45.4024	144
45.4105	144
45.4175	144
45.4256	145
45.4349	145
45.4431	145
45.4512	145
45.4605	146
45.4687	146
45.4768	146
45.4849	146
45.4931	146
45.5024	147
45.5094	147
45.5175	147
45.5268	147
45.5361	148
45.5443	148
45.5524	148
45.5617	148
45.5699	149
45.578	149
45.5861	149
45.5954	150
45.6024	150
45.6094	150
45.6175	150
45.6234	151
45.6327	151
45.6408	152
45.6478	152
45.6583	152
45.6652	153
45.6792	153
45.6873	152
45.6943	152
45.7036	151
45.7106	150
45.7211	149
45.7281	147
45.7374	146
45.7432	145
45.7502	144
45.7583	143
45.7676	142
45.7757	142
45.7839	141
45.792	141
45.8002	141
45.8083	140
45.8165	140
45.8258	140
45.8351	140
45.8409	140
45.8502	140
45.8595	140
45.8665	140
45.8758	140
45.8851	141
45.8932	141
45.9002	141
45.9095	142
45.9177	142
45.9258	142
45.9351	142
45.9444	143
45.9514	143
45.9595	144
45.9688	144
45.977	144
45.9851	145
45.9944	145
46.0014	145
46.0107	146
46.0189	146
46.027	146
46.0363	147
46.0444	147
46.0514	148
46.0607	148
46.07	149
46.077	149
46.0863	149
46.0956	149
46.1049	150
46.1142	150
46.1224	150
46.1305	151
46.141	151
46.1503	152
46.1584	152
46.1666	153
46.1759	153
46.1829	154
46.1945	154
46.2026	155
46.2085	155
46.2178	155
46.234	155
46.2422	155
46.2515	155
46.2585	154
46.2666	153
46.2759	152
46.2841	151
46.2922	150
46.3003	149
46.3085	148
46.3166	147
46.3248	146
46.3318	146
46.3411	145
46.3492	145
46.3573	145
46.3667	144
46.3771	144
46.3853	144
46.3946	144
46.4039	144
46.4132	144
46.4213	144
46.4295	144
46.4388	144
46.4481	145
46.4562	145
46.4644	145
46.4725	146
46.4818	146
46.4911	146
46.4993	147
46.5086	147
46.5179	148
46.5272	148
46.5365	148
46.5458	149
46.5551	149
46.5656	149
46.5737	150
46.583	150
46.5923	150
46.6028	151
46.6098	151
46.6191	151
46.6284	152
46.6377	152
46.647	153
46.6551	153
46.6644	153
46.6737	154
46.683	154
46.6923	154
46.7028	154
46.711	154
46.7191	155
46.7261	155
46.7342	156
46.7435	156
46.754	157
46.7645	157
46.7714	158
46.7807	158
46.7947	158
46.8052	158
46.8145	157
46.8226	157
46.8308	156
46.8366	154
46.8424	152
46.8482	150
46.8552	148
46.861	146
46.8668	144
46.8726	142
46.8796	140
46.8854	138
46.8924	136
46.8982	134
46.9052	132
46.9099	130
46.9145	127
46.918	124
46.9227	121
46.9839	114
46.9926	108
47.0495	103
47.0581	98
47.115	94
47.1238	90
47.1809	87
47.1902	85
47.1995	82
47.2088	80
47.2182	79
47.2263	77
47.2356	76
47.2449	75
47.2542	74
47.2635	74
47.2728	73
47.2821	73
47.2903	73
47.2996	72
47.3089	72
47.3182	72
47.3275	72
47.3368	72
47.3461	73
47.3566	73
47.3647	73
47.3752	74
47.3857	74
47.3961	75
47.4066	76
47.4159	77
47.4252	78
47.4333	79
47.4415	80
47.4496	81
47.4578	83
47.4659	84
47.4717	85
47.4799	85
47.4857	86
47.4962	87
47.5066	87
47.5159	87
47.5252	87
47.5369	87
47.5473	87
47.5566	86
47.566	86
47.5753	86
47.5846	86
47.5927	86
47.602	86
47.6113	86
47.6206	87
47.6299	87
47.6392	88
47.6462	88
47.6555	88
47.6648	89
47.6741	90
47.6834	90
47.6916	91
47.7009	91
47.7102	92
47.7195	93
47.7288	93
47.7369	94
47.7451	95
47.7544	95
47.7637	96
47.773	97
47.7823	98
47.7904	98
47.7998	99
47.8091	100
47.8184	101
47.8265	101
47.837	102
47.8451	103
47.8544	104
47.8637	105
47.873	105
47.8823	106
47.8905	107
47.8998	108
47.9091	109
47.9172	110
47.9265	110
47.9358	111
47.944	112
47.9545	113
47.9638	113
47.9742	115
47.9847	116
47.994	117
48.0045	118
48.0161	120
48.0254	122
48.0336	123
48.0417	125
48.051	126
48.058	128
48.065	129
48.0708	130
48.0778	131
48.0859	132
48.0929	133
48.0999	134
48.1068	135
48.1173	136
48.1266	136
48.1382	137
48.1487	137
48.158	137
48.1697	137
48.179	137
48.1871	138
48.1964	138
48.2057	138
48.215	138
48.2243	139
48.2336	140
48.2429	140
48.2522	141
48.2604	141
48.2697	142
48.279	143
48.2871	143
48.2964	144
48.3057	145
48.3151	145
48.3244	146
48.3313	147
48.3406	147
48.3499	148
48.3593	149
48.3674	149
48.3767	150
48.3848	151
48.3942	151
48.4035	152
48.4116	153
48.4197	153
48.4279	153
48.4372	154
48.4453	155
48.4546	155
48.4639	155
48.4732	156
48.4826	156
48.4895	156
48.4988	156
48.5081	156
48.5174	157
48.5256	157
48.5349	157
48.5442	157
48.5535	157
48.5651	158
48.5733	158
48.5826	159
48.5907	159
48.6	160
48.6093	160
48.6175	160
48.6221	160
48.628	160
48.6338	160
48.6431	160
48.6489	160
48.6582	160
48.664	159
48.6722	159
48.6884	158
48.6989	157
48.7094	157
48.7187	156
48.7303	155
48.7419	155
48.7501	154
48.7594	154
48.7687	154
48.7757	154
48.7838	153
48.7908	153
48.7989	152
48.8071	152
48.8164	152
48.8257	152
48.835	152
48.8431	152
48.8525	152
48.8618	153
48.8699	153
48.8769	153
48.8862	153
48.8978	154
48.9071	154
48.9164	154
48.9257	155
48.9327	155
48.9409	155
48.9478	154
48.9548	154
48.9641	154
48.9734	154
48.9816	154
48.9897	154
