0.0602339	60
0.149404	63
0.154056	67
0.158709	71
0.163362	75
0.165688	78
0.218196	88
0.228664	87
0.23797	86
0.244949	86
0.249602	85
0.254255	85
0.258908	85
0.26356	85
0.268213	85
0.313578	90
0.322884	92
0.335679	94
0.346148	97
0.35778	100
0.368248	103
0.378717	107
0.38686	111
0.393839	114
0.398492	118
0.403144	121
0.411287	124
0.420592	127
0.428735	130
0.43804	134
0.446183	137
0.454325	141
0.493874	148
0.49969	153
0.507832	157
0.513648	161
0.52528	165
0.529933	169
0.540402	172
0.546218	176
0.55436	179
0.565992	182
0.575298	185
0.582277	187
0.589256	189
0.593909	190
0.598562	191
0.606704	192
0.6195	194
0.628805	195
0.636948	197
0.64509	198
0.652069	198
0.691618	203
0.697434	203
0.705576	203
0.710229	203
0.714882	202
0.724188	203
0.72884	203
0.73233	202
0.739309	203
0.745125	203
0.753268	203
0.75792	203
1.12898	198
1.1348	193
1.13712	189
1.13945	185
1.14527	181
1.14759	178
1.14992	176
1.15225	173
1.1569	171
1.16039	169
1.1662	167
1.17202	164
1.17667	161
1.18016	158
1.18481	155
1.19994	152
1.20343	149
1.21041	147
1.21506	145
1.22087	143
1.22902	142
1.23251	140
1.236	139
1.24181	138
1.2453	138
1.24995	138
1.25577	137
1.26391	138
1.2674	138
1.27322	139
1.27671	139
1.2802	140
1.28485	140
1.2895	141
1.29532	142
1.29881	143
1.3023	144
1.30695	146
1.31044	147
1.31509	148
1.31742	149
1.32324	151
1.32789	152
1.33254	154
1.33836	156
1.34068	157
1.3465	159
1.35232	161
1.35581	163
1.36046	165
1.36627	167
1.3686	168
1.37558	171
1.37907	173
1.38372	175
1.38721	177
1.39303	179
1.39535	180
1.39884	182
1.40466	184
1.40699	186
1.41164	188
1.41397	189
1.81992	191
1.8269	192
1.82923	192
1.83272	192
1.83853	192
1.84202	191
1.84551	190
1.84784	189
1.85133	189
1.85947	188
1.86296	187
1.86761	186
1.8711	185
1.87343	184
1.87692	184
1.87925	183
1.8839	182
1.88622	182
1.88855	181
1.89204	181
1.89437	181
1.89786	180
1.90135	180
1.90484	180
1.91181	179
1.91414	179
1.91647	179
1.91996	179
1.92228	179
1.92577	179
1.9281	179
1.93275	179
1.93624	178
1.93857	178
1.94089	178
1.94438	178
1.94671	178
1.94904	178
1.95253	178
1.95485	178
1.95834	178
1.96067	178
1.96532	178
1.96765	178
1.97114	178
1.97346	178
1.97579	179
1.97928	179
1.98161	180
1.98393	180
1.98742	181
1.99091	182
1.99324	183
1.99673	184
1.99905	185
2.00254	186
2.00487	187
2.00836	188
2.01069	189
2.01418	191
2.01767	192
3.47924	176
3.52961	168
3.53426	155
3.54124	144
3.54706	135
3.55404	127
3.55869	119
3.56567	114
3.57148	109
3.5773	104
3.58312	101
3.5901	98
3.59707	96
3.60173	94
3.60871	93
3.61452	92
3.6215	91
3.62615	91
3.63313	90
3.63895	90
3.64477	90
3.65175	91
3.65756	91
3.66338	92
3.67036	93
3.67617	94
3.68315	95
3.6878	96
3.69595	97
3.7006	98
3.70758	99
3.71456	101
3.72037	102
3.72735	104
3.73201	105
3.74015	107
3.74596	108
3.75294	110
3.76109	112
3.76574	113
3.77155	115
3.77853	117
3.78551	118
3.79133	120
3.79831	122
3.80529	124
3.8111	126
3.81808	128
3.82506	130
3.82971	131
3.83553	133
3.84018	134
3.84716	136
3.85298	137
3.85763	139
3.86345	140
3.86926	141
3.87392	142
3.8809	143
3.88671	145
3.89253	146
3.89718	147
3.90416	148
3.90881	150
3.91463	151
3.92161	152
3.92626	153
3.93324	154
3.93789	156
3.94603	157
3.95069	158
3.95767	160
3.96348	161
3.97046	162
3.97744	163
3.98442	165
3.99256	166
3.99954	167
4.00536	168
4.01234	169
4.01815	170
4.02513	171
4.03211	172
4.03909	173
4.04491	174
4.05189	175
4.05654	176
4.06468	177
4.0705	178
4.07748	179
4.08097	179
4.08911	180
4.0926	180
4.09958	181
4.10656	181
4.11005	181
4.1147	181
4.12168	182
4.12749	181
4.13215	181
4.13796	181
4.14378	181
4.14959	181
4.15657	180
4.16355	180
4.17286	180
4.17867	180
4.18449	180
4.19031	180
4.19496	180
4.19961	180
4.20775	180
4.21473	180
4.22055	180
4.22753	181
4.23335	181
4.24032	181
4.25079	181
4.25777	181
4.26243	181
4.26824	180
4.27289	180
4.27987	180
4.28685	180
4.29151	180
4.29616	180
4.30197	180
4.30895	180
4.31244	180
4.31826	180
4.32407	180
4.33105	180
4.33687	180
4.34385	180
4.35432	180
4.36013	180
4.36828	181
4.37409	181
4.37758	181
4.38456	182
4.3927	182
4.39736	182
4.40317	182
4.40899	182
4.41248	182
4.41946	181
4.4276	181
4.43458	180
4.43923	180
4.44621	179
4.45086	179
4.45668	179
4.46366	179
4.46947	178
4.47296	178
4.47994	178
4.48576	178
4.49041	178
4.49623	178
4.50321	178
4.50902	178
4.516	178
4.52298	178
4.53112	178
4.53694	178
4.54625	178
4.55206	178
4.55555	177
4.56253	177
4.56951	177
4.573	177
4.58114	177
4.58696	177
4.59045	177
4.59859	177
4.6079	177
4.61487	178
4.61953	178
4.62767	178
4.63232	179
4.6393	179
4.64395	179
4.64861	179
4.65326	179
4.66024	179
4.66606	179
4.66955	179
4.67536	179
4.68234	179
4.69048	179
4.6963	179
4.70328	179
4.70909	179
4.71607	179
4.72189	179
4.72771	179
4.73352	180
4.73817	180
4.74515	180
4.7533	181
4.75562	181
4.76376	181
4.76842	181
4.77307	181
4.78005	181
4.79284	181
4.79866	180
4.80797	180
4.81146	180
4.8196	180
4.82425	180
4.8289	180
4.83356	180
4.83937	180
4.84751	180
4.84984	180
4.85682	180
4.86264	180
4.87078	180
4.87776	180
4.88357	180
4.89055	180
4.89753	180
4.90335	180
4.90916	180
4.91498	180
4.91847	180
4.92545	180
4.93359	180
4.93708	180
4.94406	180
4.94755	180
4.95337	180
4.95802	180
4.96849	179
4.9743	179
4.98477	178
4.98826	178
4.99524	178
5.00106	178
5.00687	178
5.01153	178
5.01502	177
5.02432	177
5.02897	177
5.03479	177
5.04177	177
5.04991	177
5.05689	178
5.06387	178
5.07085	178
5.07783	178
5.08364	178
5.08946	178
5.09528	179
5.09877	179
5.10691	179
5.11505	179
5.1197	179
5.12668	180
5.13134	180
5.13599	180
5.14064	180
5.14995	180
5.15693	181
5.16507	181
5.16856	180
5.17321	180
5.17903	180
5.18601	180
5.1895	179
5.19415	179
5.19996	179
5.20694	178
5.2116	178
5.21974	178
5.22672	178
5.2337	178
5.24068	178
5.24882	178
5.25347	177
5.26045	177
5.2651	177
5.26976	177
5.27674	178
5.28139	178
5.28837	178
5.29884	179
5.30233	179
5.30931	180
5.31279	180
5.31628	180
5.31977	180
5.32908	179
5.3349	178
5.33955	177
5.3442	176
5.35002	175
5.35583	174
5.36165	174
5.36514	173
5.36863	173
5.37444	172
5.37793	171
5.38491	170
5.39073	169
5.39422	168
5.40003	167
5.40934	166
5.41283	165
5.41981	165
5.42563	164
5.43028	163
5.43842	163
5.44307	163
5.45122	163
5.46052	163
5.46517	163
5.47215	163
5.47564	162
5.47913	162
5.48262	162
5.48611	161
5.49076	161
5.49425	160
5.49891	160
5.5024	159
5.50589	159
5.5117	158
5.51752	158
5.52217	158
5.52799	158
5.53264	157
5.53846	157
5.54311	158
5.54892	158
5.55358	158
5.55939	158
5.56637	158
5.57219	158
5.57684	158
5.58382	158
5.58847	158
5.59662	158
5.60011	157
5.60825	157
5.61755	157
5.62104	157
5.62919	157
5.635	157
5.64198	157
5.64663	158
5.65129	158
5.65594	158
5.66408	159
5.66873	160
5.67455	160
5.6792	161
5.68618	162
5.692	163
5.69665	163
5.7013	164
5.70712	165
5.71061	165
5.71643	166
5.72108	166
5.72806	167
5.73155	168
5.73736	168
5.74202	169
5.74783	170
5.75132	170
5.75714	170
5.76179	171
5.76877	171
5.77575	171
5.7804	171
5.78971	171
5.79552	171
5.80367	172
5.80832	172
5.81413	172
5.81879	173
5.82344	173
5.82809	173
5.83275	174
5.83972	174
5.84438	174
5.85019	174
5.85368	174
5.85717	174
5.86531	174
5.87229	173
5.87811	173
5.88393	173
5.88858	173
5.89439	173
5.89905	172
5.90486	172
5.90835	172
5.91417	172
5.91882	172
5.92464	172
5.92813	172
5.93394	172
5.93976	171
5.94674	171
5.95023	171
5.9607	171
5.96535	171
5.97349	171
5.97815	171
5.98512	171
5.98861	170
5.99443	170
5.99908	170
6.00606	171
6.01188	171
6.01653	171
6.02235	171
6.02584	171
6.03049	171
6.03631	171
6.04445	171
6.05026	171
6.05608	171
6.0619	171
6.06887	172
6.07469	172
6.08051	172
6.08516	173
6.08981	173
6.0933	173
6.10028	173
6.10261	173
6.10842	174
6.11191	173
6.11889	173
6.12238	173
6.13052	172
6.13518	172
6.14216	172
6.14681	171
6.15263	170
6.15728	170
6.16309	170
6.16775	170
6.17473	169
6.18171	169
6.18752	169
6.19334	170
6.19915	170
6.20381	170
6.20846	170
6.21544	170
6.22242	171
6.22823	171
6.23289	171
6.23754	170
6.24335	170
6.24917	170
6.25499	170
6.25964	170
6.26429	170
6.27011	170
6.27476	170
6.28058	170
6.28523	170
6.28988	170
6.29454	170
6.30035	170
6.305	170
6.31315	170
6.3178	170
6.32362	170
6.32827	170
6.33525	170
6.3399	170
6.34455	171
6.34921	171
6.35502	171
6.362	172
6.36665	172
6.37247	172
6.37829	172
6.38294	172
6.38992	172
6.39573	172
6.40504	172
6.40969	172
6.41318	172
6.42132	172
6.42481	172
6.43063	171
6.43645	171
6.4411	171
6.44575	171
6.45157	171
6.45622	171
6.46087	171
6.46669	171
6.47251	171
6.47599	171
6.48297	171
6.48879	171
6.49461	171
6.49926	171
6.50507	170
6.51089	170
6.51554	170
6.5202	170
6.52485	170
6.53183	170
6.53764	170
6.5423	170
6.54811	170
6.55277	170
6.55975	170
6.56556	170
6.57487	170
6.57952	170
6.58534	170
6.59231	170
6.59813	170
6.60278	170
6.60976	171
6.61442	171
6.62023	171
6.62605	172
6.6307	172
6.63652	172
6.64117	173
6.64815	173
6.65164	173
6.65629	173
6.66094	173
6.66676	173
6.67141	173
6.67723	172
6.68304	172
6.68886	172
6.69235	172
6.697	172
6.70398	172
6.71096	172
6.71561	172
6.72143	172
6.72725	173
6.73423	173
6.73888	173
6.74818	173
6.754	173
6.75982	173
6.76563	173
6.77028	173
6.77494	173
6.77959	172
6.78541	172
6.79122	172
6.79704	172
6.80169	172
6.80634	171
6.811	171
6.81798	171
6.82263	170
6.82844	170
6.83193	170
6.83659	170
6.84124	170
6.84822	170
6.85287	170
6.85985	170
6.86334	170
6.86916	170
6.87381	170
6.87963	170
6.88428	171
6.88777	171
6.89475	171
6.8994	171
6.90638	171
6.91103	171
6.92034	171
6.92499	171
6.93313	171
6.94127	171
6.94709	171
6.95291	172
6.95756	172
6.96338	172
6.97035	172
6.97501	172
6.97966	172
6.98548	172
6.99129	172
6.99711	173
7.00176	173
7.00758	173
7.01339	173
7.01805	173
7.0227	173
7.02735	174
7.03317	174
7.03782	173
7.04131	173
7.04596	173
7.05178	173
7.05759	173
7.06108	173
7.0669	173
7.07155	172
7.07737	172
7.08319	172
7.08784	171
7.09249	171
7.09947	170
7.10761	170
7.11227	169
7.11924	169
7.12506	169
7.12971	168
7.13553	168
7.13902	167
7.14483	167
7.14949	166
7.1553	166
7.15879	165
7.16345	165
7.1681	164
7.17391	164
7.17973	163
7.18787	162
7.19369	161
7.19718	160
7.20183	160
7.20765	159
7.2123	158
7.21812	158
7.22277	158
7.22742	157
7.2344	157
7.23905	157
7.24371	157
7.24836	157
7.25418	156
7.26115	156
7.26697	156
7.27395	155
7.27977	155
7.28675	155
7.2914	155
7.29721	156
7.3007	156
7.30419	155
7.31001	155
7.3135	155
7.31815	155
7.32164	154
7.32629	154
7.33211	154
7.33909	154
7.34374	153
7.34956	153
7.35305	153
7.3577	152
7.36468	152
7.36933	152
7.37399	152
7.37864	152
7.38562	151
7.39027	151
7.39609	151
7.39958	151
7.40423	151
7.41004	152
7.41586	152
7.42168	152
7.42749	152
7.43331	152
7.43912	152
7.4461	153
7.45192	153
7.45657	153
7.46355	153
7.4682	153
7.47402	153
7.47867	153
7.48449	154
7.49031	154
7.49496	154
7.50077	155
7.50543	155
7.51124	156
7.5159	156
7.52055	156
7.52636	157
7.53102	158
7.53567	158
7.54149	158
7.54847	159
7.55312	159
7.55893	160
7.56475	160
7.5694	161
7.57406	161
7.58103	161
7.58685	162
7.59267	162
7.59848	162
7.6043	163
7.61244	163
7.61826	163
7.62291	164
7.62989	164
7.63454	164
7.63919	164
7.64385	164
7.65083	164
7.65432	164
7.66013	164
7.66479	164
7.6706	164
7.67758	164
7.68223	165
7.68689	165
7.69387	165
7.69852	165
7.70201	165
7.71015	166
7.7148	166
7.71946	166
7.72643	166
7.72992	166
7.7369	166
7.74039	166
7.74505	166
7.7497	165
7.75551	165
7.76017	164
7.76715	164
7.77296	164
7.77878	163
7.78343	163
7.79041	162
7.79506	162
7.80088	162
7.80553	162
7.81135	162
7.81716	162
7.82298	162
7.82763	162
7.83229	162
7.84043	162
7.84508	162
7.8509	162
7.85788	162
7.86253	162
7.86602	162
7.87416	163
7.87881	163
7.88463	163
7.89045	163
7.8951	163
7.89975	163
7.90324	163
7.90906	163
7.91371	163
7.91953	163
7.92418	163
7.92999	163
7.93581	163
7.94163	163
7.94512	163
7.94977	162
7.95559	162
7.96024	162
7.96489	162
7.96954	162
7.97536	163
7.98001	163
7.98699	163
7.99048	163
7.9963	163
8.00444	163
8.01258	163
8.02072	163
8.02421	163
8.03003	163
8.03468	162
8.0405	162
8.04515	162
8.05213	162
8.05678	162
8.06144	162
8.06725	162
8.07191	162
8.07656	162
8.08354	162
8.08819	162
8.09517	163
8.09982	163
8.10564	163
8.11029	163
8.11494	163
8.1196	163
8.12541	163
8.13007	164
8.13472	164
8.14053	164
8.14635	164
8.15217	164
8.15682	164
8.16031	164
8.16729	164
8.17427	164
8.18241	163
8.18823	163
8.19288	163
8.19869	163
8.20451	163
8.21033	163
8.21731	163
8.22196	164
8.22894	164
8.23475	164
8.23941	165
8.24406	165
8.25104	165
8.25336	165
8.26034	165
8.26732	165
8.27081	165
8.27663	165
8.28012	165
8.28244	165
8.28826	165
8.29291	164
8.29757	164
8.30222	164
8.30803	163
8.31385	163
8.3185	163
8.32316	163
8.32665	162
8.33363	162
8.33828	161
8.34526	160
8.34991	160
8.35573	159
8.36154	159
8.36736	159
8.3755	159
8.38015	159
8.3883	159
8.39411	159
8.39876	159
8.40458	159
8.41156	159
8.41621	159
8.42087	159
8.42901	159
8.4325	160
8.43599	159
8.44064	159
8.44529	159
8.44995	159
8.4546	159
8.46041	159
8.46507	159
8.46972	160
8.47437	160
8.48019	160
8.48368	160
8.48949	160
8.49415	160
8.49764	160
8.50345	160
8.50811	161
8.51508	161
8.51974	161
8.52555	162
8.53021	162
8.53835	162
8.543	162
8.55347	161
8.55812	161
8.56394	161
8.57208	161
8.57557	161
8.58139	161
8.5872	160
8.59302	160
8.59883	160
8.60349	160
8.6093	160
8.61396	160
8.61977	161
8.62326	161
8.62791	161
8.63257	161
8.63722	161
8.64304	161
8.64885	161
8.65234	162
8.65699	162
8.66281	162
8.6663	162
8.67212	162
8.67677	162
8.68142	162
8.6884	162
8.69305	162
8.7012	162
8.70585	162
8.71399	162
8.72097	162
8.72562	162
8.7326	161
8.73609	161
8.74075	161
8.7454	160
8.75121	160
8.75819	160
8.76285	160
8.76983	160
8.77448	160
8.78146	160
8.78611	160
8.79076	160
8.79542	161
8.80123	161
8.80705	161
8.8117	161
8.81635	161
8.81984	161
8.8245	161
8.82682	161
8.83031	161
8.8338	160
8.83729	159
8.84427	159
8.84776	158
8.85474	158
8.85939	157
8.86637	156
8.87102	156
8.87684	155
8.88382	155
8.88731	154
8.89196	153
8.89661	153
8.90359	153
8.90941	152
8.91523	152
8.9222	152
8.92802	153
8.93384	152
8.94082	153
8.94547	153
8.95128	153
8.95594	153
8.96175	153
8.96524	153
8.96873	153
8.97339	153
8.97687	153
8.98153	152
8.98618	152
8.992	152
8.99665	152
9.00014	152
9.00595	152
9.01061	152
9.01526	152
9.01991	152
9.02573	152
9.02922	152
9.03387	152
9.03736	152
9.04318	152
9.04783	152
9.05365	152
9.0583	153
9.06295	153
9.06877	153
9.07924	152
9.08505	152
9.09087	152
9.09552	152
9.10134	151
9.10715	151
9.11297	151
9.11762	151
9.12344	151
9.12809	151
9.13391	152
9.13856	152
9.14321	152
9.14903	152
9.15252	152
9.15833	153
9.16299	153
9.16764	153
9.17229	153
9.17695	153
9.1816	154
9.18625	154
9.19207	154
9.19556	154
9.20021	154
9.20486	154
9.21068	155
9.21533	155
9.21998	155
9.22464	155
9.23511	155
9.24092	155
9.24674	155
9.25139	155
9.25721	155
9.26302	155
9.26767	155
9.27349	155
9.27814	155
9.28396	155
9.29094	155
9.29443	155
9.29908	155
9.3049	155
9.31071	155
9.3142	155
9.32002	156
9.32467	156
9.33049	156
9.3363	156
9.34212	157
9.34561	157
9.35259	157
9.35491	157
9.36073	158
9.36538	158
9.37004	158
9.37585	158
9.38051	158
9.38632	159
9.3933	159
9.39795	158
9.40261	158
9.40726	158
9.41191	157
9.41773	157
9.42238	156
9.42703	156
9.43169	156
9.4375	155
9.44564	155
9.44913	155
9.45379	155
9.4596	155
9.46542	155
9.46891	154
9.47472	154
9.47938	154
9.48403	154
9.48985	154
9.49566	154
9.49915	154
9.50497	153
9.50846	153
9.51427	153
9.51893	153
9.52242	152
9.52823	152
9.53172	152
9.5387	152
9.54219	152
9.54684	151
9.5515	151
9.55731	151
9.5608	150
9.56662	150
9.57127	150
9.57592	150
9.58174	150
9.58523	150
9.58988	150
9.5957	150
9.60035	150
9.605	150
9.61315	150
9.61896	149
9.62361	149
9.6271	149
9.63292	149
9.6399	149
9.64571	149
9.65037	149
9.65618	149
9.66084	150
9.66665	150
9.67131	150
9.67712	151
9.68061	151
9.68526	151
9.69108	151
9.6969	151
9.70271	152
9.7062	152
9.71202	152
9.71667	153
9.72132	153
9.72598	153
9.73063	153
9.73761	153
9.7411	154
9.74691	154
9.75157	154
9.75738	154
9.76203	155
9.76901	155
9.77483	155
9.77948	155
9.78414	155
9.78879	155
9.79577	155
9.80158	155
9.80624	155
9.81205	155
9.81554	155
9.82252	155
9.82601	155
9.83299	155
9.83648	155
9.84346	155
9.84695	155
9.85393	155
9.85858	155
9.86207	155
9.86789	155
9.87254	155
9.87835	155
9.88184	155
9.8865	155
9.89464	156
9.90046	156
9.90395	156
9.91092	156
9.91558	156
9.92139	157
9.92837	157
9.93419	157
9.93884	157
9.94349	157
9.94931	158
9.95513	158
9.95862	158
9.96211	158
9.96792	157
9.97257	157
9.97723	157
9.98188	156
9.98886	156
9.99351	156
9.99933	156
10.004	156
10.0086	156
10.0144	156
10.0191	156
10.0226	155
10.0284	155
10.0331	155
10.0366	155
10.0424	155
10.0459	154
10.0528	154
10.0575	154
10.0621	153
10.0668	153
10.0738	153
10.0796	153
10.0842	152
10.0877	152
10.0947	152
10.0994	152
10.104	152
10.1087	152
10.1133	152
10.118	152
10.1226	152
10.1273	152
10.1319	152
10.1377	152
10.1424	152
10.1482	152
10.1517	151
10.1575	151
10.1622	151
10.1668	150
10.1726	150
10.1773	150
10.1808	149
10.1866	149
10.1913	149
10.1971	149
10.2029	149
10.2087	149
10.2134	150
10.2192	150
10.2238	150
10.2308	150
10.2355	150
10.2413	150
10.2448	150
10.2506	150
10.2552	150
10.2587	150
10.2645	150
10.2692	150
10.2738	150
10.2773	150
10.2808	150
10.2866	150
10.2901	150
10.2948	149
10.2971	148
10.3018	148
10.3052	147
10.3099	147
10.3134	146
10.3169	145
10.3227	144
10.3262	143
10.3308	141
10.3343	140
10.3378	139
10.3413	137
10.346	136
10.3495	135
10.3529	133
10.3564	131
10.3599	130
10.3646	128
10.3681	127
10.3727	126
10.3762	124
10.382	124
10.3867	123
10.3902	122
10.3937	121
10.3971	120
10.4018	119
10.4053	118
10.4088	118
10.4134	117
10.4181	116
10.4216	115
10.4262	115
10.4309	114
10.4344	114
10.439	113
10.4437	113
10.4483	112
10.4518	112
10.4541	111
10.4576	110
10.4611	110
10.4646	109
10.4669	108
10.4704	107
10.4751	106
10.4797	105
10.4832	104
10.4879	103
10.4914	103
10.4949	102
10.4983	101
10.5007	100
10.5042	99
10.5076	98
10.5111	97
10.5158	96
10.5204	95
10.5251	94
10.5286	94
10.5332	93
10.5367	92
10.5402	92
10.5449	91
10.5484	90
10.5518	89
10.5553	88
10.5612	88
10.5658	87
10.5705	87
10.5751	87
10.5786	86
10.5833	86
10.5879	85
10.5926	85
10.5972	85
10.603	85
10.6088	85
10.6135	85
10.6182	85
10.6228	85
10.6275	85
10.6333	86
10.6379	86
10.6437	86
10.6484	86
10.6542	87
10.6589	87
10.6635	88
10.6693	88
10.674	89
10.6798	89
10.6833	89
10.6891	90
10.6938	90
10.6984	91
10.7042	91
10.71	92
10.7159	92
10.7193	93
10.724	94
10.7298	94
10.7345	95
10.7403	95
10.7449	96
10.7484	96
10.7542	97
10.7601	97
10.7659	98
10.7705	99
10.7752	99
10.7798	100
10.7845	100
10.7903	101
10.795	102
10.8008	102
10.8043	103
10.8101	103
10.8159	104
10.8205	105
10.8264	105
10.831	106
10.8345	107
10.8403	107
10.845	108
10.8508	108
10.8566	109
10.8624	110
10.8659	110
10.8706	111
10.8764	112
10.881	112
10.8868	113
10.8915	114
10.895	114
10.9008	115
10.9066	115
10.9124	116
10.9171	117
10.9217	117
10.9264	118
10.9311	119
10.9369	119
10.9415	120
10.9485	121
10.9532	121
10.9578	122
10.9636	123
10.9683	124
10.9753	125
10.9799	125
10.9846	126
10.9904	127
10.995	128
11.002	129
11.0067	130
11.0125	131
11.0183	132
11.0206	132
11.0264	133
11.0311	134
11.0369	135
11.0416	135
11.045	136
11.0497	136
11.0544	137
11.0602	137
11.0648	138
11.0671	138
11.073	138
11.0776	139
11.0799	139
11.0858	140
11.0904	141
11.0927	141
11.0986	142
11.1032	143
11.1067	143
11.1125	144
11.1172	145
11.1207	146
11.1265	147
11.1311	148
11.1334	148
11.1393	149
11.1439	150
11.1486	151
11.1555	152
11.1602	153
11.1672	153
11.173	154
11.1788	155
11.1846	155
11.1904	156
11.1963	156
11.2032	156
11.2091	157
11.2149	157
11.2207	157
11.2253	157
11.2312	158
11.2358	158
11.2405	159
11.2463	159
11.2521	160
11.2591	161
11.2637	161
11.2684	162
11.2742	163
11.2788	164
11.2847	164
11.2893	165
11.294	166
11.2998	166
11.3044	167
11.3114	168
11.3149	169
11.3196	169
11.3254	170
11.3289	171
11.3347	171
11.3382	172
11.344	172
11.3486	173
11.3533	173
11.3603	174
11.3649	175
11.3696	175
11.3742	176
11.3789	176
11.3835	177
11.3894	177
11.3928	178
11.3987	178
11.4033	179
11.4091	180
11.4138	180
11.4184	181
11.4231	181
11.4289	182
11.4336	182
11.4394	183
11.444	184
11.4487	184
11.4545	185
11.4591	185
11.4626	186
11.4684	186
11.4731	187
11.4766	187
11.4824	188
11.4871	188
11.4917	189
11.4975	189
11.5022	190
11.5057	190
11.5115	190
11.5161	191
11.5208	191
11.5254	191
11.5313	192
11.5348	192
11.5394	193
11.5441	193
11.5499	193
11.5545	193
11.5603	194
11.5662	194
11.572	194
11.5778	195
11.5836	195
11.5894	196
11.5941	196
11.5987	197
11.6022	197
11.6069	197
11.6104	197
11.6138	197
11.6173	196
11.6232	196
11.6266	196
11.6313	195
11.6348	194
11.6522	192
11.6569	191
11.6627	189
11.6662	188
11.6708	187
11.6767	186
11.6813	185
11.686	184
11.6906	183
11.6953	183
11.7011	183
11.7069	182
11.7116	182
11.7209	182
11.7255	181
11.7313	181
11.7371	181
11.743	181
11.7488	181
11.7546	181
11.7604	180
11.7662	180
11.772	180
11.7779	180
11.7825	180
11.786	179
11.7895	179
11.793	178
11.7976	178
11.8035	178
11.8069	178
11.8104	177
11.8151	177
11.8209	177
11.8279	176
11.8325	176
11.8383	176
11.8442	176
11.8477	176
11.8535	176
11.8581	176
11.8639	176
11.8686	177
11.8732	177
11.8791	177
11.8849	177
11.8907	177
11.8977	177
11.9023	177
11.9081	177
11.914	177
11.9209	177
11.9268	177
11.9326	177
11.9384	177
11.9442	177
11.9489	177
11.9558	177
11.9616	177
11.9651	177
11.9686	177
11.9733	177
11.9779	177
11.9837	177
11.9872	177
11.9907	177
11.9965	177
12.0012	178
12.0082	178
12.0117	178
12.0198	178
12.0245	178
12.0303	179
12.0349	179
12.0407	179
12.0454	180
12.0524	180
12.0559	180
12.0617	180
12.0652	180
12.0722	181
12.078	180
12.0838	180
12.0884	180
12.0931	180
12.1001	180
12.1047	180
12.1117	180
12.1175	179
12.1222	179
12.128	179
12.1338	179
12.1408	179
12.1454	179
12.1489	179
12.1524	179
12.1571	178
12.1629	178
12.1664	178
12.171	178
12.1757	178
12.1815	178
12.1861	178
12.192	178
12.1943	178
12.1989	178
12.2036	178
12.2094	178
12.2141	179
12.2187	178
12.2245	178
12.2315	178
12.235	178
12.2408	178
12.2455	179
12.2524	179
12.2606	178
12.2664	178
12.2722	178
12.2792	178
12.2839	178
12.2908	177
12.2955	177
12.3025	177
12.3083	177
12.3141	177
12.3199	177
12.3246	177
12.3304	177
12.335	177
12.3397	177
12.3443	177
12.349	177
12.3525	177
12.3595	178
12.363	178
12.3711	178
12.3757	178
12.3792	177
12.3851	177
12.3897	177
12.3944	177
12.4013	177
12.4072	176
12.413	176
12.4165	176
12.4223	176
12.4281	176
12.4362	176
12.442	176
12.4479	176
12.4537	176
12.4607	176
12.4665	176
12.4723	176
12.4793	176
12.4851	176
12.4909	176
12.4956	176
12.5025	176
12.5084	176
12.513	176
12.5177	177
12.5223	177
12.5258	176
12.5305	176
12.5351	176
12.5409	176
12.5549	175
12.5595	175
12.563	174
12.5712	173
12.5747	172
12.5816	172
12.5851	171
12.5909	171
12.5968	170
12.6037	170
12.6095	170
12.6165	169
12.6212	169
12.6293	169
12.6351	169
12.641	169
12.6468	169
12.6538	168
12.6596	168
12.6654	169
12.6712	169
12.677	169
12.6828	169
12.6886	169
12.6945	169
12.6991	169
12.7026	170
12.7084	170
12.7131	170
12.7235	170
12.7282	170
12.7328	170
12.7375	170
12.7422	170
12.748	170
12.7526	170
12.7573	170
12.7619	170
12.7677	170
12.7759	171
12.7805	171
12.7875	171
12.798	170
12.8038	170
12.8096	170
12.8154	169
12.8201	169
12.8259	168
12.8294	167
12.8329	166
12.8375	165
12.8422	164
12.8457	163
12.8503	162
12.8538	161
12.8573	159
12.8608	158
12.8655	157
12.8701	156
12.8736	154
12.8782	153
12.8817	152
12.8864	151
12.8899	150
12.8945	149
12.898	148
12.9027	147
12.9062	146
12.912	144
12.9166	143
12.9224	142
12.9283	141
12.9329	139
12.9387	138
12.9457	137
12.9504	136
12.955	135
12.9597	134
12.9632	133
12.9678	133
12.9713	132
12.976	131
12.9806	130
12.9841	130
12.9899	129
12.9946	129
12.9981	128
13.0027	128
13.0074	127
13.0109	127
13.0143	126
13.019	126
13.0225	125
13.026	124
13.0306	124
13.0341	123
13.0388	123
13.0423	122
13.0457	121
13.0516	121
13.0562	120
13.0609	120
13.0655	119
13.0725	119
13.076	119
13.0795	119
13.0841	119
13.0876	118
13.0923	118
13.0958	117
13.1004	117
13.1039	117
13.1086	116
13.1132	116
13.1167	115
13.1225	115
13.1272	114
13.1307	113
13.1353	113
13.14	112
13.1435	111
13.1493	111
13.1539	110
13.1574	110
13.1632	109
13.1679	109
13.1737	109
13.1795	108
13.1842	108
13.1911	108
13.1958	109
13.2016	109
13.2063	109
13.2109	109
13.2156	110
13.2202	110
13.2249	111
13.2307	112
13.2354	112
13.2412	113
13.2435	114
13.2493	115
13.254	116
13.2598	117
13.2633	117
13.2691	118
13.2726	119
13.2784	120
13.283	121
13.2889	122
13.2947	123
13.3005	124
13.3086	125
13.3144	126
13.3214	127
13.3261	127
13.3331	128
13.34	128
13.3459	129
13.3528	129
13.3586	129
13.3645	130
13.3691	130
13.3749	131
13.3808	131
13.3854	132
13.3912	132
13.3959	133
13.4029	134
13.4063	134
13.4122	135
13.418	135
13.4238	136
13.4296	137
13.4343	138
13.4412	138
13.4471	139
13.4517	140
13.4587	141
13.4633	142
13.4692	143
13.4761	144
13.4808	145
13.4866	146
13.4924	147
13.4982	148
13.5029	149
13.5099	150
13.5157	151
13.5203	152
13.5262	153
13.5308	154
13.5366	154
13.5424	155
13.5459	156
13.5517	157
13.5564	157
13.5622	158
13.568	159
13.5727	159
13.5773	160
13.582	160
13.5878	161
13.5925	162
13.5983	162
13.6018	162
13.6064	163
13.6122	163
13.6169	164
13.6227	164
13.6285	165
13.6332	165
13.639	166
13.6436	166
13.6494	167
13.6553	168
13.6599	168
13.6657	169
13.6704	169
13.6762	170
13.6809	171
13.6867	171
13.6937	172
13.6983	173
13.7041	174
13.7088	174
13.7146	175
13.8344	169
13.8414	164
13.9263	155
13.9333	147
13.9949	137
14.0007	128
14.0054	120
14.0614	114
14.066	108
14.073	103
14.0788	99
14.087	95
14.0916	92
14.13	89
14.137	87
14.1416	85
14.1463	83
14.1521	82
14.1579	81
14.1649	80
14.1695	79
14.1754	79
14.1812	79
14.1882	79
14.1916	79
14.2091	79
14.2149	79
14.2207	79
14.2265	80
14.2335	80
14.2393	81
14.2463	82
14.251	83
14.2568	83
14.2649	84
14.2707	86
14.2754	87
14.2824	88
14.2893	89
14.2952	90
14.301	92
14.3068	93
14.3149	94
14.3208	96
14.3254	97
14.3324	99
14.3394	100
14.3452	102
14.351	103
14.3568	105
14.3638	106
14.3708	108
14.3754	109
14.3812	111
14.3894	112
14.3952	114
14.3999	115
14.4068	117
14.4138	118
14.4196	120
14.4254	121
14.4313	123
14.4371	124
14.4452	126
14.451	128
14.458	129
14.465	131
14.472	133
14.4778	134
14.4859	136
14.4917	137
14.4999	139
14.5057	141
14.5115	142
14.5173	144
14.5243	146
14.5301	148
14.5371	149
14.5418	151
14.5476	153
14.5534	154
14.5604	156
14.565	158
14.5708	160
14.579	161
14.5836	163
14.5906	165
14.6046	167
14.6127	168
14.6209	170
14.6302	171
14.6383	173
14.6453	175
14.6534	176
14.6604	177
14.6674	178
14.6755	179
14.6825	180
14.6883	181
14.6953	182
14.7023	183
14.7081	184
14.7174	185
14.7232	186
14.7314	187
14.7395	188
14.7465	190
14.7546	191
14.7628	192
14.7686	194
14.7779	195
16.111	179
16.1172	164
16.1234	152
16.1292	141
16.1363	131
16.1424	123
16.1494	116
16.1552	110
16.1622	104
16.168	99
16.1738	95
16.1797	91
16.1852	88
16.1914	85
16.1977	82
16.205	80
16.2119	78
16.2178	76
16.2247	75
16.2317	74
16.2387	73
16.2468	73
16.2538	72
16.262	72
16.2666	72
16.2759	72
16.2841	73
16.2922	73
16.3003	74
16.3085	75
16.3166	76
16.3248	77
16.3329	78
16.3422	80
16.3492	81
16.3562	83
16.3632	84
16.3713	86
16.3771	88
16.3853	89
16.3911	91
16.3992	92
16.4062	94
16.4132	96
16.4202	98
16.4283	99
16.4341	101
16.4434	103
16.4539	105
16.4644	107
16.476	109
16.4841	111
16.4946	112
16.5027	113
16.512	115
16.519	116
16.5248	117
16.5318	117
16.5388	118
16.5458	119
16.5528	119
16.5597	120
16.5667	120
16.5737	121
16.5795	121
16.5877	122
16.597	123
16.6051	124
16.6132	125
16.6214	126
16.6307	127
16.64	128
16.6493	130
16.6586	132
16.6667	133
16.6761	135
16.6854	137
16.6935	139
16.7028	141
16.711	143
16.7203	145
16.7284	147
16.7354	149
16.7447	151
16.7517	152
16.7586	154
16.7679	155
16.7761	157
16.7842	159
16.7924	161
16.8005	162
16.8098	164
16.8191	166
16.8308	168
16.8436	170
16.854	172
16.8645	174
16.8738	176
16.8831	177
16.8936	179
16.9017	180
16.9122	182
16.9215	183
16.9285	184
16.9389	185
16.9471	187
16.9541	188
16.9657	189
16.975	190
16.9831	191
16.9936	192
17.0018	193
17.0087	194
17.3495	194
17.36	195
17.3658	195
17.3728	195
17.3821	195
17.3879	195
17.3949	195
17.4042	195
17.424	196
17.4321	196
17.4426	196
17.4507	196
17.4577	197
17.4705	197
17.4798	198
17.4915	198
17.5008	198
17.5089	199
17.517	199
17.5264	199
17.538	199
17.5473	199
17.5554	198
17.5624	198
17.5659	198
17.5717	197
17.5775	197
17.5857	197
17.5915	197
17.6008	197
17.6194	197
17.638	196
17.6473	196
17.6566	196
17.6671	196
17.6752	196
17.6834	196
17.688	195
17.6939	193
17.6997	192
17.7043	190
17.7136	188
17.7218	186
17.7299	185
17.7369	183
17.7415	182
17.7485	181
17.7567	180
17.7636	179
17.7718	179
17.7799	179
17.7962	178
17.8148	178
17.8241	178
17.8346	178
17.8427	177
17.8486	177
17.8544	176
17.859	175
17.8648	174
17.873	173
17.8811	173
17.8893	173
17.8986	173
17.9056	174
17.9137	174
17.923	175
17.9311	175
17.937	176
17.9463	177
17.9521	177
17.9602	178
17.9742	178
17.9905	177
17.9998	177
18.0114	177
18.0184	177
18.0265	177
18.0335	177
18.0405	177
18.0475	177
18.0544	177
18.0614	177
18.0696	178
18.0789	178
18.087	178
18.094	178
18.101	179
18.1056	179
18.1149	179
18.1196	180
18.1289	180
18.1359	180
18.1428	181
18.1929	180
18.2022	179
18.2126	178
18.2208	177
18.2278	176
18.2347	175
18.2429	174
18.2499	173
18.258	172
18.265	171
18.272	170
18.2801	170
18.2859	169
18.2941	169
18.301	168
18.308	167
18.3173	167
18.3278	167
18.3615	167
18.372	168
18.3825	168
18.3929	168
18.3988	168
18.4069	169
18.4139	169
18.4209	169
18.4313	169
18.4383	169
18.4453	170
18.4534	170
18.4604	170
18.4685	170
18.4767	170
18.486	170
18.493	171
18.5023	171
18.5314	171
18.5407	170
18.5511	170
18.5581	170
18.5674	169
18.5756	169
18.5849	169
18.5907	169
18.6	168
18.6081	169
18.6151	169
18.6233	169
18.6326	169
18.6384	169
18.6477	169
18.657	169
18.6651	169
18.6744	170
18.6814	170
18.7023	170
18.7128	170
18.7221	170
18.7279	170
18.7466	170
18.757	170
18.7675	170
18.7768	170
18.7838	170
18.7942	170
18.8001	169
18.807	168
18.8152	167
18.8233	167
18.8315	167
18.8384	166
18.8454	166
18.8547	165
18.8745	165
18.8838	164
18.892	164
18.9059	163
18.9164	163
18.928	162
18.9385	162
18.9455	162
18.9536	161
18.9617	161
18.971	161
18.9804	161
18.9885	161
18.9978	161
19.0071	161
19.0164	161
19.0246	161
19.0374	162
19.0467	162
19.0548	162
19.0676	162
19.0746	161
19.0862	161
19.0955	160
19.1037	160
19.113	159
19.1211	159
19.1304	159
19.1397	159
19.1479	159
19.1583	159
19.1676	159
19.1746	159
19.1839	159
19.1967	159
19.2049	159
19.2118	159
19.2211	160
19.2316	160
19.2386	161
19.2491	161
19.2584	161
19.2746	161
19.2863	161
19.2967	161
19.3084	161
19.3188	161
19.3328	161
19.3433	161
19.3514	162
19.3619	162
19.3689	162
19.3782	162
19.384	162
19.3898	162
19.3968	161
19.4049	161
19.4131	160
19.4224	160
19.4328	160
19.4433	159
19.4549	159
19.4666	159
19.477	159
19.4875	158
19.4968	158
19.5061	157
19.5166	157
19.5236	156
19.5329	156
19.5387	155
19.5457	155
19.5561	154
19.5666	154
19.5747	154
19.5841	154
19.5934	154
19.6015	155
19.6108	155
19.6213	155
19.6306	154
19.6411	154
19.6492	154
19.6585	154
19.669	153
19.6783	153
19.6876	153
19.6946	153
19.705	153
19.7132	154
19.7225	154
19.7318	154
19.7411	154
19.7504	155
19.7574	155
19.7667	155
19.7748	156
19.7818	157
19.7923	157
19.8027	158
19.812	158
19.8295	158
19.8411	159
19.8516	159
19.8621	159
19.8737	159
19.8853	159
19.8946	159
19.9039	159
19.9132	159
19.9225	159
19.9319	160
19.94	160
19.9481	160
19.9563	160
19.9656	160
19.9726	160
19.9819	161
20.0005	160
20.0109	160
20.0214	160
20.033	160
20.0424	159
20.0505	159
20.0598	158
20.0679	158
20.0773	157
20.0866	157
20.0935	156
20.1028	156
20.1133	156
20.1238	156
20.1331	156
20.1436	156
20.1575	156
20.168	156
20.1761	156
20.1866	156
20.1959	155
20.204	155
20.2133	155
20.2238	154
20.2331	154
20.2413	154
20.2506	154
20.261	154
20.2715	155
20.2796	155
20.2901	155
20.3006	155
20.3087	155
20.3169	156
20.3273	156
20.3366	157
20.3471	157
20.3564	158
20.3657	158
20.3832	158
20.3948	158
20.4076	158
20.4192	158
20.4309	158
20.4425	158
20.4506	158
20.4599	158
20.4692	158
20.4774	158
20.4867	158
20.496	158
20.5065	158
20.5158	158
20.5262	159
20.5356	159
20.546	160
20.5588	160
20.5704	160
20.5809	160
20.5937	161
20.6042	161
20.61	160
20.6193	160
20.6274	160
20.6356	159
20.6449	159
20.653	159
20.6635	158
20.6728	158
20.6821	158
20.6914	158
20.7019	157
20.7158	157
20.7263	157
20.7356	157
20.7473	156
20.7577	156
20.7659	155
20.7752	155
20.7833	154
20.7926	154
20.8031	154
20.8136	154
20.8217	154
20.831	154
20.8403	154
20.8508	154
20.8601	155
20.8671	155
20.8764	155
20.8845	156
20.8961	156
20.9078	157
20.9171	157
20.9252	157
20.9427	157
20.952	157
20.9624	157
20.9741	157
20.9857	156
20.9962	156
21.0055	155
21.0136	155
21.0241	155
21.0322	154
21.0415	154
21.0508	154
21.0602	154
21.0695	154
21.0788	154
21.0892	154
21.0997	154
21.1078	154
21.1195	155
21.1323	155
21.1462	156
21.1555	156
21.1625	156
21.1695	156
21.1788	156
21.1869	155
21.1951	155
21.2021	154
21.2125	154
21.2218	154
21.2311	154
21.2405	153
21.2509	153
21.2591	153
21.266	152
21.2788	151
21.2893	150
21.2986	149
21.3091	148
21.3184	148
21.3265	147
21.3347	147
21.3451	146
21.3556	146
21.3649	146
21.3742	146
21.3835	146
21.394	146
21.4033	147
21.4114	147
21.4196	147
21.4266	148
21.4359	148
21.444	149
21.4533	150
21.4626	150
21.4812	150
21.4929	151
21.5045	151
21.5173	152
21.5289	152
21.5394	152
21.5487	152
21.5603	152
21.5696	153
21.5789	153
21.5871	153
21.5964	153
21.6069	153
21.6162	154
21.6266	154
21.6359	154
21.6452	155
21.6557	155
21.6662	156
21.6778	156
21.6918	157
21.7011	157
21.7115	158
21.722	159
21.7313	159
21.7406	159
21.7488	159
21.7569	159
21.7651	159
21.7732	159
21.7837	158
21.793	158
21.8046	158
21.8139	158
21.8244	158
21.8348	158
21.8476	158
21.8558	157
21.8663	157
21.8756	156
21.886	156
21.8942	156
21.9011	155
21.9105	155
21.9209	154
21.9291	154
21.9395	154
21.95	154
21.9593	154
21.9663	154
21.9744	154
21.9826	154
21.9919	155
22.0047	155
22.014	155
22.0244	155
22.0454	156
22.0582	156
22.0686	156
22.0814	157
22.0931	157
22.1047	157
22.1152	157
22.1222	157
22.1315	157
22.1396	156
22.1501	156
22.1594	156
22.1698	156
22.1768	156
22.1873	156
22.1978	156
22.2071	157
22.2175	157
22.2292	157
22.2431	158
22.2548	158
22.2664	159
22.2757	159
22.285	159
22.2943	159
22.3036	159
22.3118	159
22.3211	159
22.3304	160
22.3397	160
22.3467	159
22.3571	159
22.3664	159
22.3769	159
22.3874	159
22.4002	159
22.4083	158
22.4188	157
22.4292	157
22.4374	156
22.4467	155
22.456	155
22.4653	155
22.4746	154
22.4839	154
22.4921	154
22.5014	154
22.5118	153
22.5211	153
22.5293	154
22.5374	154
22.5467	154
22.556	154
22.5653	155
22.577	155
22.5874	155
22.6037	155
22.6154	156
22.627	155
22.6375	155
22.6502	155
22.6619	155
22.67	154
22.6805	154
22.6898	154
22.6991	154
22.7084	154
22.7177	154
22.727	154
22.7375	154
22.7468	154
22.7584	154
22.7724	154
22.7829	155
22.7933	155
22.805	155
22.8166	155
22.8236	154
22.8329	154
22.8422	154
22.8515	153
22.8608	153
22.8701	153
22.8806	153
22.8934	153
22.9027	154
22.9155	154
22.9271	154
22.9364	154
22.9469	154
22.9562	153
22.9678	153
22.9748	153
22.9841	152
22.9911	152
23.0004	151
23.0097	150
23.0167	150
23.026	149
23.0399	149
23.0492	148
23.062	148
23.0725	148
23.0818	147
23.0911	148
23.0992	148
23.1074	148
23.119	149
23.1272	149
23.1376	150
23.1458	150
23.1655	151
23.1772	151
23.1876	151
23.2004	152
23.2132	152
23.226	152
23.2353	153
23.2446	153
23.254	153
23.2633	153
23.2726	153
23.2819	153
23.2923	154
23.3028	154
23.3133	155
23.3249	155
23.3365	156
23.347	156
23.3586	156
23.3703	156
23.3819	156
23.3912	156
23.4005	156
23.4087	156
23.418	155
23.4273	155
23.4377	155
23.4494	155
23.461	156
23.4726	156
23.4854	157
23.4971	157
23.5052	157
23.5168	157
23.5261	157
23.5366	157
23.5448	156
23.5541	156
23.5622	155
23.5692	155
23.5785	154
23.5878	153
23.5983	153
23.6111	152
23.6227	152
23.6332	151
23.6401	151
23.6494	151
23.6576	151
23.668	151
23.6774	151
23.689	151
23.6983	151
23.7157	151
23.7285	152
23.7402	152
23.753	152
23.7658	152
23.7774	152
23.7844	152
23.7948	152
23.8041	152
23.8134	152
23.8239	152
23.8344	152
23.8449	152
23.8542	152
23.8646	153
23.8763	154
23.8879	154
23.8995	155
23.91	155
23.9216	155
23.9321	155
23.9426	155
23.9507	155
23.96	155
23.9693	155
23.9798	155
23.9891	155
24.0007	155
24.01	155
24.0228	155
24.0345	155
24.0473	156
24.0577	156
24.0682	156
24.0775	156
24.0856	156
24.0949	155
24.1008	154
24.1101	154
24.1182	153
24.1264	152
24.1368	151
24.1473	151
24.1578	150
24.1706	150
24.1764	149
24.181	148
24.1857	146
24.1903	144
24.195	142
24.1996	140
24.2043	137
24.2089	134
24.2159	130
24.2217	126
24.2264	122
24.231	117
24.2403	113
24.2496	108
24.2555	104
24.2601	99
24.2667	95
24.2764	92
24.286	88
24.2963	86
24.3062	83
24.3156	81
24.3245	79
24.3341	77
24.3442	76
24.3533	75
24.3629	74
24.3726	73
24.3822	72
24.3922	71
24.4014	70
24.411	70
24.4216	69
24.4313	69
24.4406	69
24.4511	69
24.4615	69
24.472	69
24.4825	69
24.493	69
24.5046	69
24.5139	70
24.5255	70
24.536	71
24.5476	72
24.5581	73
24.5697	74
24.579	75
24.5883	75
24.5988	76
24.6069	76
24.6174	77
24.6267	77
24.6372	78
24.6477	78
24.657	79
24.6663	79
24.6744	80
24.6837	80
24.6919	81
24.7012	81
24.7105	82
24.7198	83
24.7279	84
24.7372	85
24.75	86
24.764	88
24.7768	89
24.7896	89
24.8012	90
24.8152	91
24.8268	92
24.8361	92
24.8466	93
24.8559	94
24.8652	95
24.8756	95
24.8861	96
24.8966	97
24.9082	98
24.9187	99
24.9303	101
24.9408	102
24.9524	103
24.964	105
24.9745	107
24.9838	108
24.992	109
25.0024	110
25.0117	111
25.0187	112
25.0292	113
25.0362	113
25.0466	114
25.0571	114
25.0664	115
25.0757	116
25.0862	116
25.0955	117
25.106	118
25.1164	119
25.1281	120
25.1385	121
25.1502	122
25.1595	123
25.1699	124
25.1804	125
25.1909	126
25.199	127
25.2083	128
25.2176	129
25.2269	130
25.2351	130
25.2455	131
25.256	132
25.2653	133
25.2758	133
25.2851	134
25.2944	135
25.3025	136
25.3107	136
25.32	137
25.327	138
25.3351	139
25.3444	140
25.3526	141
25.3619	142
25.3712	143
25.3851	144
25.3979	146
25.4107	147
25.4223	148
25.434	148
25.4433	149
25.4549	150
25.4631	151
25.4724	151
25.4828	152
25.491	152
25.5003	152
25.5119	153
25.5212	154
25.5317	155
25.5422	155
25.5526	156
25.5619	157
25.5701	158
25.5794	158
25.5887	159
25.5968	159
25.605	159
25.6131	159
25.6224	160
25.6306	160
25.6387	159
25.6445	159
25.655	159
25.6643	159
25.6736	158
25.6829	158
25.6922	158
25.7027	158
25.7143	158
25.7236	159
25.7318	159
25.7411	159
25.7492	160
25.7597	160
25.7667	160
25.7841	159
25.7934	158
25.8027	158
25.812	157
25.8213	157
25.8306	157
25.8399	156
25.8492	156
25.8585	156
25.8667	156
25.8737	156
25.8818	156
25.8888	156
25.8993	156
25.9074	156
25.9167	156
25.9249	157
25.9493	156
25.9609	156
25.9737	156
25.9842	156
25.9958	156
26.0063	155
26.0144	155
26.0237	154
26.033	154
26.04	154
26.0516	154
26.0609	153
26.0703	153
26.0796	153
26.0924	154
26.1017	154
26.1121	154
26.1238	155
26.1342	156
26.1435	156
26.154	156
26.161	156
26.1703	156
26.1796	156
26.1866	155
26.197	155
26.2052	155
26.2145	155
26.2238	155
26.2331	154
26.2471	154
26.2575	155
26.3343	146
26.3436	138
26.4011	129
26.4118	122
26.4668	115
26.4785	109
26.5326	103
26.5432	99
26.5525	95
26.5653	92
26.5746	89
26.5862	87
26.5979	86
26.6083	85
26.62	84
26.6304	84
26.6397	83
26.649	83
26.6595	83
26.6665	83
26.6758	83
26.6863	83
26.6944	83
26.7037	83
26.7142	83
26.7223	83
26.7316	83
26.7421	83
26.7514	83
26.7607	83
26.7723	84
26.7828	84
26.7921	85
26.8014	86
26.8119	86
26.8224	87
26.8317	88
26.841	88
26.8526	89
26.8631	90
26.8724	91
26.8817	91
26.8921	92
26.9026	93
26.9108	94
26.9177	95
26.927	96
26.9363	97
26.9457	98
26.9526	99
26.9608	100
26.9701	101
26.9782	102
26.9899	104
27.0015	105
27.0154	106
27.0294	108
27.0434	109
27.0573	110
27.0701	112
27.0806	113
27.0911	114
27.1004	115
27.1097	116
27.1178	117
27.1294	118
27.1387	118
27.1469	119
27.1574	120
27.1667	121
27.1783	122
27.1888	123
27.1981	124
27.2097	125
27.2202	126
27.2306	127
27.2423	129
27.2516	130
27.2609	131
27.2702	132
27.2818	134
27.29	135
27.2993	136
27.3074	136
27.3179	137
27.3283	138
27.3365	139
27.347	139
27.3563	140
27.3656	141
27.3749	141
27.3853	142
27.3958	143
27.4051	144
27.4167	145
27.4261	146
27.4365	147
27.4458	148
27.4551	149
27.4656	150
27.4772	151
27.4865	152
27.497	153
27.5075	154
27.5168	154
27.5261	155
27.5342	156
27.5424	157
27.5505	158
27.5621	159
27.5715	160
27.5842	161
27.6052	162
27.6168	163
27.6296	163
27.6436	164
27.6564	165
27.668	166
27.6785	167
27.6878	167
27.6971	168
27.7052	168
27.7134	169
27.7227	169
27.7308	169
27.7424	169
27.7529	170
27.7611	170
27.7808	171
27.7925	171
27.8076	172
27.8204	173
27.8355	173
27.8483	174
27.8553	175
27.8623	175
27.8692	174
27.8739	173
27.882	173
27.8913	172
27.8983	171
27.9088	170
27.9181	170
27.9274	169
27.9437	168
27.9565	168
27.9704	167
27.9832	167
27.9995	166
28.0123	166
28.0239	166
28.0332	166
28.0402	166
28.0495	166
28.0577	165
28.067	165
28.0774	165
28.0844	165
28.0926	165
28.1007	165
28.1077	165
28.117	166
28.1251	166
28.1344	167
28.1426	167
28.1693	168
28.1798	167
28.1903	167
28.2019	167
28.2147	167
28.224	167
28.2322	166
28.2415	166
28.2496	166
28.2589	165
28.2659	165
28.274	165
28.2822	164
28.2915	164
28.3019	163
28.3136	163
28.3217	164
28.3322	163
28.3427	163
28.3543	163
28.3648	163
28.3752	163
28.3845	162
28.395	162
28.4031	162
28.4101	162
28.4194	162
28.4276	161
28.438	161
28.4462	161
28.4555	161
28.4636	160
28.4718	160
28.4822	160
28.4927	160
28.502	160
28.5148	160
28.5276	160
28.5381	160
28.5485	161
28.5567	161
28.5683	161
28.5776	162
28.5869	162
28.5974	163
28.6055	163
28.6148	163
28.6241	164
28.6335	164
28.6416	164
28.6486	164
28.6579	165
28.6649	165
28.673	165
28.6846	166
28.6974	166
28.7172	167
28.7288	167
28.7405	167
28.7521	167
28.7649	167
28.7765	167
28.7858	167
28.7951	167
28.8044	167
28.8138	167
28.8207	166
28.8277	166
28.837	165
28.8475	165
28.8591	165
28.8684	165
28.8801	164
28.8928	164
28.9045	164
28.9161	164
28.9277	164
28.9371	164
28.9475	163
28.9568	163
28.965	162
28.9719	162
28.9824	161
28.9906	160
28.9999	160
29.0092	159
29.0173	159
29.0289	159
29.0371	158
29.0487	158
29.0615	158
29.072	157
29.0848	157
29.0952	157
29.1057	157
29.115	157
29.1255	157
29.136	158
29.1453	158
29.1546	158
29.1662	158
29.1755	159
29.1848	159
29.1918	159
29.2011	160
29.2069	160
29.2162	160
29.2255	160
29.2372	161
29.2686	161
29.2802	161
29.2918	161
29.3035	161
29.3151	161
29.3256	160
29.336	160
29.3453	160
29.3558	160
29.3639	160
29.3721	160
29.3802	159
29.3895	159
29.4	159
29.4105	159
29.4268	159
29.4372	158
29.45	158
29.4605	158
29.4733	158
29.4826	158
29.4919	157
29.5012	157
29.5105	157
29.5187	156
29.528	156
29.5373	155
29.5477	155
29.5582	155
29.5663	155
29.5791	155
29.5884	154
29.6012	154
29.614	154
29.6257	153
29.635	153
29.6443	153
29.6559	153
29.6641	153
29.6757	153
29.6838	153
29.6943	153
29.7036	153
29.7129	153
29.7234	153
29.7338	153
29.742	153
29.7501	154
29.7583	154
29.7711	154
29.7827	155
29.7932	155
29.8118	155
29.8246	155
29.8362	155
29.8467	155
29.8583	154
29.8699	154
29.8804	154
29.8897	154
29.899	153
29.9083	153
29.9188	153
29.9281	153
29.9351	153
29.9455	153
29.956	153
29.9665	153
29.977	152
29.9886	152
30.0002	152
30.0095	152
30.0212	152
30.0305	152
30.0398	151
30.0491	151
30.0584	151
30.0665	151
30.0758	150
30.0863	150
30.0944	149
30.1037	149
30.1154	149
30.1247	149
30.1351	149
30.1456	148
30.1561	148
30.1677	148
30.1782	148
30.1875	147
30.198	147
30.2061	147
30.2177	147
30.227	148
30.2375	148
30.248	148
30.2584	148
30.2689	149
30.2782	149
30.2875	150
30.2957	150
30.3038	150
30.3131	151
30.3224	151
30.3329	151
30.3434	152
30.3538	152
30.3724	153
30.3852	153
30.3969	153
30.4097	153
30.4213	153
30.4318	152
30.4434	152
30.4527	152
30.462	152
30.4713	152
30.4818	152
30.4911	152
30.5004	152
30.5097	152
30.5202	152
30.5306	152
30.5388	152
30.5492	152
30.5597	152
30.5702	151
30.5818	151
30.5934	151
30.6028	151
30.6121	151
30.6202	150
30.6295	150
30.6388	149
30.6493	149
30.6586	149
30.6679	148
30.6784	148
30.6865	148
30.6958	147
30.7063	147
30.7167	147
30.7295	147
30.74	147
30.7505	147
30.7598	147
30.7703	147
30.7819	147
30.7912	147
30.8075	147
30.8168	147
30.8284	148
30.8377	148
30.8459	148
30.854	148
30.8633	149
30.8726	149
30.8831	150
30.8936	150
30.904	151
30.9226	151
30.9354	151
30.9482	151
30.961	151
30.9738	151
30.9843	151
30.9948	151
31.0052	151
31.0145	151
31.0238	151
31.0343	151
31.0448	151
31.0541	151
31.0634	151
31.075	151
31.0878	151
31.0994	151
31.1087	151
31.1215	150
31.132	150
31.1425	150
31.1518	149
31.1599	149
31.1692	148
31.1785	147
31.1878	147
31.1983	146
31.2076	146
31.2169	145
31.2297	145
31.2413	144
31.2507	144
31.2635	144
31.2751	143
31.2856	143
31.2972	143
31.3065	143
31.317	144
31.3263	144
31.3379	144
31.3472	144
31.3577	144
31.3693	145
31.3786	145
31.3891	146
31.3984	146
31.4065	146
31.4158	147
31.4263	147
31.4379	148
31.4496	148
31.4693	149
31.4821	149
31.4949	149
31.5077	150
31.5205	150
31.5321	150
31.5426	150
31.5531	150
31.5636	150
31.574	150
31.5845	151
31.595	151
31.6066	152
31.6159	152
31.6252	152
31.6368	153
31.6473	153
31.6578	152
31.6694	152
31.681	151
31.6915	151
31.702	151
31.7136	150
31.7229	150
31.7334	150
31.7415	149
31.7532	149
31.7636	149
31.7729	148
31.7834	148
31.7927	148
31.8043	148
31.816	147
31.8264	147
31.8381	147
31.8474	147
31.859	147
31.8695	146
31.8799	146
31.8916	146
31.902	147
31.9137	147
31.923	147
31.9346	148
31.9451	148
31.9567	149
31.9683	149
31.9765	149
31.9846	150
31.9939	150
32.0032	151
32.0149	151
32.0253	152
32.0358	152
32.0579	153
32.0707	153
32.0835	153
32.0963	153
32.1114	154
32.1219	154
32.1324	154
32.144	155
32.1545	155
32.1649	155
32.1754	156
32.1824	156
32.1928	156
32.201	156
32.2115	155
32.2219	155
32.2336	154
32.2475	154
32.2615	153
32.2731	153
32.2836	153
32.2929	152
32.3034	152
32.3138	151
32.3231	151
32.3348	151
32.3441	150
32.3545	150
32.365	150
32.3743	150
32.3859	149
32.3952	149
32.408	149
32.4208	149
32.4313	148
32.4429	148
32.4534	149
32.4639	149
32.4755	149
32.486	149
32.4976	149
32.5081	150
32.5209	150
32.5302	151
32.5395	151
32.5476	152
32.5569	153
32.5651	153
32.5779	153
32.5883	154
32.6104	154
32.6244	155
32.6372	155
32.6511	155
32.6628	155
32.6756	155
32.6872	155
32.6977	156
32.7093	156
32.7186	156
32.7279	156
32.7361	156
32.7442	156
32.7535	155
32.764	155
32.7744	154
32.7861	153
32.8024	153
32.814	153
32.8268	152
32.8384	152
32.8477	152
32.857	151
32.8675	151
32.878	150
32.8884	150
32.8989	150
32.9082	150
32.9175	149
32.9292	149
32.9396	149
32.9501	149
32.9617	149
32.9757	149
32.9873	149
32.9978	149
33.0094	149
33.0199	149
33.0304	149
33.042	150
33.0525	150
33.0641	150
33.0746	151
33.0839	151
33.0932	152
33.1025	152
33.1118	153
33.1199	153
33.1339	154
33.1455	154
33.1664	154
33.1804	155
33.1932	155
33.206	155
33.2188	155
33.2304	155
33.2421	155
33.2548	155
33.2653	156
33.2758	156
33.2863	156
33.2944	156
33.3037	156
33.3118	155
33.3212	155
33.3316	154
33.3433	153
33.356	153
33.37	153
33.3805	152
33.3921	152
33.4026	152
33.413	151
33.4235	151
33.434	150
33.4445	150
33.4549	149
33.4642	149
33.4747	149
33.4863	148
33.4968	148
33.5073	148
33.5189	148
33.5294	148
33.5422	148
33.5526	148
33.5631	149
33.5747	149
33.5852	149
33.598	149
33.6073	150
33.6201	150
33.6306	151
33.6399	151
33.6492	151
33.6596	152
33.6689	152
33.6783	153
33.6876	154
33.7015	154
33.7225	155
33.7353	155
33.7492	155
33.7632	156
33.7771	156
33.7888	156
33.8016	156
33.812	157
33.8237	157
33.833	157
33.8411	157
33.8516	157
33.8597	157
33.8702	157
33.8807	156
33.8911	156
33.9028	156
33.9167	155
33.9307	155
33.9423	155
33.9528	154
33.9621	154
33.9737	153
33.9842	153
33.9958	152
34.0051	152
34.0156	152
34.0272	151
34.0365	151
34.0482	151
34.0586	151
34.0703	151
34.0807	151
34.0935	151
34.104	151
34.1168	151
34.1272	151
34.1389	151
34.1493	152
34.1621	152
34.1726	152
34.1831	153
34.1959	153
34.2052	154
34.2157	154
34.225	154
34.2343	155
34.2436	156
34.254	156
34.2645	157
34.2878	157
34.3017	157
34.3157	158
34.3285	158
34.3424	158
34.3552	158
34.3669	158
34.3762	159
34.389	159
34.3959	159
34.4053	159
34.4146	158
34.4239	158
34.4343	157
34.446	157
34.4564	157
34.4692	156
34.482	156
34.4925	155
34.5053	154
34.5146	154
34.5239	153
34.5332	152
34.5402	150
34.5472	148
34.5565	147
34.5646	145
34.5739	143
34.5809	141
34.589	139
34.5972	137
34.6065	135
34.6146	133
34.6251	131
34.6367	130
34.6449	128
34.653	126
34.6623	125
34.6705	123
34.6786	121
34.6879	119
34.6961	117
34.7042	115
34.7123	114
34.7193	112
34.7286	110
34.7391	109
34.7461	108
34.7531	107
34.7589	105
34.767	104
34.7763	103
34.7856	102
34.7961	100
34.8077	98
34.8228	97
34.8356	96
34.8461	95
34.8566	94
34.8682	94
34.8775	94
34.888	94
34.8996	94
34.9089	94
34.9194	95
34.9299	96
34.9392	96
34.9496	97
34.9601	98
34.9694	99
34.981	100
34.9903	101
34.9985	102
35.009	103
35.0183	104
35.0276	105
35.0357	106
35.0462	106
35.0555	107
35.0648	108
35.0753	109
35.0857	110
35.0962	111
35.1055	112
35.116	113
35.1264	114
35.1369	115
35.1462	116
35.1567	118
35.1671	119
35.1776	120
35.1869	121
35.1986	123
35.2079	124
35.2183	126
35.2276	127
35.2381	128
35.2486	130
35.2579	131
35.2683	132
35.2788	134
35.2881	135
35.2974	136
35.3079	137
35.3172	139
35.3265	140
35.3358	141
35.3451	143
35.3544	145
35.3626	146
35.3719	148
35.3812	150
35.3893	152
35.3986	153
35.4091	155
35.4231	157
35.437	159
35.4486	161
35.4614	163
35.4731	164
35.4847	166
35.494	167
35.5045	168
35.5149	169
35.5254	171
35.5359	172
35.5464	173
35.558	175
35.5696	177
35.5801	179
35.5906	180
35.601	182
35.6092	184
35.6173	185
35.6266	186
35.6348	187
35.6429	188
35.6522	188
35.6615	189
35.672	190
35.6801	191
35.6894	191
35.7022	192
35.7139	193
35.7232	193
35.7336	194
35.7453	194
35.7569	195
35.7685	195
35.779	196
35.7906	196
35.8011	197
35.8104	197
35.8209	198
35.8278	198
35.836	198
35.8453	198
35.8534	198
35.8627	199
35.8732	199
35.8825	199
35.8918	200
35.9035	200
35.9174	200
35.9256	200
35.9337	201
35.9407	201
35.9488	201
35.9605	201
35.9721	202
35.9814	202
36.0023	202
36.014	201
36.0244	201
36.0535	200
36.064	199
36.0744	198
36.0849	197
36.0977	197
36.1152	197
36.1245	197
36.1338	197
36.1419	197
36.1477	197
36.157	197
36.1675	196
36.1756	196
36.1908	195
36.2012	194
36.2094	193
36.2361	192
36.2478	191
36.2571	190
36.2687	189
36.2815	188
36.2989	187
36.3106	187
36.3199	187
36.328	187
36.3338	186
36.3408	185
36.3478	184
36.3548	183
36.3676	183
36.378	182
36.3885	181
36.4118	181
36.4257	180
36.4362	180
36.4478	180
36.4618	180
36.4699	180
36.4804	180
36.4932	180
36.5037	181
36.5118	181
36.52	181
36.5246	181
36.5327	181
36.5432	182
36.5548	182
36.5676	182
36.5793	182
36.6037	180
36.613	178
36.6235	176
36.679	162
36.6895	150
36.7451	140
36.7555	130
36.8111	122
36.8216	115
36.8771	109
36.8877	104
36.8994	99
36.911	96
36.9215	93
36.9331	90
36.9436	88
36.9564	87
36.9692	86
36.9808	85
36.9936	85
37.0064	85
37.0192	85
37.0308	85
37.0424	85
37.0552	86
37.068	87
37.0797	87
37.0925	88
37.1053	89
37.1169	90
37.1262	91
37.1355	92
37.146	92
37.1564	93
37.1669	95
37.1774	96
37.1878	97
37.1971	98
37.2123	100
37.2286	101
37.2448	103
37.2611	104
37.2774	106
37.2914	108
37.3065	109
37.3204	111
37.3332	113
37.346	116
37.3588	118
37.3681	119
37.3774	120
37.3856	121
37.3961	122
37.4054	122
37.417	123
37.4286	124
37.4391	124
37.4519	125
37.4624	125
37.4751	126
37.4868	127
37.4984	128
37.51	129
37.5228	130
37.5333	131
37.5461	132
37.5577	133
37.5694	134
37.5822	135
37.5926	136
37.6054	137
37.6159	138
37.6287	140
37.6403	141
37.652	142
37.6636	143
37.6752	144
37.6869	145
37.6996	147
37.7113	148
37.7206	149
37.7334	150
37.7438	151
37.7555	152
37.7648	152
37.7753	153
37.7846	154
37.7927	155
37.8032	156
37.8148	157
37.8264	157
37.8497	158
37.8648	159
37.8811	159
37.8974	160
37.9102	161
37.9207	162
37.9311	162
37.9404	162
37.9497	162
37.959	162
37.9683	162
37.9777	161
37.987	161
37.9974	160
38.0079	160
38.023	159
38.0393	159
38.0544	159
38.0695	159
38.0812	159
38.0905	159
38.1021	159
38.1126	159
38.1231	159
38.1335	159
38.1452	159
38.1556	160
38.1673	160
38.1789	160
38.1917	161
38.2045	161
38.2196	162
38.2359	162
38.2475	163
38.2591	163
38.2696	164
38.2801	164
38.2871	164
38.2964	164
38.3068	163
38.3173	163
38.3266	162
38.3359	162
38.3464	162
38.3557	162
38.3673	162
38.3824	162
38.4127	162
38.429	163
38.4429	163
38.4557	164
38.4685	164
38.4755	163
38.4848	162
38.4941	162
38.5011	161
38.5104	160
38.5197	158
38.529	157
38.5406	156
38.5511	155
38.5651	155
38.5814	155
38.5953	155
38.6093	154
38.6232	154
38.6349	154
38.6453	155
38.6581	155
38.6698	155
38.6802	156
38.6919	156
38.7035	157
38.7151	157
38.7256	158
38.7372	158
38.7489	159
38.7593	160
38.7698	160
38.7814	161
38.7931	161
38.8035	162
38.814	162
38.8245	163
38.8361	163
38.8466	163
38.8582	164
38.8698	164
38.8803	164
38.8908	164
38.9012	164
38.9082	164
38.9175	164
38.9268	164
38.9361	164
38.9466	164
38.9582	164
38.9931	164
39.0071	165
39.0222	165
39.0327	165
39.042	164
39.0524	164
39.0594	163
39.0664	161
39.0757	160
39.0862	159
39.0967	158
39.1071	157
39.1176	156
39.1304	156
39.1409	155
39.1536	155
39.1641	155
39.1769	155
39.1885	155
39.199	155
39.2095	155
39.2223	155
39.2316	156
39.2444	156
39.2548	156
39.2653	157
39.2758	157
39.2863	157
39.2967	157
39.3084	158
39.3188	158
39.3281	158
39.3398	158
39.3502	159
39.3607	159
39.3723	159
39.3828	159
39.3933	159
39.4061	160
39.4165	160
39.4258	160
39.4363	160
39.4479	160
39.4572	160
39.4654	160
39.4759	160
39.484	160
39.4933	161
39.5014	161
39.5154	161
39.5282	162
39.5515	163
39.5631	163
39.5747	163
39.5864	163
39.598	162
39.6096	162
39.6189	161
39.6259	160
39.6352	159
39.6457	158
39.6561	157
39.6666	156
39.6783	156
39.6864	155
39.6969	154
39.7097	154
39.719	154
39.7259	153
39.7376	153
39.748	153
39.7597	152
39.7713	152
39.7818	152
39.7922	152
39.8027	152
39.8132	152
39.8248	152
39.8353	152
39.8458	152
39.8562	153
39.8667	153
39.8772	153
39.8853	153
39.8969	153
39.9062	153
39.9179	153
39.9272	154
39.9376	154
39.9493	154
39.9597	154
39.9691	154
39.9807	154
39.9923	155
40.0016	155
40.0121	155
40.0226	155
40.0307	155
40.0388	155
40.047	155
40.0575	155
40.0691	156
40.0807	157
40.09	158
40.1086	158
40.1203	158
40.1331	157
40.1435	157
40.1563	156
40.1656	155
40.1738	154
40.1842	153
40.1947	152
40.2052	152
40.2145	151
40.2238	150
40.2354	150
40.2459	149
40.2552	149
40.268	149
40.2773	149
40.2866	148
40.2971	148
40.3087	148
40.318	148
40.3285	148
40.3401	149
40.3506	149
40.361	149
40.3715	149
40.3831	150
40.3925	150
40.4041	150
40.4146	151
40.425	151
40.4355	151
40.446	152
40.4564	152
40.4669	152
40.475	152
40.4855	153
40.496	153
40.5064	153
40.5158	153
40.5262	153
40.5379	153
40.5483	153
40.5588	153
40.5704	153
40.5821	154
40.5937	154
40.6042	155
40.6135	155
40.6228	156
40.6321	157
40.6379	157
40.6449	157
40.6553	157
40.6623	157
40.6798	156
40.6926	156
40.7065	156
40.7193	155
40.7321	155
40.7437	154
40.7519	153
40.76	153
40.7705	152
40.7821	152
40.7914	151
40.8007	151
40.8089	150
40.8205	150
40.8287	149
40.8391	149
40.8484	149
40.8589	148
40.8694	148
40.8787	148
40.8903	148
40.8996	148
40.9112	148
40.9217	148
40.9322	149
40.9438	149
40.9543	150
40.9659	150
40.9752	151
40.9857	151
40.9962	152
41.0066	152
41.0159	153
41.0264	153
41.0357	153
41.0462	154
41.0555	154
41.0671	155
41.0764	155
41.0869	155
41.0974	156
41.1067	156
41.1183	156
41.1288	157
41.1404	158
41.1509	158
41.1613	159
41.173	160
41.1823	160
41.1916	161
41.1974	161
41.2055	162
41.2125	162
41.2183	162
41.2276	162
41.2369	161
41.2579	161
41.2707	161
41.2835	161
41.2951	160
41.3079	160
41.3172	159
41.3265	159
41.3381	158
41.3474	158
41.3556	157
41.3649	156
41.373	156
41.3823	155
41.3916	154
41.4021	154
41.4114	154
41.4207	153
41.4324	153
41.4417	153
41.4521	153
41.4614	153
41.4719	153
41.4835	153
41.4952	154
41.5045	154
41.5138	154
41.5254	155
41.5336	155
41.544	156
41.5557	156
41.5638	156
41.5743	157
41.5836	157
41.5929	157
41.6033	158
41.6127	158
41.622	158
41.6324	158
41.6441	158
41.6557	159
41.665	159
41.6743	159
41.6871	159
41.6976	160
41.708	160
41.7197	160
41.7301	161
41.7394	161
41.7487	162
41.7534	162
41.7615	162
41.7685	162
41.7767	162
41.7836	162
41.7929	162
41.815	162
41.8267	161
41.8395	161
41.8511	160
41.8627	160
41.8744	159
41.8837	158
41.893	158
41.9023	157
41.9093	156
41.9186	155
41.9302	155
41.9395	154
41.9477	154
41.9593	154
41.9686	153
41.9779	153
41.9884	153
41.9977	153
42.0081	153
42.0186	153
42.0302	153
42.0407	154
42.05	154
42.0605	155
42.071	155
42.0803	155
42.0896	156
42.1	156
42.1105	156
42.1198	157
42.1303	157
42.1396	157
42.1489	158
42.1582	158
42.1687	158
42.1791	158
42.1908	159
42.2012	159
42.2117	159
42.221	159
42.2315	159
42.2431	160
42.2524	160
42.264	160
42.2757	161
42.2861	161
42.2955	162
42.3048	162
42.3106	162
42.3176	162
42.3234	162
42.3303	162
42.3408	161
42.3524	161
42.3606	161
42.378	161
42.3908	160
42.4013	159
42.4118	158
42.4222	157
42.435	157
42.4443	156
42.4536	155
42.463	154
42.4746	153
42.4839	153
42.492	152
42.5025	152
42.5106	151
42.5223	151
42.5316	151
42.5409	151
42.5514	151
42.5618	151
42.5723	151
42.5816	151
42.5921	151
42.6025	151
42.6118	152
42.6223	152
42.6328	153
42.6421	153
42.6537	153
42.6619	154
42.6712	154
42.6793	154
42.6898	154
42.6991	154
42.7084	154
42.7177	154
42.7282	154
42.7375	155
42.7479	155
42.7584	155
42.7677	155
42.7793	155
42.7886	155
42.7991	155
42.8119	155
42.8224	156
42.834	157
42.841	157
42.8515	157
42.8584	157
42.8654	157
42.8724	157
42.8782	156
42.8887	156
42.8957	156
42.9038	156
42.9143	156
42.9317	155
42.9422	155
42.9527	154
42.9655	153
42.9771	152
42.9864	151
42.9969	151
43.0062	150
43.0155	149
43.0248	149
43.0341	148
43.0434	148
43.0527	147
43.0608	147
43.0701	146
43.0806	146
43.0911	146
43.1004	146
43.1109	146
43.1202	146
43.1295	146
43.1399	146
43.1504	147
43.1609	147
43.1702	148
43.1783	148
43.1888	148
43.1993	149
43.2086	149
43.219	150
43.2283	150
43.2376	151
43.2481	151
43.2563	151
43.2656	152
43.276	152
43.2853	152
43.2958	153
43.3063	153
43.3167	153
43.326	154
43.3342	154
43.3447	154
43.3551	154
43.3656	154
43.3784	155
43.3889	156
43.3982	156
43.4086	157
43.4168	157
43.4226	157
43.4296	158
43.4354	158
43.4435	158
43.4552	158
43.4621	157
43.4808	157
43.4901	156
43.5017	156
43.511	154
43.5238	154
43.5343	153
43.5436	152
43.5529	151
43.5633	150
43.5738	150
43.5831	149
43.5913	149
43.6017	149
43.6087	148
43.6192	148
43.6296	148
43.6389	148
43.6494	148
43.6587	148
43.668	148
43.6785	148
43.6878	148
43.6983	149
43.7087	149
43.718	150
43.7273	150
43.7367	150
43.746	150
43.7564	151
43.7669	151
43.775	152
43.7855	152
43.7948	152
43.8053	153
43.8146	153
43.8239	153
43.8344	154
43.8437	154
43.8541	154
43.8646	154
43.8727	154
43.8832	154
43.8925	154
43.9018	155
43.9135	155
43.9239	155
43.9356	155
43.946	156
43.9553	157
43.9623	157
43.9716	158
43.9786	158
43.9891	159
43.996	159
44.0042	159
44.0123	159
44.0275	158
44.0356	157
44.0472	156
44.0565	155
44.0682	154
44.081	153
44.0903	152
44.0984	151
44.1089	150
44.1193	149
44.1287	149
44.138	149
44.1484	148
44.1577	148
44.167	148
44.1763	148
44.1857	148
44.1961	148
44.2066	148
44.2159	148
44.2264	149
44.2357	149
44.2461	149
44.2554	150
44.2647	150
44.2764	151
44.2845	151
44.2938	151
44.3043	152
44.3136	152
44.3217	152
44.3322	153
44.3415	153
44.352	153
44.3625	153
44.3718	154
44.3822	154
44.3915	154
44.402	154
44.4113	154
44.4195	154
44.4322	155
44.4404	155
44.4509	155
44.4602	155
44.4706	155
44.4788	155
44.4916	155
44.5009	156
44.5113	156
44.5218	157
44.53	158
44.5381	158
44.5451	159
44.5532	159
44.5614	159
44.5683	159
44.5823	158
44.5928	156
44.6032	155
44.6137	154
44.6242	152
44.637	151
44.6463	150
44.6556	149
44.6649	148
44.6754	148
44.6858	147
44.6951	147
44.7044	147
44.7137	147
44.723	146
44.7335	146
44.7428	146
44.7533	147
44.7638	147
44.7719	147
44.7824	147
44.7917	147
44.801	148
44.8103	148
44.8196	148
44.8289	148
44.8382	148
44.8475	148
44.858	149
44.8673	149
44.8766	149
44.8859	149
44.8952	149
44.9045	149
44.9161	150
44.9254	150
44.9359	150
44.9452	151
44.9545	151
44.9627	151
44.972	151
44.9813	151
44.9917	152
45.0011	152
45.0115	152
45.0208	152
45.0301	152
45.0418	153
45.0511	153
45.0604	153
45.0697	154
45.079	154
45.0871	155
45.0964	156
45.1057	156
45.1139	157
45.1232	157
45.1337	156
45.1418	155
45.1523	154
45.1639	153
45.1732	152
45.1848	150
45.1941	149
45.2023	148
45.2128	147
45.2221	146
45.2314	146
45.2418	145
45.25	145
45.2604	144
45.2686	144
45.2779	143
45.2884	143
45.2977	143
45.307	143
45.3174	143
45.3267	143
45.3372	143
45.3465	143
45.3558	143
45.3663	144
45.3756	144
45.3849	144
45.3942	144
45.4035	144
45.414	144
45.4245	145
45.4338	145
45.4442	146
45.4535	146
45.4617	146
45.471	146
45.4815	146
45.4908	147
45.5001	147
45.5117	147
45.521	148
45.5291	148
45.5385	148
45.5489	149
45.5582	149
45.5675	149
45.5792	150
45.5896	150
45.6071	150
45.6164	151
45.6257	151
45.6338	152
45.642	152
45.649	153
45.6571	153
45.6687	154
45.6745	153
45.6897	153
45.6978	152
45.7083	151
45.7187	150
45.7292	149
45.7408	148
45.7513	147
45.7606	145
45.7699	144
45.7804	144
45.7897	143
45.799	143
45.8095	142
45.8188	142
45.8281	142
45.8397	142
45.849	142
45.8583	142
45.8676	142
45.8769	142
45.8862	142
45.8967	142
45.9072	142
45.9165	143
45.927	143
45.9363	143
45.9456	143
45.956	144
45.9665	144
45.9758	145
45.9863	145
45.9956	146
46.0049	146
46.0154	146
46.0247	147
46.0351	147
46.0456	148
46.0549	148
46.0642	149
46.0735	149
46.0817	149
46.091	149
46.1026	150
46.1119	150
46.1212	151
46.1317	151
46.1422	152
46.1526	152
46.1631	153
46.1724	154
46.1805	154
46.1887	154
46.1968	155
46.205	155
46.2131	156
46.2224	156
46.2306	156
46.2445	156
46.2573	155
46.2643	155
46.2748	153
46.2864	152
46.2957	151
46.305	150
46.3143	149
46.3224	148
46.3341	147
46.3434	147
46.3527	146
46.3632	146
46.3713	146
46.3806	145
46.3911	145
46.4015	145
46.4109	145
46.4202	145
46.4306	145
46.4399	145
46.4504	146
46.4609	146
46.4713	146
46.4806	147
46.4899	147
46.5004	147
46.5097	148
46.519	148
46.5283	149
46.5388	149
46.5493	149
46.5586	150
46.5679	150
46.5772	151
46.5865	151
46.597	151
46.6063	152
46.6156	152
46.626	152
46.6365	153
46.6458	153
46.6563	153
46.6656	154
46.6749	154
46.6842	154
46.6947	154
46.7063	154
46.7179	155
46.7284	156
46.7365	156
46.7447	157
46.7517	157
46.7598	158
46.7691	158
46.7773	159
46.7866	159
46.8029	159
46.8133	158
46.8238	157
46.8319	156
46.8389	154
46.8471	152
46.8529	150
46.8598	148
46.868	146
46.8738	144
46.8808	141
46.8878	139
46.8959	137
46.9029	135
46.9087	132
46.9134	130
46.9699	133
46.9804	125
47.0358	118
47.0463	111
47.1017	105
47.1122	100
47.1676	96
47.1786	92
47.1879	89
47.1984	86
47.2077	84
47.217	82
47.2286	80
47.2379	79
47.2472	77
47.2565	76
47.267	76
47.2763	75
47.2856	75
47.2973	74
47.3066	74
47.3159	74
47.3252	74
47.3356	74
47.3449	74
47.3554	74
47.3682	74
47.3775	75
47.388	75
47.3985	76
47.4078	77
47.4182	78
47.4264	79
47.4345	80
47.4427	81
47.452	82
47.4613	83
47.4694	84
47.4775	85
47.488	86
47.4985	87
47.5101	87
47.5218	87
47.5334	87
47.545	87
47.5543	87
47.5636	87
47.5741	87
47.5834	87
47.5939	87
47.6032	87
47.6125	87
47.6218	87
47.6323	87
47.6439	88
47.6532	89
47.6625	89
47.6718	89
47.6823	90
47.6927	91
47.702	91
47.7114	92
47.7218	93
47.7311	93
47.7416	94
47.7521	95
47.7625	96
47.7718	97
47.7811	98
47.7916	99
47.8021	100
47.8114	100
47.8207	101
47.83	102
47.8416	103
47.8509	103
47.8614	104
47.8707	105
47.8812	106
47.8916	107
47.901	108
47.9103	109
47.9207	109
47.93	110
47.9405	111
47.951	112
47.9614	113
47.9719	114
47.9824	115
47.9952	117
48.0068	118
48.0149	120
48.0243	121
48.0347	123
48.044	125
48.0522	126
48.0591	128
48.0673	129
48.0766	131
48.0836	132
48.0917	133
48.1034	134
48.1138	135
48.1255	136
48.1371	137
48.1476	137
48.1603	137
48.1685	137
48.1778	137
48.1883	138
48.1987	138
48.2092	139
48.2185	139
48.2278	139
48.2394	140
48.2488	141
48.2581	141
48.2674	142
48.2778	143
48.2883	143
48.2976	144
48.3069	145
48.3174	145
48.3267	146
48.3372	147
48.3465	147
48.3569	148
48.3662	149
48.3755	150
48.386	151
48.3965	151
48.4058	152
48.4163	153
48.4256	153
48.436	154
48.4465	154
48.4558	155
48.4651	155
48.4756	155
48.4849	156
48.4953	156
48.5047	156
48.5151	156
48.5244	157
48.5337	157
48.5454	157
48.557	157
48.5686	158
48.5803	159
48.5896	159
48.5989	159
48.607	160
48.6128	160
48.6198	160
48.6268	160
48.6373	161
48.6454	161
48.6547	160
48.6733	160
48.6803	159
48.6919	158
48.7047	157
48.7152	157
48.7268	156
48.7373	155
48.7466	155
48.7559	154
48.7652	154
48.7745	154
48.7815	153
48.792	153
48.8001	152
48.8094	152
48.8187	152
48.8292	152
48.8397	152
48.849	152
48.8594	153
48.8711	153
48.8827	153
48.8932	154
48.9036	154
48.9129	154
48.9234	155
48.9304	155
48.9385	155
48.9467	155
48.9571	155
48.9664	155
48.9758	155
48.9851	155
