0.0601411	60
0.126053	60
0.130706	61
0.135359	63
0.140055	65
0.144708	67
0.187952	75
0.192605	73
0.197258	72
0.201911	71
0.207727	70
0.214706	70
0.224012	71
0.232154	72
0.240296	73
0.271703	77
0.276356	78
0.281008	79
0.285661	80
0.290314	81
0.297293	82
0.304272	84
0.311252	85
0.320557	87
0.329863	90
0.338005	92
0.347311	95
0.355453	98
0.364759	101
0.374064	105
0.381044	109
0.388023	112
0.418266	119
0.424082	123
0.431061	127
0.436877	130
0.443856	134
0.449672	138
0.456652	142
0.463631	145
0.469447	149
0.4741	152
0.481079	156
0.491548	159
0.505506	163
0.519464	168
0.52877	171
0.541565	175
0.552034	179
0.56134	182
0.570645	184
0.577624	187
0.58344	188
0.617173	193
0.622989	194
0.626479	195
0.632301	196
1.16271	192
1.17435	187
1.18598	181
1.19063	175
1.19528	170
1.21738	166
1.24065	163
1.26042	161
1.28601	160
1.32207	162
1.3337	163
1.34999	164
1.36511	166
1.37442	169
1.39186	172
1.42909	178
1.86529	179
1.89553	182
1.93159	184
1.95602	184
1.97812	184
3.41507	171
3.44417	160
3.4639	149
3.48506	139
3.50523	131
3.5257	123
3.55055	117
3.57846	113
3.60638	110
3.6343	109
3.65872	108
3.67966	108
3.70293	108
3.72503	110
3.74713	112
3.77737	115
3.81576	120
3.85065	124
3.87741	129
3.90183	133
3.92742	138
3.95534	143
3.97977	147
4.00187	152
4.02397	156
4.0484	160
4.07166	164
4.09492	167
4.11703	170
4.16704	172
4.19147	174
4.21357	176
4.23916	178
4.25894	179
4.2822	180
4.30546	181
4.35548	182
4.37293	183
4.39154	184
4.40434	184
4.44737	185
4.47413	185
4.49855	185
4.53927	185
4.5602	185
4.58231	185
4.60324	185
4.62651	186
4.64628	186
4.66722	186
4.68583	186
4.73003	187
4.74981	187
4.77191	187
4.78935	187
4.81262	187
4.83472	187
4.85566	187
4.87543	187
4.93824	187
4.95918	187
4.97779	187
4.99989	186
5.01618	186
5.03595	186
5.05224	185
5.07201	186
5.15227	186
5.17786	187
5.20345	187
5.22439	186
5.24649	186
5.27092	186
5.29535	187
5.33141	186
5.35816	185
5.38026	184
5.39655	182
5.41516	180
5.44191	179
5.4675	178
5.49774	177
5.52333	175
5.5466	174
5.5687	173
5.58964	172
5.61057	171
5.63384	170
5.67339	171
5.70363	172
5.72457	173
5.74551	173
5.76528	174
5.78389	175
5.8025	176
5.85834	177
5.88625	177
5.91068	178
5.93278	178
5.95372	178
5.97698	178
6.00374	178
6.03979	179
6.07004	179
6.09563	180
6.11424	180
6.1375	180
6.15844	179
6.18287	179
6.22009	179
6.24801	179
6.27592	179
6.29919	179
6.32013	179
6.34106	179
6.36084	179
6.38061	179
6.43296	180
6.46436	180
6.49112	180
6.51438	180
6.53881	180
6.56091	180
6.58417	180
6.61674	180
6.64931	181
6.67374	181
6.69584	181
6.72259	181
6.74469	181
6.76796	181
6.7982	181
6.82961	181
6.85403	181
6.87846	181
6.90522	181
6.92848	181
6.94825	181
6.96803	181
6.9878	181
7.01223	181
7.06341	181
7.09016	181
7.11808	180
7.14135	179
7.16228	178
7.18206	177
7.20299	175
7.22975	174
7.25301	173
7.28209	171
7.30652	171
7.32513	169
7.34723	168
7.3705	167
7.39376	166
7.41935	166
7.44494	165
7.46937	165
7.49612	165
7.52171	165
7.5473	166
7.57057	167
7.58801	167
7.60779	168
7.6264	168
7.67525	170
7.70666	171
7.73341	171
7.75319	172
7.77413	171
7.79623	171
7.81949	171
7.84624	171
7.87998	171
7.90557	171
7.92883	171
7.95093	171
7.9742	171
7.99862	171
8.0184	171
8.0498	171
8.07888	171
8.10099	171
8.12658	172
8.14751	172
8.16845	171
8.18706	171
8.20567	171
8.22661	171
8.27895	172
8.30571	172
8.32897	171
8.35107	171
8.37434	170
8.39993	170
8.42319	170
8.44762	170
8.47554	170
8.4988	170
8.52439	170
8.54533	170
8.56743	170
8.59186	170
8.61861	170
8.64769	170
8.67095	170
8.69654	170
8.71748	170
8.73726	170
8.75587	169
8.77797	169
8.79774	169
8.81752	169
8.86172	168
8.88963	168
8.91406	167
8.93733	166
8.95943	166
8.98036	165
9.0013	164
9.02457	164
9.05248	164
9.07458	163
9.09668	163
9.12111	163
9.14438	163
9.16648	163
9.18974	163
9.21766	163
9.23859	163
9.26186	163
9.28629	163
9.30839	163
9.33165	164
9.35026	164
9.36771	164
9.38748	165
9.42936	165
9.45844	165
9.48287	165
9.50148	164
9.52358	164
9.54335	163
9.56545	162
9.58872	162
9.61431	161
9.64106	161
9.66433	161
9.68759	161
9.70969	161
9.73295	161
9.75389	161
9.77832	162
9.80507	162
9.8295	162
9.85276	162
9.87487	163
9.89697	163
9.91441	163
9.93186	163
9.95164	163
9.99816	164
10.0249	164
10.047	164
10.068	163
10.0901	163
10.1122	162
10.1343	162
10.1552	162
10.1831	161
10.2064	161
10.2273	161
10.2494	160
10.2727	160
10.2913	160
10.3064	159
10.3274	157
10.4251	152
10.446	148
10.5228	141
10.5414	135
10.617	130
10.6414	126
10.6647	123
10.6879	120
10.7124	118
10.738	116
10.7612	116
10.7857	115
10.8112	115
10.8357	116
10.8601	117
10.8857	118
10.9101	119
10.9345	121
10.9601	123
10.9869	125
11.0113	128
11.0357	130
11.059	133
11.0846	135
11.1113	138
11.1381	142
11.1614	145
11.1835	148
11.2044	150
11.23	152
11.2556	155
11.2823	158
11.3091	161
11.33	164
11.3498	166
11.3684	168
11.3882	171
11.4068	173
11.4277	175
11.4475	178
11.4801	181
11.5103	184
11.5429	187
11.5696	189
11.5952	192
11.6115	193
11.6301	194
11.6441	194
11.6604	193
11.6825	192
11.7057	192
11.7244	191
11.7476	191
11.7674	190
11.7872	190
11.8081	189
11.8302	189
11.8523	188
11.8744	188
11.8942	187
11.9163	187
11.9395	187
11.9605	187
11.9803	187
12.0035	187
12.0268	187
12.0477	187
12.0675	187
12.0873	187
12.107	187
12.1268	187
12.1466	187
12.164	187
12.1803	187
12.1966	186
12.2129	186
12.2292	186
12.2478	186
12.2711	186
12.299	186
12.3281	187
12.3548	187
12.3723	186
12.3909	186
12.4095	185
12.4293	185
12.449	185
12.4688	185
12.4874	184
12.5095	185
12.527	184
12.5444	184
12.5584	183
12.5758	182
12.5956	181
12.6154	180
12.634	180
12.6549	179
12.6735	179
12.6956	179
12.7166	179
12.734	179
12.7538	179
12.7712	179
12.791	178
12.805	178
12.8224	177
12.8352	175
12.8492	173
12.8643	171
12.8771	169
12.8934	166
12.9085	164
12.919	160
12.9294	157
12.9434	154
12.9585	152
12.9725	149
12.9864	147
12.9992	145
13.0167	143
13.0376	141
13.0597	139
13.0806	138
13.0969	135
13.1121	133
13.1248	131
13.1388	129
13.1528	126
13.1702	125
13.1877	123
13.2074	123
13.226	123
13.2481	123
13.2668	124
13.2865	125
13.304	127
13.3191	128
13.3354	129
13.354	130
13.3703	131
13.3889	132
13.4087	134
13.4261	135
13.4459	137
13.4645	139
13.4854	142
13.5052	144
13.5227	147
13.5413	149
13.5576	152
13.575	154
13.5936	156
13.6099	158
13.6273	160
13.646	162
13.6646	164
13.682	166
13.7006	168
13.7181	171
13.7274	172
13.7379	172
13.7495	171
13.7588	170
13.7669	169
13.7762	167
13.7855	165
13.7937	163
13.803	160
13.8123	158
13.8193	155
13.8286	152
13.846	149
13.86	146
13.8728	142
13.8879	138
13.9007	134
13.9123	129
13.924	125
13.9368	121
13.9472	118
13.9577	114
13.9658	110
13.974	106
13.9833	102
13.9938	98
14.0089	95
14.017	92
14.0299	89
14.0454	86
14.0579	84
14.0765	83
14.0939	82
14.1044	81
14.1149	80
14.1253	79
14.1405	78
14.1567	78
14.1707	78
14.1858	79
14.1986	79
14.2103	79
14.2277	80
14.244	82
14.2603	83
14.2777	85
14.294	87
14.3103	90
14.3266	92
14.344	95
14.3603	98
14.3766	102
14.394	105
14.4092	108
14.4266	112
14.4406	115
14.4534	118
14.4673	122
14.4801	125
14.4929	129
14.5069	132
14.522	135
14.5348	139
14.5546	143
14.5767	148
14.5964	152
14.6162	156
14.636	160
14.6499	164
14.6627	167
14.6779	170
14.6907	172
14.7069	175
14.7197	178
14.7349	180
14.7523	183
14.7674	186
14.7791	188
14.7919	191
14.8023	192
14.8163	194
14.8267	195
14.8407	196
14.8535	197
14.8663	198
14.8791	199
15.1943	200
15.2106	200
15.2269	201
15.2432	201
15.2571	201
15.2699	201
15.2839	202
15.2978	202
15.3095	203
15.3211	203
15.3327	203
15.3455	203
15.3653	204
16.5911	195
16.6039	187
16.6156	180
16.6284	175
16.6423	171
16.6563	167
16.6702	165
16.6842	163
16.697	162
16.7121	162
16.7249	162
16.7365	162
16.7493	163
16.7621	163
16.7738	164
16.7866	165
16.7994	167
16.8133	168
16.8261	170
16.8401	172
16.8529	174
16.8622	176
16.875	177
16.8854	179
16.8971	181
16.9075	182
16.9192	184
16.9308	185
16.9413	186
16.9506	188
16.9599	189
16.968	190
16.9785	191
16.9866	192
16.9959	193
17.0076	194
17.3903	195
17.4019	196
17.4112	196
17.4205	196
17.431	196
17.4414	196
17.4531	196
17.4659	197
17.4763	197
17.4891	198
17.5031	198
17.5136	198
17.5217	198
17.5322	198
17.5415	198
17.5834	203
17.5927	202
17.6101	202
17.6229	201
17.6369	201
17.6508	200
17.6648	200
17.6741	200
17.6811	199
17.6892	197
17.6962	196
17.7008	194
17.7078	192
17.716	190
17.7264	188
17.759	187
17.7706	185
17.7892	184
17.8032	184
17.816	183
17.8288	183
17.8416	182
17.8497	181
17.8579	180
17.866	179
17.8788	178
17.8916	178
17.9032	178
17.916	178
17.9277	178
17.9393	179
17.9486	179
17.9591	180
17.9695	180
17.9823	179
17.994	179
18.0068	179
18.0196	179
18.0312	179
18.0417	179
18.0521	179
18.0649	179
18.0742	180
18.0859	180
18.0986	180
18.1138	181
18.1242	181
18.1347	182
18.144	182
18.1603	181
18.1673	181
18.1743	180
18.1824	179
18.194	179
18.2045	178
18.2138	177
18.2359	176
18.2487	175
18.2627	174
18.2766	174
18.2894	173
18.2999	172
18.3104	171
18.3243	171
18.3348	171
18.3452	171
18.3546	170
18.3685	170
18.3801	170
18.3918	171
18.4011	171
18.4115	171
18.422	171
18.436	171
18.4499	172
18.4627	172
18.4744	172
18.4848	172
18.5	172
18.5093	173
18.5197	173
18.5267	172
18.5383	172
18.55	172
18.5593	171
18.5709	171
18.5814	170
18.5942	170
18.6058	170
18.6221	171
18.6337	171
18.6465	171
18.6581	171
18.6733	171
18.6849	172
18.6942	172
18.7047	172
18.7151	172
18.7256	172
18.7349	172
18.7419	172
18.75	171
18.7605	171
18.7687	171
18.7745	171
18.7884	170
18.8129	170
18.828	169
18.8408	169
18.8571	169
18.8664	168
18.878	167
18.8885	167
18.8978	166
18.9082	165
18.9187	165
18.9303	164
18.9408	164
18.9501	164
18.9606	163
18.9722	163
18.9815	163
18.9943	163
19.0048	162
19.0222	163
19.0315	163
19.0432	163
19.0513	163
19.0618	163
19.0699	162
19.0781	162
19.0897	161
19.1002	161
19.1106	160
19.1223	160
19.1316	160
19.1444	160
19.1548	160
19.1653	160
19.1828	160
19.1932	160
19.206	160
19.2176	161
19.2304	161
19.2409	161
19.2525	162
19.2618	162
19.2712	162
19.2793	162
19.2909	162
19.3014	162
19.3119	161
19.3223	161
19.3305	161
19.3398	161
19.3503	162
19.3596	162
19.3712	162
19.3805	162
19.4026	162
19.4154	162
19.4305	162
19.4445	162
19.4596	161
19.4701	161
19.4805	161
19.4887	160
19.4991	160
19.5084	159
19.5189	158
19.5305	158
19.5375	157
19.5492	157
19.5596	156
19.5713	156
19.5829	156
19.5945	156
19.6038	156
19.6155	156
19.6248	156
19.6341	156
19.6445	155
19.655	155
19.6655	155
19.6748	155
19.6864	154
19.6969	154
19.7085	155
19.719	155
19.7295	155
19.7422	155
19.7527	155
19.7655	156
19.7771	157
19.7899	158
19.7992	158
19.8109	159
19.819	159
19.8283	160
19.8376	160
19.8481	160
19.8574	160
19.8679	160
19.8783	160
19.8888	159
19.9004	159
19.9098	159
19.9191	159
19.9284	160
19.9388	160
19.9516	160
19.9621	160
19.983	161
19.9947	161
20.0075	161
20.0226	161
20.0354	161
20.0458	160
20.0563	160
20.0668	159
20.0761	159
20.0842	158
20.0959	158
20.1052	157
20.1156	157
20.1284	157
20.1401	157
20.1505	157
20.1598	157
20.1703	157
20.1773	157
20.1889	156
20.1994	156
20.2099	155
20.2203	155
20.232	155
20.2424	155
20.2529	155
20.2634	155
20.275	155
20.2866	156
20.2971	156
20.3099	156
20.3204	156
20.332	157
20.3425	157
20.3541	158
20.3646	159
20.3727	159
20.382	159
20.3913	159
20.4006	159
20.4111	159
20.4216	159
20.4332	159
20.4437	158
20.4565	158
20.4681	158
20.4786	158
20.4902	158
20.4983	158
20.5076	158
20.5169	158
20.5251	159
20.5344	159
20.5449	159
20.5542	160
20.5739	160
20.5891	161
20.6019	161
20.6123	161
20.6263	161
20.6368	160
20.6472	160
20.6565	159
20.667	159
20.6786	159
20.6891	158
20.6996	158
20.7089	158
20.7182	158
20.7286	158
20.7368	157
20.7461	157
20.7554	156
20.767	156
20.7798	156
20.7903	155
20.8008	155
20.8124	155
20.824	155
20.8345	155
20.845	155
20.8566	155
20.8694	156
20.8799	156
20.8915	157
20.9008	157
20.9113	158
20.9217	158
20.931	158
20.9392	158
20.9497	158
20.9555	157
20.9659	157
20.9776	156
20.988	156
20.9973	155
21.0101	155
21.0218	155
21.0334	155
21.045	154
21.0567	154
21.066	154
21.0764	154
21.0857	154
21.0974	154
21.1055	155
21.1125	155
21.1218	155
21.1311	155
21.1393	156
21.1497	156
21.1567	156
21.1776	156
21.1916	156
21.2032	156
21.2172	156
21.23	155
21.2428	155
21.2532	155
21.2602	154
21.2684	153
21.2765	152
21.2858	151
21.2951	150
21.3056	149
21.3149	149
21.3254	148
21.3358	147
21.3475	147
21.3579	147
21.3684	147
21.3789	147
21.3905	147
21.401	147
21.4126	148
21.4242	148
21.4347	149
21.4463	149
21.4568	150
21.4673	150
21.4766	151
21.4859	151
21.4964	151
21.5068	152
21.5161	152
21.5266	152
21.5359	152
21.5475	152
21.5568	153
21.5673	153
21.5778	153
21.5894	153
21.5987	154
21.608	154
21.6185	154
21.629	154
21.6406	155
21.6522	155
21.6627	156
21.6743	157
21.6836	157
21.6929	157
21.7022	158
21.7104	158
21.7162	159
21.7243	159
21.7325	159
21.7418	159
21.7511	159
21.7685	159
21.7802	159
21.7965	160
21.8081	160
21.8209	159
21.8314	159
21.8418	159
21.8488	158
21.8593	158
21.8697	157
21.8779	157
21.8884	156
21.8977	156
21.9081	155
21.9174	155
21.9267	155
21.9372	155
21.9465	154
21.957	154
21.9686	155
21.9791	155
21.9907	155
21.9989	155
22.0117	156
22.0198	156
22.0303	157
22.0384	157
22.0477	157
22.057	157
22.0663	157
22.0768	157
22.0849	157
22.0942	157
22.1024	156
22.114	156
22.1245	156
22.1338	156
22.1466	156
22.1571	156
22.1675	156
22.178	156
22.1896	156
22.1989	156
22.2094	157
22.2199	157
22.2303	157
22.2396	158
22.2513	158
22.2606	159
22.2699	159
22.2769	159
22.2838	159
22.292	159
22.3001	159
22.3083	159
22.3176	159
22.328	159
22.3373	159
22.3606	160
22.3734	160
22.385	160
22.3955	160
22.4071	159
22.4153	158
22.4258	158
22.4351	157
22.4455	157
22.4548	156
22.463	155
22.4723	155
22.4827	154
22.4909	154
22.5025	154
22.513	154
22.5235	154
22.5339	154
22.5432	154
22.5549	155
22.5642	155
22.5735	155
22.5839	156
22.5921	156
22.6002	156
22.6084	156
22.6177	156
22.6258	155
22.6351	155
22.6444	155
22.6537	154
22.663	154
22.6724	154
22.6817	154
22.691	153
22.7014	153
22.7107	153
22.7212	153
22.7305	153
22.741	154
22.7514	154
22.7619	154
22.7712	154
22.7817	155
22.791	155
22.798	155
22.8061	155
22.8154	155
22.8247	154
22.834	154
22.8433	154
22.8526	154
22.8585	153
22.8678	153
22.8747	153
22.8841	153
22.891	153
22.9015	153
22.9096	154
22.9189	154
22.9387	154
22.9504	155
22.9597	154
22.9701	154
22.9829	153
22.9922	153
23.0015	152
23.0108	152
23.0178	151
23.0295	150
23.0376	150
23.0469	149
23.055	149
23.0643	149
23.0737	148
23.083	148
23.0946	148
23.1051	149
23.1132	149
23.1237	150
23.133	150
23.1434	150
23.1516	151
23.1597	151
23.169	152
23.1783	152
23.1865	152
23.1946	152
23.2028	152
23.2121	152
23.2214	152
23.2295	152
23.2388	152
23.2481	153
23.2563	153
23.2656	153
23.2749	153
23.2842	153
23.2935	153
23.304	154
23.3144	154
23.3237	155
23.333	155
23.3412	156
23.3505	156
23.3575	156
23.3645	156
23.3738	156
23.3807	156
23.39	156
23.3982	155
23.4063	155
23.4156	155
23.4238	155
23.4331	155
23.4412	155
23.4482	155
23.4563	155
23.4645	155
23.4738	155
23.4819	156
23.4924	156
23.5005	156
23.518	157
23.5273	157
23.5378	157
23.5471	156
23.5587	156
23.568	156
23.5773	155
23.5855	154
23.5948	153
23.6029	153
23.6122	152
23.6192	151
23.6273	151
23.6366	150
23.6459	150
23.6553	150
23.6646	150
23.6739	150
23.682	150
23.6913	150
23.7006	150
23.7076	150
23.7169	151
23.7262	151
23.7344	151
23.7425	151
23.7506	151
23.7588	151
23.7681	151
23.7762	151
23.7832	151
23.7925	151
23.8018	151
23.81	151
23.8181	151
23.8262	151
23.8367	151
23.846	152
23.8565	152
23.8658	152
23.8751	153
23.8844	154
23.8925	154
23.9007	154
23.9065	154
23.9146	154
23.9228	154
23.9309	154
23.9391	154
23.9484	154
23.9565	154
23.9658	154
23.974	154
23.9833	154
23.9914	154
23.9996	154
24.0065	154
24.0147	154
24.024	154
24.0321	155
24.0414	155
24.0507	155
24.0566	155
24.0647	155
24.0798	156
24.088	155
24.0973	155
24.1077	154
24.117	154
24.1275	153
24.1357	152
24.1438	151
24.1531	151
24.1612	150
24.1694	149
24.2369	156
24.2485	147
24.3027	136
24.3145	128
24.3689	120
24.3809	113
24.4348	107
24.4441	102
24.4534	98
24.4627	94
24.4709	91
24.4802	88
24.4895	86
24.4988	84
24.5081	82
24.5174	81
24.5278	80
24.5372	80
24.5465	79
24.5558	79
24.5662	79
24.5755	79
24.5825	79
24.5907	79
24.6	79
24.6081	79
24.6163	79
24.6256	79
24.6337	79
24.643	80
24.6511	80
24.6605	80
24.6698	80
24.6802	81
24.6895	82
24.7	82
24.7093	83
24.7186	84
24.7291	85
24.7384	86
24.7465	87
24.7558	87
24.7651	88
24.7733	89
24.7814	90
24.7907	90
24.7989	91
24.807	91
24.8163	92
24.8245	92
24.8338	93
24.8431	93
24.8524	94
24.8629	94
24.8722	95
24.8803	96
24.8896	97
24.9001	98
24.9094	99
24.9175	100
24.9257	101
24.9338	102
24.9431	103
24.9501	104
24.9571	105
24.9664	107
24.9734	108
24.9803	109
24.9885	110
24.9989	111
25.0094	112
25.021	113
25.0315	113
25.0443	114
25.0536	115
25.0652	115
25.0746	116
25.0839	116
25.092	117
25.1025	117
25.1129	118
25.1222	119
25.1315	120
25.142	121
25.1513	122
25.1618	123
25.1723	124
25.1816	125
25.1897	126
25.1979	127
25.2072	128
25.2165	129
25.2246	130
25.2339	131
25.2421	131
25.2502	132
25.2583	132
25.2676	133
25.2769	133
25.2874	134
25.2967	135
25.3072	136
25.3165	137
25.3258	138
25.3363	139
25.3467	140
25.356	141
25.3654	142
25.3747	143
25.3828	144
25.3921	145
25.4014	146
25.4096	147
25.4189	148
25.4258	148
25.4351	149
25.4445	149
25.4526	150
25.4619	150
25.4712	151
25.4817	151
25.4921	152
25.5038	153
25.5142	153
25.5235	154
25.5305	154
25.5398	155
25.5468	156
25.5561	157
25.5643	157
25.5712	158
25.5805	158
25.5875	159
25.6073	159
25.6166	159
25.6282	160
25.6375	159
25.6468	159
25.6562	159
25.6655	158
25.6748	158
25.6841	158
25.6945	158
25.7038	158
25.7131	158
25.7225	159
25.7294	159
25.7387	159
25.7469	159
25.7562	160
25.7678	160
25.7736	159
25.7829	158
25.7911	158
25.8004	157
25.8097	157
25.819	156
25.8283	156
25.8388	156
25.8504	156
25.8597	156
25.8702	156
25.8807	156
25.8876	156
25.8969	156
25.9039	156
25.9144	156
25.926	156
25.933	156
25.94	156
25.9481	156
25.9563	156
25.9644	156
25.9725	155
25.9818	155
25.9912	155
26.0028	154
26.0121	154
26.0226	154
26.0319	153
26.0388	153
26.0482	152
26.0575	152
26.0679	152
26.0784	152
26.0877	153
26.0958	153
26.1028	153
26.111	154
26.1191	154
26.1249	155
26.1319	155
26.1412	156
26.1493	156
26.1691	156
26.1784	156
26.1889	156
26.1994	155
26.211	155
26.2226	155
26.2319	154
26.2401	154
26.2505	154
26.2587	154
26.2657	154
26.2703	153
26.275	152
26.2796	151
26.2831	149
26.2878	147
26.2913	144
26.2959	142
26.3006	139
26.3041	136
26.3087	133
26.3145	129
26.3192	125
26.3238	121
26.3285	117
26.3366	113
26.3448	109
26.3517	106
26.3564	103
26.3611	100
26.3657	96
26.3704	93
26.3751	89
26.3839	86
26.3927	84
26.3999	81
26.4095	80
26.4176	78
26.4251	76
26.4335	75
26.4419	74
26.4503	73
26.4591	72
26.468	71
26.4761	70
26.4843	70
26.4922	69
26.5007	69
26.5091	68
26.5176	68
26.5262	67
26.535	67
26.5443	67
26.5537	67
26.5641	68
26.5723	68
26.5816	68
26.5897	69
26.599	70
26.6048	70
26.613	71
26.6223	72
26.6293	73
26.6362	74
26.6432	75
26.6525	76
26.663	77
26.6746	78
26.6828	78
26.6956	79
26.706	79
26.7188	80
26.7281	80
26.7374	81
26.7456	81
26.7549	81
26.7642	82
26.7735	83
26.7793	83
26.7886	83
26.7979	84
26.8072	85
26.8154	85
26.8247	86
26.834	87
26.8433	87
26.8503	88
26.8596	89
26.8689	90
26.8782	90
26.8863	91
26.8956	92
26.9049	93
26.9154	94
26.9236	95
26.9329	96
26.9422	97
26.9515	98
26.9619	99
26.9712	100
26.9805	102
26.9887	103
26.9968	104
27.005	105
27.0131	105
27.0236	106
27.0317	107
27.041	108
27.0492	109
27.0596	110
27.0666	111
27.0771	112
27.0864	113
27.0945	114
27.1027	115
27.112	116
27.1201	117
27.1283	118
27.1353	118
27.1446	119
27.1539	120
27.1632	121
27.1725	121
27.1818	122
27.1911	123
27.2016	124
27.2109	126
27.2178	126
27.2248	127
27.233	128
27.2388	129
27.2481	130
27.2551	131
27.262	132
27.269	133
27.2748	134
27.283	135
27.2934	136
27.3039	137
27.3155	137
27.326	138
27.3388	139
27.3481	140
27.3598	140
27.3679	141
27.3772	142
27.3865	143
27.3946	143
27.404	144
27.4133	145
27.4226	146
27.4319	147
27.44	148
27.4493	149
27.4586	150
27.4668	151
27.4749	151
27.4842	152
27.4935	153
27.5017	154
27.511	155
27.5191	156
27.5284	156
27.5389	157
27.5482	159
27.5563	160
27.5633	160
27.5726	161
27.5808	162
27.5889	162
27.5959	163
27.6029	163
27.6122	163
27.6203	164
27.6285	164
27.6389	165
27.6471	165
27.654	166
27.6633	166
27.6715	167
27.6796	167
27.6889	167
27.6982	168
27.7041	168
27.7122	169
27.7203	169
27.7296	169
27.7378	169
27.7459	170
27.7552	170
27.7645	171
27.7704	171
27.7797	171
27.789	172
27.7983	172
27.8064	173
27.8122	173
27.8192	174
27.825	174
27.832	174
27.839	175
27.8448	175
27.8809	174
27.8902	173
27.9006	172
27.9111	172
27.9204	171
27.9297	170
27.9367	169
27.9448	168
27.953	167
27.9611	167
27.9681	166
27.9762	166
27.9856	166
27.9925	165
28.0007	165
28.0088	165
28.0181	165
28.0263	165
28.046	165
28.0553	165
28.0647	165
28.0763	165
28.0856	165
28.0949	165
28.1054	165
28.1135	165
28.1228	166
28.1321	166
28.1403	167
28.1484	167
28.1554	168
28.1624	168
28.1682	167
28.1752	167
28.1821	167
28.1914	166
28.2112	166
28.2205	166
28.2287	166
28.2403	165
28.2484	165
28.2601	165
28.267	165
28.2752	164
28.2845	164
28.2938	163
28.3031	163
28.3112	163
28.3206	163
28.3275	163
28.3333	163
28.3415	163
28.3496	162
28.3555	162
28.3613	162
28.3706	162
28.3799	161
28.3892	161
28.4008	161
28.4206	161
28.4311	161
28.4415	161
28.452	160
28.4625	160
28.4729	160
28.4834	160
28.4915	160
28.4997	160
28.5078	160
28.5171	160
28.5241	160
28.5334	160
28.5416	160
28.5497	161
28.5578	161
28.566	161
28.5753	161
28.5858	162
28.5951	162
28.6079	162
28.6183	163
28.6288	163
28.6393	164
28.6509	164
28.6602	164
28.6684	165
28.6777	166
28.687	166
28.6939	166
28.7021	166
28.7091	167
28.716	167
28.7242	167
28.7323	167
28.7416	166
28.7509	166
28.7614	166
28.7742	166
28.7847	166
28.7963	166
28.8056	166
28.8161	166
28.8231	166
28.8312	165
28.8405	165
28.8486	164
28.8568	164
28.8661	164
28.8742	164
28.8824	164
28.8894	164
28.8963	163
28.9056	163
28.9138	163
28.9184	163
28.9243	163
28.9336	162
28.944	162
28.9545	161
28.9638	161
28.9801	160
28.9917	160
29.0022	160
29.0127	159
29.0208	159
29.0336	158
29.0417	158
29.0499	158
29.058	157
29.0662	157
29.0755	157
29.0836	157
29.0918	157
29.0999	157
29.108	157
29.1162	157
29.1232	157
29.1325	157
29.1418	157
29.1511	157
29.1627	158
29.172	158
29.1813	158
29.1953	159
29.2057	159
29.2139	160
29.2232	160
29.2313	161
29.2406	161
29.2476	162
29.2534	162
29.2593	161
29.2674	161
29.2755	161
29.2825	160
29.2907	160
29.3	160
29.3081	159
29.3221	159
29.3325	159
29.3418	159
29.3546	159
29.3651	159
29.3709	159
29.3791	158
29.3872	158
29.3965	158
29.407	158
29.414	158
29.4209	157
29.4291	157
29.4361	157
29.4454	157
29.4535	157
29.4582	157
29.464	156
29.471	156
29.4791	156
29.4872	156
29.4965	156
29.5093	155
29.5245	155
29.5361	155
29.5454	155
29.557	155
29.5675	155
29.5768	154
29.5873	154
29.5954	154
29.6047	154
29.6129	153
29.6187	153
29.6268	153
29.6361	153
29.6431	153
29.6524	153
29.6606	152
29.6699	152
29.678	152
29.6908	153
29.7001	153
29.7117	153
29.721	153
29.7315	153
29.7431	153
29.7525	154
29.7618	154
29.7699	154
29.7792	155
29.7873	155
29.7955	155
29.8025	155
29.8106	155
29.8176	155
29.8257	154
29.8339	154
29.842	154
29.8502	153
29.8618	153
29.8723	153
29.8839	152
29.8955	152
29.9048	152
29.9141	152
29.9223	152
29.9304	152
29.9386	152
29.9467	151
29.9572	152
29.9642	151
29.9735	151
29.9804	151
29.9897	151
29.9967	151
30.0049	151
30.0107	150
30.0177	150
30.0246	150
30.0339	150
30.0444	150
30.0537	150
30.0619	149
30.0781	149
30.0898	149
30.1026	149
30.1119	149
30.1235	148
30.134	148
30.1421	148
30.1503	147
30.1596	147
30.1689	147
30.177	147
30.1863	147
30.1945	147
30.2038	147
30.2119	147
30.2212	147
30.2305	147
30.2398	147
30.2491	148
30.2573	148
30.2666	148
30.2759	149
30.2864	149
30.2945	150
30.305	150
30.3143	151
30.3236	151
30.3317	151
30.3422	152
30.3503	152
30.3585	153
30.3655	153
30.3748	153
30.3829	152
30.3922	152
30.4004	152
30.4085	152
30.4178	152
30.4259	152
30.4376	151
30.4469	151
30.4562	151
30.4655	151
30.4748	151
30.4841	151
30.4934	151
30.5027	151
30.5109	151
30.519	151
30.5271	151
30.5365	151
30.5446	151
30.5527	151
30.5574	151
30.5644	150
30.5725	150
30.5795	150
30.5865	150
30.5946	149
30.6039	149
30.6132	149
30.6318	149
30.6423	148
30.6551	148
30.6656	148
30.676	148
30.6877	148
30.6946	147
30.704	147
30.7133	147
30.7214	147
30.7307	146
30.7388	146
30.7482	146
30.7563	146
30.7644	146
30.7737	146
30.783	146
30.7924	147
30.7993	147
30.8086	147
30.8179	147
30.8261	147
30.8366	147
30.847	148
30.8563	148
30.8656	149
30.8749	149
30.8842	150
30.8924	150
30.9017	150
30.9087	150
30.9157	150
30.925	150
30.9331	150
30.9424	150
30.9505	150
30.9587	150
30.9668	150
30.9761	150
30.9878	150
30.9982	150
31.0075	150
31.0169	150
31.0262	150
31.0355	150
31.0436	150
31.0529	150
31.0611	150
31.0715	151
31.0785	151
31.0866	151
31.0948	150
31.1029	150
31.1076	150
31.1134	149
31.1192	149
31.1274	148
31.1343	148
31.1436	148
31.1529	147
31.1623	147
31.1797	147
31.1913	146
31.2018	146
31.2123	145
31.2239	145
31.2344	145
31.2425	144
31.253	144
31.2611	144
31.2693	143
31.2786	143
31.2879	143
31.296	143
31.3053	143
31.3135	143
31.3228	143
31.3309	143
31.3402	143
31.3495	144
31.3588	144
31.367	144
31.3763	144
31.3856	145
31.3949	145
31.4054	146
31.4147	147
31.424	147
31.4321	148
31.4414	148
31.4507	149
31.4577	149
31.4647	150
31.4728	150
31.481	150
31.4903	150
31.4973	150
31.5054	149
31.5135	149
31.5228	149
31.5298	149
31.5391	149
31.5496	149
31.5589	149
31.567	150
31.5764	150
31.5857	150
31.5961	151
31.6054	151
31.6147	152
31.6229	152
31.6299	152
31.6392	152
31.6461	152
31.652	152
31.6589	151
31.6659	151
31.6717	150
31.6787	150
31.6845	149
31.6938	149
31.7008	149
31.7066	149
31.7148	149
31.7252	149
31.745	149
31.7555	148
31.766	148
31.7776	148
31.7881	148
31.7974	147
31.8067	147
31.8148	147
31.8241	147
31.8323	146
31.8404	146
31.8485	146
31.8555	146
31.8637	145
31.873	145
31.8823	146
31.8904	146
31.8997	146
31.9067	146
31.916	146
31.9253	147
31.9335	147
31.9416	147
31.9497	148
31.959	148
31.9672	149
31.9777	149
31.9858	150
31.9951	150
32.0044	151
32.0114	152
32.0195	152
32.0277	152
32.037	153
32.0428	153
32.0498	153
32.0568	153
32.0661	153
32.0742	153
32.0812	153
32.0893	153
32.0975	153
32.1068	153
32.1149	153
32.1242	153
32.1335	154
32.1417	154
32.1521	154
32.1614	154
32.1696	155
32.1766	155
32.1835	155
32.1917	155
32.1975	154
32.2056	154
32.2126	154
32.2196	153
32.2266	152
32.2324	152
32.2382	151
32.244	151
32.251	151
32.258	150
32.265	150
32.2743	150
32.2824	150
32.301	150
32.3115	149
32.322	149
32.3336	149
32.3429	149
32.3557	149
32.3638	149
32.372	148
32.3801	148
32.3883	148
32.3964	148
32.4022	148
32.4104	147
32.4185	147
32.4267	147
32.4348	147
32.4441	147
32.4522	147
32.4615	148
32.4685	148
32.4767	148
32.4848	148
32.4941	148
32.5023	149
32.5116	149
32.5197	150
32.5278	150
32.536	150
32.5453	151
32.5534	152
32.5627	152
32.5697	153
32.579	153
32.586	154
32.593	154
32.6	154
32.6081	154
32.6163	154
32.6232	154
32.6314	154
32.6395	154
32.6477	154
32.6558	154
32.6663	154
32.6744	154
32.6837	154
32.6919	154
32.7023	154
32.7105	155
32.7198	155
32.7256	155
32.7337	155
32.7396	154
32.7465	154
32.7547	154
32.7617	153
32.7686	153
32.7756	152
32.7814	152
32.7884	151
32.7942	151
32.8012	150
32.807	150
32.8163	150
32.8233	150
32.8326	150
32.8407	150
32.8594	149
32.8698	149
32.8803	149
32.8908	149
32.9012	149
32.9117	149
32.921	149
32.928	148
32.9361	148
32.9443	148
32.9513	148
32.9594	148
32.9664	148
32.9745	147
32.9827	147
32.9908	147
33.0001	147
33.0071	147
33.0164	148
33.0245	148
33.0327	148
33.0408	148
33.049	149
33.0571	149
33.0664	149
33.0734	150
33.0827	150
33.092	151
33.1001	151
33.1083	152
33.1176	153
33.1246	153
33.1327	154
33.1397	154
33.149	154
33.156	154
33.163	154
33.1711	154
33.1792	154
33.1862	154
33.1955	154
33.2025	154
33.2106	154
33.2176	154
33.2281	154
33.2386	154
33.2479	154
33.2572	154
33.2642	154
33.2735	155
33.2816	155
33.2897	155
33.2956	155
33.3002	154
33.3095	154
33.3153	154
33.3223	153
33.3305	153
33.3363	152
33.3421	152
33.3479	151
33.3537	150
33.3607	150
33.3677	150
33.377	150
33.3863	149
33.3956	149
33.4119	149
33.4223	149
33.4317	148
33.4421	148
33.4526	148
33.4631	148
33.4724	148
33.4793	147
33.4887	147
33.4956	147
33.5038	147
33.5108	147
33.5201	147
33.5282	147
33.5352	147
33.5433	147
33.5515	147
33.5608	147
33.5677	147
33.5759	147
33.584	148
33.5933	148
33.6015	148
33.6085	149
33.6166	149
33.6259	149
33.6341	150
33.641	150
33.6503	151
33.6585	151
33.6678	152
33.6759	152
33.6841	153
33.6922	154
33.6992	154
33.7073	154
33.7131	155
33.7213	155
33.7271	155
33.7364	155
33.7434	155
33.7515	155
33.7585	155
33.7667	155
33.7736	155
33.7818	155
33.7911	155
33.8004	155
33.8085	155
33.8178	156
33.8271	156
33.8341	157
33.8399	156
33.8492	156
33.8551	156
33.8609	156
33.869	155
33.876	155
33.8818	154
33.8876	154
33.8934	153
33.8993	153
33.9062	153
33.9132	152
33.919	152
33.9249	152
33.9342	152
33.9435	152
33.9586	152
33.9702	152
33.9784	151
33.9877	151
33.9993	151
34.0086	150
34.0179	150
34.0261	150
34.0342	150
34.0412	149
34.0493	149
34.0575	149
34.0644	149
34.0714	149
34.0796	149
34.0877	149
34.0947	148
34.1028	148
34.1121	149
34.1179	149
34.1261	149
34.1354	149
34.1435	150
34.1505	150
34.1587	150
34.1668	151
34.1738	151
34.1819	151
34.1912	152
34.1994	152
34.2063	153
34.2145	153
34.2226	154
34.2308	154
34.2401	155
34.2471	155
34.2552	156
34.2633	157
34.2715	157
34.2761	157
34.2843	157
34.2924	157
34.2994	157
34.3064	156
34.3145	156
34.3238	156
34.3308	156
34.339	156
34.3494	156
34.3576	157
34.3657	157
34.375	157
34.382	157
34.3901	158
34.3971	158
34.4029	157
34.4111	157
34.4169	156
34.4227	156
34.4297	155
34.4355	155
34.4413	154
34.4483	154
34.4541	154
34.4599	154
34.4669	153
34.4739	153
34.4809	152
34.4971	152
34.5076	151
34.5181	151
34.5251	150
34.532	149
34.539	148
34.546	147
34.553	145
34.5588	144
34.5634	142
34.5704	141
34.5762	139
34.5821	138
34.5879	136
34.5925	134
34.5995	133
34.6042	131
34.6111	129
34.617	128
34.6239	126
34.6321	125
34.6391	124
34.646	123
34.6507	122
34.6565	121
34.6635	120
34.6693	118
34.6751	117
34.6809	116
34.6867	114
34.6926	113
34.6984	112
34.7054	110
34.7112	109
34.717	108
34.7251	106
34.7344	106
34.7403	105
34.7472	104
34.7542	103
34.7612	103
34.7658	102
34.7728	101
34.7786	100
34.7833	98
34.7891	97
34.7949	96
34.7996	94
34.8054	93
34.8135	92
34.8205	91
34.8275	90
34.8368	89
34.8449	89
34.8542	89
34.8636	89
34.8717	89
34.8798	89
34.8891	90
34.8973	91
34.9054	91
34.9136	92
34.9206	93
34.9275	93
34.9333	94
34.9403	95
34.9461	96
34.9543	97
34.9613	98
34.9671	98
34.9741	99
34.9799	100
34.9869	101
34.9973	102
35.0066	103
35.0171	104
35.0264	105
35.0369	106
35.0473	107
35.0566	107
35.066	108
35.0741	109
35.0822	110
35.0904	110
35.0974	111
35.1067	112
35.1148	113
35.1229	114
35.1311	115
35.1392	116
35.1474	117
35.1555	118
35.1637	119
35.173	120
35.1799	121
35.1893	122
35.1962	123
35.2044	124
35.2137	125
35.2207	126
35.23	128
35.2393	129
35.2451	130
35.2544	131
35.2614	132
35.2707	133
35.28	134
35.287	135
35.2951	136
35.3032	138
35.3114	139
35.3207	140
35.3288	141
35.3381	143
35.3463	144
35.3556	145
35.3649	147
35.3742	148
35.3835	150
35.3928	152
35.401	153
35.4103	155
35.4184	157
35.4265	158
35.4347	160
35.4428	161
35.451	163
35.4579	164
35.4649	165
35.4719	165
35.4801	166
35.4882	167
35.4963	168
35.5033	169
35.5115	170
35.5208	171
35.5277	172
35.5336	173
35.5417	174
35.5498	175
35.5568	176
35.565	178
35.5719	179
35.5789	180
35.5847	181
35.5917	183
35.5987	184
35.6045	185
35.6208	186
35.6301	187
35.6394	188
35.6487	189
35.6592	189
35.6685	190
35.679	191
35.6883	191
35.6952	192
35.7034	192
35.7104	193
35.7173	193
35.7255	194
35.7325	194
35.7383	194
35.7464	194
35.7546	195
35.7615	195
35.7697	196
35.7767	196
35.7836	196
35.7918	197
35.7988	197
35.8046	197
35.8127	197
35.822	198
35.8313	198
35.8395	198
35.8488	198
35.8604	199
35.8697	199
35.879	199
35.8895	199
35.8965	199
35.9046	200
35.9128	200
35.9197	200
35.9279	200
35.936	201
35.943	201
36.1582	200
36.1663	200
36.1745	199
36.1803	198
36.1873	197
36.1954	195
36.2036	194
36.2129	193
36.2187	191
36.2245	190
36.2315	189
36.2385	188
36.2454	187
36.2536	186
36.2606	186
36.2675	185
36.2757	185
36.2838	185
36.2896	184
36.2966	184
36.3059	184
36.3117	184
36.321	184
36.3269	184
36.3641	183
36.3711	182
36.3804	181
36.3897	181
36.3967	180
36.4025	180
36.4106	179
36.4164	178
36.4246	178
36.4327	178
36.4409	178
36.449	178
36.456	178
36.463	178
36.4723	178
36.4792	179
36.4874	179
36.4955	179
36.5048	180
36.5141	181
36.5444	180
36.5525	180
36.5607	180
36.5711	180
36.5781	181
36.656	169
36.6595	158
36.721	146
36.7297	136
36.7869	127
36.7947	119
36.8519	112
36.8595	106
36.867	101
36.8746	97
36.8831	93
36.8912	89
36.9005	87
36.9087	84
36.918	83
36.9261	81
36.9354	80
36.9447	79
36.9529	79
36.961	78
36.9703	78
36.9785	78
36.9878	78
36.9959	78
37.0041	79
37.0134	79
37.0215	80
37.0296	80
37.0389	81
37.0471	82
37.0564	82
37.0645	83
37.0727	84
37.082	85
37.0913	86
37.1006	87
37.1087	88
37.118	89
37.1285	90
37.1378	91
37.1483	92
37.1576	93
37.1657	94
37.1762	95
37.1867	96
37.196	98
37.2041	99
37.2134	100
37.2227	101
37.232	102
37.2402	103
37.2472	104
37.2541	105
37.2623	105
37.2704	106
37.2786	107
37.2867	108
37.2949	109
37.303	110
37.3123	112
37.3239	114
37.3367	115
37.3495	117
37.3612	119
37.3716	120
37.3821	121
37.3902	122
37.3984	122
37.4065	123
37.4147	123
37.424	123
37.4321	124
37.4414	124
37.4496	125
37.46	125
37.4705	126
37.4786	127
37.4879	127
37.4973	128
37.5066	129
37.5159	129
37.5252	130
37.5345	131
37.5438	132
37.5531	133
37.5624	134
37.5717	134
37.5798	135
37.5903	136
37.5996	137
37.6089	138
37.6182	139
37.6275	140
37.6368	141
37.645	142
37.6554	143
37.6648	144
37.6741	145
37.6834	146
37.6915	146
37.7008	147
37.7101	148
37.7194	149
37.7287	150
37.7369	151
37.7473	151
37.7566	152
37.7683	153
37.7776	154
37.7881	155
37.7974	155
37.8067	156
37.8183	157
37.8288	158
37.8357	158
37.8427	158
37.8485	159
37.8532	159
37.8613	159
37.8706	159
37.8823	159
37.8927	160
37.902	161
37.923	161
37.9346	162
37.9428	162
37.9521	162
37.9614	162
37.9718	161
37.9811	161
37.9881	160
37.9963	159
38.0044	159
38.0125	158
38.0207	158
38.03	158
38.0381	157
38.0463	157
38.0556	157
38.0649	157
38.073	157
38.0823	157
38.094	157
38.101	157
38.1114	158
38.1219	158
38.1324	158
38.1417	158
38.1486	158
38.1591	159
38.1661	159
38.1766	159
38.1859	160
38.194	160
38.2033	160
38.2115	161
38.2208	161
38.2289	161
38.2382	162
38.2487	162
38.2603	163
38.2673	163
38.2778	163
38.2859	163
38.294	163
38.3022	163
38.3103	162
38.3196	162
38.3278	162
38.3382	162
38.3475	162
38.3569	162
38.3662	162
38.3743	162
38.3836	162
38.3918	162
38.3987	162
38.4057	161
38.4139	161
38.4232	162
38.4313	162
38.4406	162
38.4476	162
38.4569	162
38.465	162
38.479	161
38.4883	161
38.4964	160
38.5046	159
38.5174	158
38.5267	157
38.536	156
38.5441	155
38.5534	155
38.5616	154
38.5697	154
38.579	153
38.5872	153
38.5965	153
38.6058	153
38.6151	153
38.6244	153
38.6325	153
38.6418	153
38.6511	154
38.6605	154
38.6686	154
38.6779	155
38.6872	155
38.6953	155
38.7058	156
38.7116	156
38.7221	157
38.7314	157
38.7407	158
38.75	158
38.7582	159
38.7686	159
38.7779	159
38.7896	160
38.7965	160
38.8059	161
38.8163	161
38.8256	162
38.8338	162
38.8431	162
38.8512	163
38.8605	163
38.871	163
38.8791	163
38.8873	163
38.8954	163
38.914	163
38.9233	164
38.9338	164
38.9431	164
38.9547	164
38.964	164
38.971	164
38.9768	164
38.9838	164
38.9896	164
38.9966	164
39.0082	164
39.0164	164
39.0245	164
39.0397	163
39.049	163
39.0583	162
39.0745	160
39.085	159
39.0955	158
39.1048	157
39.1141	156
39.1222	155
39.1327	154
39.142	154
39.1513	154
39.1606	154
39.1699	154
39.1781	154
39.1862	154
39.1955	154
39.2072	154
39.2153	154
39.2246	154
39.2351	155
39.2432	155
39.2537	156
39.263	156
39.2723	156
39.2816	156
39.2909	156
39.3002	157
39.3107	157
39.32	157
39.3293	157
39.3374	157
39.3467	158
39.3549	158
39.3677	158
39.3758	158
39.3851	158
39.3956	159
39.4049	159
39.4142	159
39.4235	159
39.4328	159
39.4421	159
39.4514	160
39.4607	160
39.4724	160
39.4817	160
39.491	160
39.5003	160
39.5073	161
39.5166	161
39.5247	162
39.5329	162
39.5398	162
39.5491	162
39.5596	163
39.5759	162
39.5852	162
39.5945	161
39.6061	161
39.6154	160
39.6247	159
39.6329	158
39.6422	157
39.6492	156
39.6596	156
39.6678	155
39.6748	154
39.6852	154
39.6934	153
39.7027	153
39.712	153
39.7201	153
39.7271	152
39.7352	152
39.7446	152
39.7562	151
39.7643	151
39.7748	151
39.7841	151
39.7934	151
39.8015	151
39.812	151
39.8213	151
39.8306	151
39.8388	152
39.8481	152
39.8574	152
39.8655	152
39.8748	152
39.8818	152
39.8911	152
39.9004	153
39.9097	153
39.919	153
39.9295	153
39.94	153
39.9481	153
39.9574	154
39.9679	154
39.9772	154
39.9853	154
39.9946	154
40.0039	154
40.0133	154
40.0214	154
40.0319	155
40.0377	154
40.0458	154
40.0551	155
40.0633	155
40.0726	156
40.0819	157
40.0923	157
40.0993	158
40.1156	158
40.1249	157
40.1354	157
40.147	157
40.1552	156
40.1645	155
40.1703	154
40.1773	153
40.1877	152
40.1959	151
40.204	150
40.2122	150
40.2226	149
40.2308	149
40.2377	148
40.2471	148
40.2564	148
40.2657	147
40.275	147
40.2843	147
40.2947	147
40.3041	147
40.3122	147
40.3215	147
40.3308	147
40.3413	148
40.3494	148
40.3587	148
40.368	149
40.3785	149
40.3866	149
40.3959	149
40.4053	150
40.4157	150
40.4239	150
40.4332	151
40.4425	151
40.4518	151
40.4599	152
40.4692	152
40.4832	152
40.4937	152
40.503	152
40.5123	152
40.5216	152
40.532	152
40.5413	152
40.5507	153
40.56	153
40.5693	153
40.5774	153
40.5844	153
40.5925	153
40.6018	154
40.6111	155
40.6204	155
40.6297	156
40.653	156
40.6635	156
40.6716	156
40.6833	156
40.6937	155
40.703	155
40.7123	154
40.7205	154
40.7298	153
40.7391	153
40.7461	152
40.753	152
40.7635	151
40.7717	151
40.7798	150
40.7891	150
40.7996	149
40.81	149
40.8182	149
40.8298	148
40.8403	148
40.8496	148
40.8577	147
40.867	147
40.8775	147
40.8868	147
40.8961	147
40.9054	147
40.9147	147
40.9252	148
40.9345	148
40.945	149
40.9531	149
40.9624	149
40.9729	150
40.9834	150
40.995	151
41.0043	151
41.0136	152
41.0229	152
41.0334	152
41.0427	153
41.052	153
41.0636	154
41.0729	154
41.0834	154
41.0927	155
41.1032	155
41.1136	156
41.1218	156
41.1299	157
41.1369	157
41.145	158
41.159	158
41.1695	159
41.1776	160
41.1881	160
41.209	161
41.2172	161
41.23	161
41.2404	161
41.2497	161
41.2602	161
41.2695	160
41.2777	160
41.2858	159
41.2939	159
41.3032	158
41.3102	158
41.3195	157
41.3277	157
41.337	156
41.3463	156
41.3614	156
41.3695	155
41.3812	155
41.3905	154
41.3998	153
41.4103	153
41.4196	152
41.4289	152
41.4393	152
41.4486	152
41.4579	152
41.4684	152
41.4777	153
41.487	153
41.4963	153
41.5056	154
41.5173	154
41.5266	154
41.5382	154
41.5487	155
41.5591	155
41.5708	156
41.5801	156
41.5882	157
41.5999	157
41.6092	158
41.6185	158
41.6289	158
41.6382	158
41.6475	159
41.6569	159
41.6662	159
41.6778	159
41.6848	159
41.6929	159
41.7011	160
41.7104	160
41.7232	160
41.7348	161
41.7453	161
41.7662	162
41.7778	162
41.786	162
41.7976	162
41.8069	162
41.8162	161
41.8255	161
41.8325	160
41.8418	159
41.8488	159
41.8569	158
41.8639	157
41.8732	157
41.8825	156
41.8907	155
41.9	155
41.9162	154
41.9279	154
41.9383	153
41.9488	153
41.9581	153
41.9674	153
41.9767	152
41.9872	152
41.9965	152
42.0058	152
42.0151	153
42.0233	153
42.0337	153
42.043	153
42.0535	154
42.0628	154
42.0733	154
42.0861	155
42.0977	155
42.107	156
42.1186	156
42.1279	157
42.1373	157
42.1477	157
42.157	158
42.1663	158
42.1756	158
42.1849	158
42.1943	159
42.2036	159
42.214	159
42.2233	159
42.2338	159
42.2419	159
42.2501	160
42.2606	160
42.271	160
42.2838	161
42.2931	162
42.3024	162
42.321	162
42.3338	162
42.3443	162
42.3559	162
42.3664	162
42.3745	161
42.3839	160
42.392	159
42.399	158
42.4083	157
42.4153	156
42.4234	155
42.4327	155
42.442	154
42.4513	153
42.4595	152
42.4711	152
42.4827	152
42.4944	151
42.5048	151
42.5141	151
42.5234	150
42.5339	150
42.5444	150
42.5537	150
42.5641	150
42.5746	150
42.5839	150
42.5944	151
42.6037	151
42.6142	152
42.6246	152
42.6339	152
42.6444	153
42.6549	154
42.6607	154
42.67	154
42.6874	154
42.7002	154
42.7095	154
42.72	154
42.7305	155
42.7398	155
42.7503	155
42.7607	155
42.7712	155
42.7805	155
42.7898	155
42.798	155
42.8049	155
42.8142	155
42.8235	156
42.8317	156
42.8456	156
42.8689	156
42.8805	157
42.8945	157
42.9073	157
42.9178	157
42.9259	156
42.9352	156
42.941	155
42.9503	154
42.9573	153
42.9678	152
42.9759	151
42.9852	150
42.9945	149
43.005	149
43.0143	148
43.0271	148
43.0399	147
43.0515	147
43.062	147
43.0725	146
43.0829	146
43.0922	146
43.1027	146
43.112	146
43.1236	146
43.133	146
43.1434	147
43.1539	147
43.1644	147
43.1737	148
43.1841	148
43.1958	148
43.2051	149
43.2155	150
43.2248	150
43.2365	150
43.2469	151
43.2574	151
43.269	152
43.2784	152
43.2888	152
43.2981	153
43.3098	153
43.3202	153
43.3295	154
43.3412	154
43.3505	154
43.3586	154
43.3679	154
43.3772	155
43.3865	155
43.397	156
43.4075	157
43.4179	157
43.4389	157
43.4517	158
43.4633	158
43.4738	158
43.4831	157
43.4912	156
43.5005	155
43.5098	154
43.5191	153
43.5273	152
43.5354	151
43.5459	151
43.5564	150
43.5657	150
43.575	149
43.5866	149
43.5982	149
43.6099	148
43.6215	148
43.6308	148
43.6413	148
43.6506	148
43.6622	148
43.6715	148
43.682	148
43.6913	149
43.7018	149
43.7122	149
43.7227	150
43.7332	150
43.7425	150
43.7541	151
43.7646	151
43.7774	152
43.7867	152
43.7971	153
43.8064	153
43.8181	153
43.8274	154
43.8379	154
43.8472	154
43.8576	154
43.8681	154
43.8786	155
43.889	155
43.8983	155
43.91	155
43.9216	155
43.9286	155
43.9379	155
43.9472	156
43.9577	156
43.9681	157
43.9821	158
43.9914	158
44.0077	159
44.0193	159
44.0286	158
44.0379	157
44.0484	156
44.0577	155
44.067	154
44.0763	153
44.0845	152
44.0938	151
44.1054	150
44.1159	150
44.1252	149
44.1356	149
44.1449	149
44.1566	149
44.1682	149
44.1775	149
44.188	149
44.1984	149
44.2078	149
44.2182	149
44.2275	149
44.2392	149
44.2485	150
44.2589	150
44.2682	150
44.2799	151
44.2903	151
44.3008	152
44.3124	152
44.3241	152
44.3334	153
44.3438	153
44.3543	153
44.3648	154
44.3741	154
44.3857	154
44.395	154
44.4055	155
44.4148	155
44.4253	155
44.4357	155
44.4462	155
44.4567	155
44.4683	155
44.4811	155
44.4904	155
44.4986	156
44.5079	156
44.5183	157
44.5276	157
44.5393	158
44.5486	159
44.566	159
44.5742	159
44.5846	158
44.5939	156
44.6056	155
44.616	154
44.6253	152
44.6358	151
44.6474	150
44.6567	149
44.6684	149
44.6777	148
44.6882	148
44.6986	147
44.7103	147
44.7207	147
44.7312	147
44.7417	147
44.751	147
44.7626	147
44.7731	148
44.7835	148
44.7952	148
44.8033	148
44.8138	148
44.8242	148
44.8347	148
44.8463	149
44.8557	149
44.8661	149
44.8754	149
44.8882	150
44.8975	150
44.908	150
44.9185	151
44.9278	151
44.9382	151
44.9487	151
44.9592	151
44.9685	152
44.979	152
44.9894	152
44.9999	152
45.0104	152
45.0197	152
45.0313	153
45.0429	153
45.0546	153
45.0639	153
45.072	154
45.0825	155
45.0906	155
45.0988	156
45.1081	156
45.1197	157
45.1325	156
45.1476	155
45.1592	154
45.1709	153
45.1825	151
45.193	150
45.2035	149
45.2139	148
45.2256	147
45.2349	146
45.2442	146
45.2535	145
45.2651	145
45.2744	144
45.286	144
45.2965	144
45.3058	144
45.3163	144
45.3279	144
45.3384	144
45.3477	144
45.3582	144
45.3686	144
45.3791	144
45.3896	144
45.4	145
45.4117	145
45.421	145
45.4314	146
45.4419	146
45.4524	146
45.4628	146
45.4721	147
45.4838	147
45.4943	147
45.5036	148
45.5129	148
45.5245	148
45.535	148
45.5454	148
45.5547	149
45.5664	149
45.5768	149
45.5873	150
45.5966	150
45.6082	150
45.6187	151
45.6303	151
45.6397	152
45.6466	152
45.6559	153
45.6629	153
45.6699	153
45.678	153
45.6862	153
45.7001	152
45.7118	151
45.7246	150
45.7362	149
45.749	148
45.7595	146
45.7711	146
45.7816	145
45.7909	144
45.8025	143
45.8118	143
45.8223	142
45.8316	142
45.8432	142
45.8525	142
45.863	142
45.8735	142
45.8828	142
45.8944	143
45.9037	143
45.913	143
45.9235	143
45.9328	143
45.9432	144
45.9537	144
45.963	145
45.9735	145
45.9828	145
45.9933	146
46.0037	146
46.013	147
46.0235	147
46.0328	147
46.0433	148
46.0537	148
46.0631	149
46.0724	149
46.084	149
46.0945	150
46.1038	150
46.1131	151
46.1235	151
46.134	152
46.1445	152
46.1538	153
46.1643	153
46.1736	154
46.1864	155
46.1957	155
46.2038	156
46.2108	156
46.2189	156
46.2247	156
46.2317	156
46.2387	156
46.2468	155
46.2538	155
46.2713	154
46.2829	153
46.2934	152
46.3062	151
46.3178	150
46.3306	149
46.3399	148
46.3504	147
46.3597	147
46.3701	147
46.3794	146
46.3888	146
46.3981	146
46.4074	146
46.4167	146
46.4271	146
46.4364	146
46.4446	146
46.4539	146
46.4632	146
46.4737	146
46.483	147
46.4923	147
46.5016	147
46.5121	148
46.5214	148
46.5307	149
46.54	149
46.5481	149
46.5574	150
46.5667	150
46.576	150
46.5853	151
46.5946	151
46.6039	151
46.6132	152
46.6226	152
46.6319	152
46.64	153
46.6493	153
46.6586	153
46.6679	153
46.6772	154
46.6865	154
46.6958	154
46.7051	154
46.7156	155
46.7272	155
46.7377	156
46.747	157
46.7575	157
46.7668	158
46.7726	158
46.7796	159
46.7854	159
46.7901	159
46.797	158
46.804	158
46.8122	157
46.8203	157
46.8331	155
46.8412	154
46.8494	152
46.8575	150
46.8657	147
46.875	145
46.8819	142
46.8901	140
46.8971	138
46.904	136
46.9627	127
46.9714	119
47.0282	112
47.037	106
47.0938	101
47.1029	97
47.1594	93
47.1688	89
47.1774	86
47.1867	84
47.1961	82
47.2054	80
47.2147	79
47.224	77
47.2321	76
47.2414	75
47.2507	75
47.26	74
47.2693	74
47.2786	73
47.2879	73
47.2961	73
47.3054	73
47.3147	73
47.324	73
47.3333	73
47.3426	73
47.3531	74
47.3624	74
47.3717	74
47.381	75
47.3891	75
47.3973	76
47.4054	76
47.4147	77
47.424	78
47.4322	79
47.4403	80
47.4485	81
47.4566	82
47.4671	84
47.4787	85
47.4892	86
47.4996	86
47.509	87
47.5183	87
47.5287	87
47.5357	86
47.5439	86
47.5532	86
47.5625	85
47.5718	85
47.5811	85
47.5904	86
47.5997	86
47.6102	86
47.6195	87
47.6288	87
47.6381	88
47.6474	88
47.6567	88
47.666	89
47.6753	90
47.6846	90
47.6939	91
47.7044	91
47.7137	92
47.723	93
47.7323	93
47.7428	94
47.7509	95
47.7602	96
47.7707	96
47.78	97
47.7893	98
47.7986	99
47.8079	99
47.8172	100
47.8288	101
47.8381	102
47.8474	103
47.8568	104
47.8649	105
47.8742	106
47.8835	106
47.894	107
47.9033	108
47.9126	109
47.9231	110
47.9324	111
47.9417	111
47.9521	112
47.9626	113
47.9707	114
47.9801	115
47.987	116
47.9975	118
48.0056	119
48.0138	120
48.0231	122
48.0324	123
48.0405	124
48.0487	126
48.0626	128
48.0743	130
48.0871	131
48.0987	133
48.1092	134
48.1196	135
48.1278	135
48.1359	135
48.1452	136
48.1522	136
48.1615	136
48.1708	136
48.1801	137
48.1906	137
48.1999	138
48.208	138
48.2173	139
48.2266	139
48.236	139
48.2453	140
48.2557	140
48.2662	141
48.2755	142
48.2848	143
48.2941	143
48.3046	144
48.3139	145
48.3232	146
48.3337	147
48.3441	147
48.3534	148
48.3627	149
48.3732	150
48.3837	151
48.393	151
48.4023	152
48.4139	153
48.4232	153
48.4337	154
48.443	154
48.4523	155
48.4628	155
48.4721	155
48.4814	156
48.4919	156
48.5023	156
48.5116	156
48.5209	156
48.5314	157
48.5419	157
48.5512	157
48.5593	157
48.5675	158
48.5756	158
48.5849	158
48.5954	159
48.6059	159
48.6152	160
48.6361	160
48.6466	160
48.657	161
48.6652	160
48.6745	160
48.6838	159
48.6908	158
48.7001	157
48.7071	156
48.7164	155
48.7257	155
48.7338	154
48.7431	154
48.7524	154
48.7617	153
48.7699	153
48.7873	153
48.7978	152
48.8082	152
48.8176	152
48.8269	152
48.8373	152
48.8466	152
48.8559	153
48.8641	153
48.8746	153
48.8839	153
48.8908	154
48.9013	154
48.9106	154
48.9199	155
48.942	155
48.9536	155
48.963	155
48.9723	155
48.9827	155
