0.0600947	60
0.121357	60
0.123684	60
0.127216	61
0.131869	62
0.136522	64
0.182588	71
0.186789	70
0.191442	69
0.196095	69
0.200748	68
0.206564	68
0.213543	68
0.221685	68
0.230991	69
0.264724	74
0.269376	75
0.275192	77
0.279845	78
0.284498	79
0.289151	80
0.29613	81
0.303109	83
0.308925	84
0.317068	86
0.326373	88
0.334516	91
0.341495	93
0.349637	96
0.358943	99
0.365922	102
0.375228	106
0.404308	112
0.410124	116
0.41594	120
0.422919	124
0.429898	127
0.435714	131
0.442693	134
0.448509	138
0.455488	141
0.46712	146
0.478752	150
0.488058	154
0.498527	158
0.512485	163
0.524117	167
0.533423	171
0.536912	174
0.545055	177
0.555524	180
0.562503	183
0.571808	185
0.599725	190
0.605541	191
0.609031	192
0.614847	193
0.621826	194
0.629968	196
0.937053	196
0.946365	198
1.13247	194
1.15457	191
1.16737	187
1.18133	182
1.19179	176
1.19877	171
1.20575	166
1.21389	161
1.22204	158
1.23134	155
1.24297	153
1.25344	151
1.26159	149
1.27205	149
1.28136	148
1.29416	149
1.30346	149
1.31393	151
1.3244	152
1.33719	154
1.34883	157
1.36162	160
1.38256	164
1.40001	168
1.41745	173
1.83388	176
1.85482	177
1.8618	177
1.87459	178
1.89088	179
1.90251	179
1.91879	180
1.96416	182
1.99557	184
2.01883	186
3.15103	171
3.15819	158
3.20718	146
3.21534	136
3.2235	127
3.23166	119
3.23982	113
3.24798	107
3.25614	101
3.2643	97
3.27245	93
3.28255	89
3.2932	87
3.30273	84
3.31282	82
3.32291	80
3.33398	78
3.34423	77
3.35237	75
3.35953	74
3.36848	73
3.3765	72
3.38499	71
3.39388	70
3.40111	70
3.40925	69
3.41856	69
3.42437	69
3.43019	68
3.43505	68
3.44184	67
3.44863	67
3.45666	67
3.46258	66
3.47204	67
3.48273	67
3.49394	67
3.50407	67
3.51385	66
3.52337	66
3.5331	66
3.5424	66
3.55171	67
3.56102	68
3.57032	68
3.58079	70
3.58893	71
3.59824	72
3.60987	74
3.61801	75
3.62732	77
3.63779	79
3.64593	81
3.65523	82
3.6657	84
3.67501	87
3.68431	89
3.69478	91
3.70409	93
3.71339	95
3.72386	98
3.73317	100
3.74364	102
3.75411	105
3.76458	108
3.77388	110
3.78435	113
3.79366	116
3.80412	119
3.81343	121
3.82274	124
3.83204	126
3.84135	129
3.84949	131
3.85879	133
3.8681	136
3.87508	138
3.88439	140
3.89369	142
3.903	144
3.91114	146
3.92044	148
3.92975	150
3.93906	152
3.94952	154
3.95883	156
3.96581	158
3.9786	160
3.98791	162
3.99838	163
4.01001	165
4.02048	167
4.03095	169
4.04142	170
4.05072	172
4.0577	173
4.06352	174
4.06933	176
4.07864	177
4.08795	178
4.09725	179
4.10539	179
4.12284	180
4.13331	180
4.14262	181
4.15076	181
4.16006	181
4.17053	181
4.181	181
4.1938	181
4.20427	182
4.2159	182
4.2252	182
4.23451	182
4.24149	182
4.24498	182
4.25196	182
4.26126	182
4.2694	182
4.27871	181
4.28802	182
4.30314	181
4.31477	181
4.32524	181
4.33338	182
4.34152	181
4.35315	182
4.36595	182
4.37875	182
4.38921	182
4.39968	183
4.40783	182
4.4148	182
4.42062	182
4.42644	181
4.43342	181
4.44156	180
4.4497	180
4.45784	180
4.46715	180
4.48111	179
4.4939	179
4.50553	179
4.51368	179
4.52066	179
4.53229	179
4.54392	179
4.55671	179
4.56718	179
4.57649	178
4.58347	178
4.58928	178
4.59743	178
4.60208	179
4.60906	179
4.61371	179
4.62302	179
4.63116	180
4.64047	180
4.66373	180
4.67652	180
4.68816	181
4.69746	181
4.7056	181
4.71491	181
4.72654	181
4.7405	181
4.75097	181
4.75911	182
4.76725	182
4.77423	182
4.78121	182
4.78703	182
4.79168	182
4.79982	181
4.8068	181
4.81378	181
4.82192	181
4.84403	181
4.85798	181
4.86845	181
4.87892	181
4.88823	181
4.8987	181
4.91033	181
4.92196	181
4.93127	181
4.94057	181
4.94871	181
4.95453	181
4.96035	181
4.965	180
4.97314	180
4.98012	179
4.9871	179
4.99408	179
5.00338	179
5.02199	178
5.03712	179
5.04759	179
5.05805	179
5.06852	179
5.08015	179
5.09179	179
5.10226	179
5.10923	180
5.11621	180
5.12319	180
5.1325	181
5.13715	181
5.14297	181
5.14878	181
5.15576	181
5.16158	181
5.17437	181
5.18368	181
5.20113	181
5.21741	180
5.22788	180
5.23602	180
5.24533	180
5.25929	179
5.27325	180
5.28488	180
5.29186	180
5.30116	181
5.30814	181
5.31512	181
5.32094	181
5.32326	181
5.32792	180
5.33257	179
5.33839	178
5.34653	177
5.35467	176
5.40701	174
5.42214	173
5.43609	171
5.44889	170
5.45703	169
5.46866	169
5.47681	168
5.48379	167
5.49193	166
5.50007	166
5.50705	165
5.51635	164
5.52682	163
5.53613	163
5.54427	162
5.55474	162
5.56288	161
5.57335	161
5.58266	161
5.59545	161
5.60708	160
5.61639	160
5.62802	160
5.63733	160
5.64547	160
5.65361	161
5.66292	161
5.67106	162
5.68153	163
5.69083	164
5.69898	164
5.71875	166
5.73271	167
5.74434	168
5.7583	169
5.76993	170
5.78273	171
5.79087	171
5.80134	172
5.81181	172
5.82228	173
5.83158	174
5.83856	174
5.84903	175
5.85485	175
5.86415	175
5.87113	174
5.8816	174
5.89323	174
5.90603	174
5.91766	174
5.93162	174
5.94209	174
5.95488	173
5.96419	173
5.97233	173
5.98396	173
5.99559	173
6.00723	173
6.01537	173
6.02351	173
6.03282	173
6.04328	173
6.05259	173
6.06306	174
6.07353	174
6.08283	174
6.09447	175
6.10726	175
6.11657	175
6.12703	174
6.13634	174
6.14448	174
6.15495	173
6.16658	173
6.17356	173
6.18054	172
6.18985	172
6.19799	172
6.2073	172
6.2166	172
6.22707	173
6.24568	173
6.25848	173
6.27127	173
6.28407	173
6.2957	173
6.30617	173
6.31547	173
6.32478	173
6.33408	173
6.34339	173
6.35386	173
6.36433	173
6.3748	174
6.38527	174
6.39224	175
6.39922	175
6.40853	175
6.42016	175
6.43179	174
6.44459	174
6.45738	174
6.46902	174
6.47948	174
6.48763	173
6.4981	173
6.5074	173
6.51671	173
6.52718	173
6.53648	173
6.54695	173
6.55626	173
6.56789	173
6.57603	173
6.5865	173
6.5958	173
6.60627	173
6.62139	173
6.63419	174
6.64582	174
6.65513	174
6.66327	174
6.67258	174
6.68188	174
6.69119	174
6.70049	174
6.70863	174
6.71678	174
6.72492	174
6.7319	174
6.74237	174
6.75167	174
6.76214	174
6.78075	174
6.79471	174
6.80867	174
6.8203	174
6.8331	174
6.84357	174
6.85171	174
6.86101	174
6.87032	174
6.88079	174
6.89009	174
6.89824	174
6.90871	174
6.91685	174
6.92615	174
6.93546	174
6.9436	174
6.95523	174
6.96919	174
6.98431	174
6.99595	174
7.0099	174
7.01921	175
7.02851	175
7.03666	175
7.0448	174
7.05527	174
7.06457	174
7.07388	174
7.08202	174
7.08667	173
7.09598	173
7.10296	172
7.11343	171
7.1239	171
7.17159	170
7.18089	168
7.18555	167
7.19602	166
7.20648	165
7.21463	164
7.22393	163
7.23207	162
7.24022	162
7.2472	161
7.25185	160
7.25999	159
7.26813	159
7.27628	158
7.28558	158
7.29372	158
7.33444	158
7.34839	157
7.36235	157
7.37515	157
7.38794	157
7.40074	156
7.41237	156
7.42284	156
7.43098	156
7.44145	156
7.45076	156
7.46006	156
7.47169	156
7.481	156
7.49263	157
7.50426	157
7.51473	158
7.5252	158
7.538	159
7.54614	160
7.55661	160
7.56824	161
7.57987	162
7.5915	163
7.60081	163
7.61011	164
7.62175	164
7.63105	165
7.64036	165
7.64966	166
7.6613	166
7.67176	166
7.6834	166
7.69503	167
7.70782	167
7.71597	167
7.7276	167
7.73807	168
7.74737	168
7.75784	167
7.76598	167
7.77529	167
7.78459	166
7.7939	166
7.80437	165
7.81484	165
7.82647	165
7.83578	165
7.84392	165
7.85322	165
7.8602	165
7.873	165
7.8823	165
7.89277	165
7.91487	165
7.92651	165
7.94046	165
7.95442	166
7.96605	166
7.97652	166
7.98583	166
7.99746	166
8.0056	166
8.01375	165
8.02305	165
8.03236	165
8.04283	165
8.05329	165
8.0626	165
8.07423	165
8.0847	165
8.09401	165
8.1068	165
8.12192	165
8.13355	166
8.14402	166
8.15333	166
8.17078	166
8.17892	165
8.19171	165
8.20218	165
8.21265	166
8.22428	166
8.23592	166
8.24522	167
8.25453	167
8.26383	167
8.27547	167
8.2871	167
8.29873	167
8.3092	166
8.31734	166
8.33246	165
8.34177	165
8.35224	164
8.36271	164
8.37085	163
8.38132	163
8.38946	162
8.3976	162
8.40691	162
8.41738	162
8.42668	162
8.45227	162
8.46623	163
8.47903	163
8.49298	163
8.50694	164
8.51741	164
8.52788	164
8.53719	164
8.54765	164
8.55463	164
8.5651	163
8.57441	163
8.58371	163
8.59535	163
8.60465	163
8.61745	163
8.6314	163
8.6442	163
8.65816	164
8.67328	164
8.68375	164
8.69422	164
8.70236	164
8.71167	164
8.72213	164
8.73144	164
8.73958	164
8.74889	163
8.75936	163
8.77099	163
8.78262	163
8.79658	163
8.81054	164
8.83264	163
8.84194	162
8.85125	162
8.86055	161
8.8687	160
8.87917	159
8.88615	158
8.89778	158
8.90592	157
8.91639	157
8.92337	156
8.93151	156
8.94198	156
8.95245	156
8.98734	156
9.00247	156
9.01642	156
9.03038	156
9.03969	156
9.05016	156
9.06063	156
9.07109	156
9.07807	156
9.08738	155
9.09901	155
9.10832	155
9.11879	155
9.13042	155
9.14554	155
9.1595	155
9.17346	155
9.18741	156
9.19905	156
9.20951	156
9.22115	157
9.22929	157
9.23976	157
9.24906	157
9.25837	157
9.27	157
9.28047	157
9.28978	157
9.30373	157
9.31886	158
9.33514	158
9.3491	158
9.36189	159
9.37236	159
9.38516	160
9.39097	160
9.39912	159
9.40842	159
9.41889	159
9.4282	158
9.43634	158
9.44448	158
9.45262	157
9.46193	157
9.47589	157
9.49101	157
9.51776	157
9.53056	156
9.54103	156
9.55615	156
9.57011	156
9.58058	155
9.59104	155
9.59919	155
9.60849	154
9.6178	154
9.62827	154
9.63874	153
9.6492	153
9.65967	153
9.67247	153
9.68643	154
9.69806	154
9.71318	154
9.7283	155
9.73877	155
9.74924	155
9.76087	156
9.77018	156
9.78065	156
9.78995	157
9.80042	157
9.81089	157
9.82136	157
9.83415	157
9.84579	157
9.85742	157
9.87138	157
9.88882	158
9.89929	158
9.91209	159
9.92256	159
9.93303	159
9.94466	160
9.95396	160
9.96327	160
9.97141	159
9.97955	159
9.9877	159
9.997	159
10.0051	158
10.0156	158
10.0296	158
10.0552	158
10.0703	158
10.0831	157
10.0982	157
10.111	157
10.1215	157
10.1331	157
10.1436	156
10.1494	156
10.1598	155
10.1715	154
10.182	154
10.1936	154
10.2041	154
10.2157	153
10.2262	153
10.2366	153
10.2529	153
10.2657	154
10.3739	149
10.3843	146
10.4762	140
10.4867	135
10.5635	129
10.5739	124
10.5844	119
10.596	115
10.6065	112
10.6193	109
10.6309	107
10.6426	105
10.6554	103
10.667	102
10.6786	101
10.6903	101
10.7031	100
10.7147	100
10.7263	100
10.7391	101
10.7519	101
10.7636	102
10.7763	103
10.788	103
10.7996	104
10.8124	105
10.8252	106
10.8368	107
10.8485	108
10.8589	109
10.8717	110
10.8845	112
10.8962	113
10.909	114
10.9206	115
10.9322	117
10.945	118
10.959	120
10.9718	121
10.9834	123
10.9974	125
11.0101	126
11.0229	128
11.0346	130
11.0462	132
11.0567	133
11.0695	135
11.0823	136
11.0951	138
11.1079	140
11.1218	142
11.1358	144
11.1474	146
11.159	147
11.1707	149
11.18	151
11.1916	152
11.2021	153
11.2125	154
11.2219	155
11.2323	156
11.2416	157
11.2509	158
11.2626	159
11.273	160
11.2835	162
11.2928	163
11.3033	165
11.3161	166
11.3312	168
11.3475	170
11.3626	171
11.38	173
11.3952	175
11.4103	177
11.4242	178
11.437	180
11.451	181
11.4603	183
11.4719	184
11.4836	185
11.4952	186
11.5068	187
11.5185	189
11.5301	190
11.5406	191
11.551	192
11.5627	192
11.5755	193
11.5883	195
11.5999	196
11.6092	196
11.6208	196
11.6325	196
11.6406	195
11.6464	194
11.6557	192
11.6674	191
11.6778	190
11.6895	189
11.7023	188
11.7139	188
11.7232	187
11.7325	186
11.7441	186
11.7581	185
11.7709	185
11.7814	184
11.7907	184
11.8011	183
11.8116	183
11.8232	182
11.8337	182
11.8453	182
11.8558	181
11.8674	181
11.8779	181
11.8895	181
11.8988	181
11.9105	181
11.9198	181
11.9314	181
11.9419	181
11.9523	181
11.964	181
11.9721	180
11.9814	180
11.9896	180
12	180
12.0093	180
12.0186	181
12.0291	181
12.0373	181
12.0442	181
12.0547	182
12.0745	182
12.0896	183
12.1012	183
12.1152	183
12.1303	183
12.1443	183
12.1559	182
12.1675	182
12.1792	182
12.1908	182
12.2001	182
12.2106	182
12.2199	182
12.2303	182
12.242	182
12.2513	182
12.2583	182
12.2676	181
12.2769	181
12.2885	181
12.2966	180
12.3071	180
12.3176	180
12.3292	180
12.3385	180
12.3502	180
12.3606	180
12.3688	180
12.3769	180
12.3874	180
12.3967	179
12.406	179
12.4153	179
12.4258	179
12.4351	179
12.4455	178
12.456	178
12.4653	178
12.4769	178
12.4862	178
12.4967	178
12.5072	179
12.5188	179
12.5281	179
12.5374	179
12.5467	179
12.5502	178
12.5607	177
12.5688	177
12.5781	176
12.5874	175
12.5991	175
12.6084	174
12.6177	174
12.6282	173
12.6375	173
12.6479	173
12.6584	172
12.6677	172
12.6793	172
12.691	172
12.7003	173
12.7107	173
12.7189	173
12.7259	172
12.7352	173
12.7433	173
12.7503	173
12.7584	173
12.7654	173
12.7736	173
12.7817	173
12.7887	173
12.7945	172
12.8085	172
12.8189	171
12.8306	171
12.8387	170
12.848	168
12.8585	167
12.8666	165
12.8748	162
12.8829	160
12.891	158
12.8992	156
12.9073	154
12.9143	152
12.9213	150
12.9271	148
12.9352	146
12.9422	144
12.9527	142
12.9608	141
12.969	140
12.9771	138
12.9853	137
12.9934	136
13.0015	135
13.0097	134
13.0178	132
13.0248	131
13.0318	130
13.0399	129
13.0481	127
13.0574	126
13.0667	126
13.0748	125
13.083	124
13.09	123
13.0993	122
13.1074	122
13.1144	121
13.1214	120
13.1295	119
13.1365	118
13.1446	116
13.1516	115
13.1621	114
13.1714	114
13.1818	113
13.19	113
13.2005	113
13.2121	113
13.2226	114
13.2342	115
13.2447	115
13.2563	117
13.2679	118
13.2796	119
13.29	121
13.2993	122
13.3063	124
13.3156	125
13.3249	125
13.3342	126
13.3424	127
13.3505	128
13.361	128
13.3714	129
13.3819	130
13.3924	131
13.4017	132
13.411	133
13.4203	134
13.4284	136
13.4354	137
13.4447	138
13.4529	139
13.4622	140
13.4703	142
13.4796	143
13.4878	145
13.4971	146
13.504	148
13.5134	149
13.5215	151
13.5343	152
13.5471	154
13.5599	155
13.5715	157
13.5843	158
13.5959	159
13.6087	160
13.6215	162
13.632	163
13.6425	164
13.6529	165
13.6622	166
13.6716	168
13.6832	169
13.6925	170
13.703	171
13.7134	173
13.7192	174
13.7251	174
13.7309	174
13.7367	174
13.7425	173
13.7472	172
13.753	170
13.76	169
13.7658	168
13.7727	166
13.7786	164
13.7832	162
13.7902	160
13.796	158
13.8018	156
13.8088	154
13.8135	151
13.8204	149
13.8263	147
13.8321	144
13.8425	143
13.8472	140
13.8518	138
13.8577	136
13.8635	133
13.8693	130
13.8751	128
13.8809	125
13.8867	123
13.8926	120
13.8984	117
13.9042	115
13.91	112
13.9181	110
13.9251	108
13.9344	106
13.9414	104
13.9484	103
13.9542	101
13.96	99
13.9647	97
13.9693	95
13.9763	92
13.981	90
13.9868	88
13.9926	85
14.0031	83
14.01	82
14.0159	80
14.0225	78
14.0311	76
14.0392	75
14.048	74
14.0555	73
14.0637	72
14.0718	71
14.0811	71
14.0893	72
14.0963	72
14.1021	72
14.1079	72
14.1125	72
14.1184	72
14.1242	71
14.1346	71
14.1474	72
14.1602	72
14.1742	73
14.187	74
14.1963	75
14.2021	75
14.2126	76
14.2219	77
14.2312	78
14.2405	79
14.2498	80
14.2591	82
14.2672	83
14.2766	85
14.287	87
14.2963	89
14.3056	90
14.3138	92
14.3219	94
14.3312	96
14.3405	98
14.3498	100
14.3591	102
14.3696	104
14.3789	106
14.3871	108
14.3964	111
14.4057	113
14.415	115
14.4243	117
14.4347	119
14.4429	121
14.4522	124
14.4627	126
14.4708	128
14.4813	131
14.4906	133
14.4987	136
14.508	138
14.5185	140
14.529	143
14.5383	146
14.5487	148
14.558	151
14.5674	153
14.5778	156
14.586	158
14.5941	161
14.6023	163
14.6104	165
14.6185	167
14.6278	169
14.6348	171
14.643	173
14.6511	175
14.6581	176
14.6662	177
14.6732	179
14.6802	180
14.6895	181
14.6965	182
14.7046	183
14.7116	184
14.7221	186
14.7302	187
14.7372	188
14.7453	189
14.7511	191
14.7581	192
14.7663	193
15.0338	195
15.0431	196
15.0547	197
15.064	198
15.0733	199
15.0815	199
16.2084	183
16.2166	168
16.2236	155
16.2329	144
16.2399	135
16.248	126
16.2561	119
16.2654	113
16.2736	108
16.2829	104
16.291	101
16.2992	99
16.3096	97
16.3178	95
16.3271	94
16.3364	93
16.3457	93
16.355	93
16.3643	93
16.3725	94
16.3841	95
16.3934	96
16.4015	97
16.412	98
16.4213	100
16.4306	101
16.4411	103
16.4481	105
16.4574	107
16.4655	108
16.4737	110
16.483	111
16.4911	113
16.4969	114
16.5039	115
16.5097	116
16.5179	117
16.526	118
16.533	118
16.54	119
16.5469	119
16.5551	120
16.5621	121
16.569	121
16.576	121
16.5853	122
16.5946	123
16.6028	124
16.6121	125
16.6202	126
16.6295	127
16.6377	128
16.6458	130
16.6516	131
16.6598	133
16.6679	134
16.6749	136
16.6819	137
16.69	139
16.6982	141
16.7063	143
16.7133	145
16.7214	146
16.7319	148
16.7435	150
16.754	152
16.7656	154
16.7773	156
16.79	159
16.8028	161
16.811	163
16.8215	165
16.8296	167
16.8377	169
16.847	171
16.8564	173
16.8633	175
16.8715	177
16.8785	178
16.8866	180
16.8947	181
16.9029	182
16.9099	183
16.918	184
16.9273	186
16.9378	187
16.9494	188
16.9634	189
16.9762	190
16.9901	191
17.0052	193
17.0145	194
17.025	195
17.0332	196
17.0401	197
17.0494	198
17.0587	198
17.0657	199
17.0739	199
17.0797	199
17.0878	199
17.0971	200
17.1041	200
17.1181	201
17.3298	201
17.3402	200
17.353	200
17.3635	200
17.3751	200
17.3868	200
17.3984	200
17.4089	199
17.417	199
17.4228	198
17.4333	198
17.4403	198
17.4484	198
17.4566	198
17.4647	198
17.4717	198
17.4787	198
17.4868	198
17.4938	198
17.5101	199
17.5287	199
17.5391	199
17.5508	199
17.5601	198
17.5729	198
17.5845	198
17.5961	198
17.6066	198
17.6124	198
17.6206	197
17.6276	197
17.6357	197
17.645	197
17.6531	197
17.6613	197
17.6683	196
17.6729	196
17.6787	195
17.6845	194
17.695	193
17.7253	191
17.7357	189
17.7474	187
17.7578	185
17.773	184
17.7788	183
17.7857	182
17.7904	181
17.7985	181
17.8055	180
17.8125	180
17.8218	179
17.8311	179
17.8439	179
17.852	178
17.8602	177
17.8695	176
17.8823	176
17.8951	176
17.9067	176
17.9184	176
17.9288	177
17.9405	178
17.9544	178
17.9614	178
17.9672	178
17.9753	179
17.9812	178
17.9858	178
17.9951	178
18.0033	178
18.0102	177
18.0207	177
18.0289	177
18.0393	177
18.0486	177
18.0626	178
18.0765	178
18.0882	178
18.1021	179
18.1126	180
18.1231	180
18.137	180
18.1452	181
18.151	181
18.1556	180
18.1626	180
18.1696	179
18.1754	179
18.1812	178
18.1882	177
18.1952	177
18.2033	176
18.2115	176
18.2185	175
18.2301	174
18.244	173
18.2557	172
18.2673	171
18.2789	171
18.2882	170
18.3022	169
18.3092	168
18.3197	168
18.3255	168
18.3325	168
18.3383	168
18.3441	167
18.3511	167
18.358	167
18.3639	167
18.3708	167
18.3767	167
18.3836	168
18.3906	168
18.415	168
18.4278	169
18.4395	169
18.4511	169
18.4616	170
18.4755	170
18.4825	170
18.4918	170
18.5011	171
18.5081	171
18.5151	171
18.5221	171
18.5279	171
18.5337	171
18.5418	170
18.5488	170
18.5546	169
18.5616	169
18.5697	169
18.5779	168
18.586	168
18.5965	168
18.6093	168
18.6209	168
18.6314	169
18.6454	169
18.6547	169
18.664	169
18.6721	169
18.6826	170
18.6884	170
18.6965	170
18.7035	171
18.7117	171
18.7175	171
18.7268	171
18.7326	171
18.7396	171
18.7477	170
18.7547	170
18.7628	170
18.7873	170
18.7966	169
18.8094	168
18.8175	168
18.8291	167
18.8373	167
18.8466	167
18.8559	166
18.864	166
18.8698	165
18.8768	165
18.885	164
18.8908	163
18.8966	163
18.9047	162
18.9106	162
18.9175	162
18.9257	161
18.9327	161
18.9571	161
18.9699	161
18.9827	161
18.9955	161
19.0083	161
19.0199	162
19.0292	162
19.0385	162
19.0455	162
19.0536	162
19.0629	162
19.0688	161
19.0769	161
19.0839	160
19.092	160
19.1013	159
19.1095	159
19.1188	159
19.1281	159
19.1362	158
19.1467	158
19.156	158
19.1688	159
19.1793	159
19.1886	159
19.1979	159
19.2095	159
19.2188	159
19.2281	160
19.2374	160
19.2456	161
19.2537	161
19.263	161
19.2688	161
19.2781	161
19.2874	161
19.2944	161
19.3037	161
19.3107	161
19.3212	161
19.3293	161
19.3421	161
19.3526	161
19.363	162
19.3747	162
19.3828	162
19.3875	162
19.3956	161
19.4038	161
19.4119	160
19.42	160
19.427	159
19.4352	159
19.4421	159
19.448	158
19.4561	158
19.4619	158
19.4689	158
19.4794	158
19.498	157
19.5096	157
19.5212	157
19.5317	157
19.541	156
19.5526	155
19.5631	155
19.5736	155
19.5817	155
19.591	155
19.6003	156
19.6085	156
19.6166	156
19.6236	155
19.6317	155
19.6387	155
19.648	154
19.6562	154
19.6632	154
19.6725	154
19.6818	154
19.6887	153
19.698	153
19.7074	153
19.7167	153
19.726	154
19.7341	154
19.7446	154
19.7539	155
19.7632	155
19.7737	156
19.783	157
19.7911	157
19.8004	158
19.8086	158
19.8167	159
19.8237	159
19.8307	159
19.8388	159
19.8469	159
19.8551	159
19.8644	159
19.8714	159
19.8807	159
19.8876	158
19.897	158
19.9063	158
19.9156	159
19.9249	159
19.9353	159
19.9446	159
19.954	160
19.9633	160
19.9702	160
19.9784	160
19.9854	160
19.99	160
19.9958	160
20.0028	160
20.0098	159
20.0156	159
20.0237	159
20.0307	159
20.0377	159
20.0528	158
20.0645	158
20.0738	157
20.0854	157
20.097	157
20.1075	156
20.118	156
20.1261	156
20.1366	156
20.1459	156
20.1529	156
20.161	156
20.1691	156
20.175	156
20.1831	155
20.1901	155
20.1982	155
20.2064	154
20.2145	154
20.2227	154
20.2296	154
20.2389	153
20.2482	154
20.2564	154
20.2657	154
20.2738	154
20.2831	154
20.2936	155
20.3017	155
20.3122	155
20.3215	156
20.3297	156
20.339	157
20.346	157
20.3553	157
20.3634	158
20.3704	158
20.3774	158
20.3843	158
20.3925	158
20.3995	158
20.4088	158
20.4157	158
20.4239	157
20.432	157
20.4402	157
20.4518	157
20.4588	157
20.4704	157
20.4797	157
20.4879	157
20.4972	157
20.5053	157
20.5146	158
20.5239	158
20.5332	158
20.5402	159
20.5483	159
20.5553	159
20.5611	160
20.5658	160
20.5728	160
20.5786	160
20.5856	160
20.5925	160
20.6007	160
20.617	160
20.6286	159
20.6391	159
20.6495	159
20.66	159
20.6705	158
20.681	158
20.6903	158
20.6961	158
20.7054	158
20.7124	157
20.7205	157
20.7275	157
20.7345	156
20.7414	156
20.7496	155
20.7566	155
20.7647	155
20.7728	154
20.781	154
20.7891	154
20.7973	153
20.8054	153
20.8159	154
20.8252	154
20.8357	154
20.8473	154
20.8543	154
20.8636	155
20.8729	155
20.8822	155
20.8903	156
20.8985	156
20.9066	157
20.9136	157
20.9229	157
20.9299	157
20.9369	157
20.945	157
20.9508	157
20.9566	157
20.9636	156
20.9706	156
20.9787	155
20.9892	155
20.9997	154
21.0078	154
21.016	154
21.0253	154
21.0346	153
21.0427	153
21.052	153
21.059	153
21.0683	153
21.0753	153
21.0846	153
21.0927	153
21.0985	153
21.1067	154
21.1113	154
21.1183	154
21.1253	154
21.1334	154
21.1404	155
21.1474	155
21.1648	155
21.173	155
21.1835	155
21.1939	155
21.2044	154
21.2149	154
21.2253	154
21.2323	154
21.2393	153
21.2474	153
21.2544	152
21.2614	152
21.2672	151
21.2742	151
21.2812	150
21.2881	149
21.2974	148
21.3044	148
21.3126	147
21.3195	147
21.3289	146
21.337	146
21.344	146
21.3533	145
21.3614	145
21.3719	145
21.3812	146
21.3882	146
21.3975	146
21.4056	146
21.4161	147
21.4254	147
21.4335	148
21.4428	148
21.451	149
21.4603	150
21.4684	150
21.4743	150
21.4836	151
21.4894	151
21.4975	151
21.5057	151
21.5138	151
21.5219	151
21.5301	151
21.5382	152
21.5464	152
21.5557	152
21.5615	152
21.5708	152
21.5801	153
21.5882	153
21.5976	153
21.6057	153
21.615	153
21.6231	154
21.6324	154
21.6394	154
21.6476	154
21.6546	155
21.6615	155
21.6685	155
21.6755	156
21.6825	156
21.6906	157
21.6999	157
21.7081	158
21.7232	158
21.7348	159
21.7441	159
21.7546	159
21.7639	159
21.772	159
21.7825	159
21.7906	159
21.7976	158
21.8069	158
21.8151	158
21.8221	158
21.8279	158
21.836	157
21.8442	157
21.85	157
21.8569	156
21.8651	156
21.8721	155
21.8814	155
21.8872	155
21.8965	154
21.9058	154
21.9151	154
21.9244	153
21.9349	153
21.943	153
21.9523	153
21.9605	153
21.9698	153
21.9802	154
21.9884	154
21.9965	155
22.0035	155
22.0128	155
22.0221	156
22.0291	156
22.0361	156
22.0431	156
22.05	156
22.0593	156
22.0675	156
22.0733	156
22.0826	156
22.0908	156
22.0989	156
22.107	156
22.1163	156
22.1256	156
22.135	155
22.1431	155
22.1524	155
22.1605	155
22.1687	155
22.1792	156
22.1861	156
22.1954	156
22.2036	156
22.2106	156
22.2187	156
22.2268	157
22.2327	157
22.2385	157
22.2466	158
22.2524	158
22.2594	158
22.2676	158
22.2862	159
22.2978	159
22.3094	159
22.3199	160
22.3292	160
22.3408	160
22.3478	160
22.356	160
22.3641	160
22.3711	160
22.3804	160
22.3862	159
22.3932	159
22.4013	159
22.406	158
22.413	157
22.4199	156
22.4281	156
22.4362	155
22.4444	155
22.4525	155
22.4618	154
22.4711	154
22.4804	153
22.4932	153
22.5002	153
22.5095	153
22.5188	153
22.527	153
22.5363	153
22.5456	154
22.5525	154
22.5607	154
22.57	154
22.5781	155
22.5863	155
22.5933	155
22.5991	155
22.6072	155
22.6165	155
22.6247	155
22.634	154
22.6456	154
22.6526	154
22.6607	153
22.6712	153
22.6793	153
22.6886	153
22.6979	153
22.7049	152
22.7142	152
22.7235	153
22.7328	153
22.7398	153
22.748	153
22.7526	153
22.7596	153
22.7666	153
22.7735	154
22.7805	154
22.7887	154
22.8003	154
22.8143	154
22.8259	154
22.8364	154
22.8457	154
22.8561	154
22.8666	154
22.8771	153
22.8852	153
22.8945	154
22.9038	154
22.912	154
22.9201	154
22.9259	154
22.9341	154
22.941	154
22.9492	154
22.955	154
22.9608	153
22.969	153
22.9759	152
22.9853	152
22.9946	151
23.0039	151
23.012	150
23.0225	149
23.0306	149
23.0411	148
23.0504	148
23.0585	148
23.0667	148
23.076	148
23.0841	148
23.0923	148
23.1016	148
23.1109	148
23.1202	149
23.1283	149
23.1365	150
23.1469	150
23.1539	151
23.1609	151
23.1679	151
23.1749	151
23.1842	151
23.1935	151
23.2039	151
23.2109	151
23.2202	152
23.2284	152
23.2365	152
23.2458	152
23.2551	152
23.2644	152
23.2737	152
23.283	153
23.29	153
23.2982	153
23.3051	153
23.3121	154
23.3203	154
23.3272	155
23.3342	155
23.3424	155
23.3517	156
23.3679	156
23.3784	156
23.3889	156
23.3994	156
23.4098	156
23.4203	156
23.4296	155
23.4389	155
23.447	155
23.4575	155
23.4657	156
23.4761	156
23.4831	156
23.4912	157
23.4982	157
23.5064	157
23.5145	157
23.5203	157
23.5285	156
23.5343	156
23.5436	156
23.5517	155
23.5599	154
23.5703	154
23.5796	153
23.589	153
23.5971	152
23.6064	152
23.6145	151
23.6238	151
23.639	150
23.6483	150
23.6587	150
23.6669	150
23.6762	150
23.6843	150
23.6936	151
23.7029	151
23.7099	151
23.7181	151
23.725	151
23.7332	151
23.7413	151
23.7495	151
23.7576	151
23.7669	151
23.7751	151
23.7902	151
23.7995	151
23.8111	151
23.8204	152
23.8286	152
23.8356	151
23.8437	152
23.8518	152
23.8588	152
23.867	152
23.8739	153
23.8821	153
23.8902	154
23.8984	154
23.9135	154
23.9251	154
23.9344	154
23.9461	155
23.9577	155
23.9682	155
23.9775	155
23.9856	154
23.9937	154
24.0019	154
24.0124	154
24.0205	154
24.031	155
24.0391	155
24.0484	156
24.0554	156
24.0624	156
24.0705	156
24.081	156
24.0868	155
24.0961	155
24.1066	154
24.1159	153
24.1252	152
24.1333	152
24.1415	151
24.1496	151
24.1589	150
24.1671	149
24.238	141
24.245	133
24.3039	124
24.3121	117
24.3712	111
24.3785	105
24.4371	100
24.4464	96
24.4546	92
24.4639	89
24.4732	86
24.4813	84
24.4906	82
24.5011	81
24.5104	80
24.5197	79
24.529	78
24.5395	78
24.5488	78
24.5593	78
24.5674	78
24.5767	78
24.5848	78
24.5942	79
24.6011	79
24.6104	79
24.6186	79
24.6279	79
24.636	79
24.6442	79
24.6546	80
24.6639	80
24.6732	80
24.6826	81
24.693	82
24.7023	82
24.7128	83
24.7221	84
24.7314	85
24.7407	86
24.7489	86
24.7582	87
24.7675	88
24.7756	89
24.7849	89
24.7931	90
24.8024	90
24.8128	91
24.8221	92
24.8303	92
24.8396	93
24.8501	94
24.8594	94
24.8687	95
24.878	96
24.8873	96
24.8943	97
24.9036	98
24.9117	99
24.9198	100
24.928	101
24.9373	102
24.9466	103
24.9547	104
24.9629	106
24.9757	107
24.9873	109
25.0001	110
25.0106	111
25.0222	112
25.0338	113
25.0408	113
25.0501	114
25.0594	114
25.0687	115
25.078	115
25.0873	116
25.099	117
25.1083	118
25.1188	118
25.1292	120
25.1397	121
25.1478	122
25.1583	123
25.1688	124
25.1792	125
25.1874	126
25.1967	127
25.206	128
25.2141	129
25.2234	130
25.2327	130
25.2397	131
25.249	131
25.2595	132
25.2688	133
25.2793	134
25.2886	134
25.2991	135
25.3084	136
25.3177	137
25.3293	138
25.3386	139
25.3479	140
25.3584	141
25.3688	143
25.377	144
25.3863	145
25.3944	145
25.4037	146
25.413	147
25.4212	148
25.4328	148
25.4421	149
25.4538	149
25.4642	150
25.4747	151
25.4852	152
25.4945	152
25.5014	153
25.5084	153
25.5177	153
25.5294	154
25.5387	155
25.5491	156
25.5573	157
25.5771	158
25.591	159
25.598	159
25.6096	159
25.6201	160
25.6317	160
25.6399	160
25.6457	159
25.6538	159
25.6631	158
25.6724	158
25.6817	158
25.691	158
25.7004	158
25.7108	159
25.7201	159
25.7376	159
25.7527	159
25.7608	159
25.769	159
25.776	159
25.7853	158
25.7946	157
25.8039	157
25.8109	157
25.8202	156
25.8295	156
25.8376	156
25.8469	155
25.8562	155
25.8679	156
25.8772	156
25.8958	156
25.9109	156
25.919	156
25.9283	157
25.9353	157
25.9423	156
25.9504	156
25.9586	156
25.9656	155
25.9749	155
25.983	155
25.9923	154
25.9993	154
26.0086	154
26.0202	154
26.0295	153
26.047	153
26.054	153
26.0633	153
26.0726	153
26.0819	153
26.0889	153
26.0982	153
26.1086	154
26.1156	154
26.1261	155
26.1377	155
26.1482	156
26.1575	156
26.168	156
26.1773	156
26.1901	156
26.2017	156
26.2087	155
26.218	155
26.2261	154
26.2354	154
26.2436	154
26.254	154
26.2645	154
26.2692	154
26.2738	153
26.2785	151
26.2843	149
26.2889	147
26.2947	144
26.2994	142
26.3052	138
26.3099	134
26.3134	130
26.318	126
26.3227	122
26.3273	118
26.332	114
26.3401	111
26.3506	108
26.3552	104
26.3599	101
26.3645	97
26.3692	94
26.374	90
26.3827	87
26.3915	84
26.4022	82
26.4107	80
26.4188	78
26.4266	77
26.4353	75
26.4441	74
26.4534	73
26.4635	72
26.4726	71
26.482	71
26.4896	70
26.4985	69
26.5073	69
26.5162	69
26.525	68
26.5339	68
26.542	67
26.5513	67
26.5571	67
26.5664	67
26.5758	68
26.5839	68
26.5932	69
26.6025	70
26.6107	71
26.6188	72
26.6316	73
26.6455	74
26.656	76
26.6676	77
26.6793	77
26.6909	78
26.6979	78
26.7072	79
26.7153	79
26.7246	80
26.7339	80
26.7433	80
26.7526	81
26.7619	81
26.77	82
26.7816	83
26.7909	83
26.8003	84
26.8096	85
26.8189	86
26.8282	86
26.8375	87
26.8456	88
26.8561	89
26.8666	90
26.8759	91
26.8852	91
26.8945	92
26.9038	93
26.9131	94
26.9247	95
26.934	96
26.9445	97
26.955	99
26.9643	100
26.9747	101
26.984	102
26.9922	104
27.0026	105
27.012	106
27.0201	107
27.0306	108
27.0399	109
27.048	110
27.0585	111
27.069	112
27.0783	113
27.0887	114
27.0969	115
27.1062	116
27.1155	117
27.1225	117
27.1329	118
27.1411	119
27.1492	120
27.1562	120
27.1643	121
27.1713	121
27.1795	122
27.1876	123
27.1969	124
27.205	125
27.212	126
27.2213	127
27.2341	128
27.2469	130
27.2597	131
27.2737	133
27.2853	134
27.2958	135
27.3062	136
27.3144	137
27.3237	138
27.3307	138
27.34	139
27.3493	140
27.3586	140
27.3691	141
27.3784	142
27.3877	143
27.397	144
27.4063	144
27.4144	145
27.4249	146
27.4342	147
27.4435	148
27.4528	149
27.4621	150
27.4726	151
27.4807	152
27.49	153
27.4993	153
27.5086	154
27.5179	155
27.5273	156
27.5366	157
27.5459	158
27.5552	159
27.5645	160
27.5738	161
27.5819	161
27.5901	162
27.597	163
27.6063	163
27.6145	164
27.6226	164
27.6319	164
27.6412	165
27.6506	165
27.6599	166
27.6692	166
27.6773	167
27.6866	167
27.6948	168
27.7029	168
27.7099	168
27.7192	169
27.7285	169
27.7355	169
27.7436	169
27.7517	170
27.7587	170
27.7657	170
27.7715	171
27.7785	171
27.7855	171
27.7948	172
27.8006	172
27.8111	173
27.8239	174
27.8343	174
27.846	175
27.8541	175
27.8634	175
27.8704	175
27.8762	174
27.8844	173
27.8925	172
27.8995	171
27.9076	170
27.9169	170
27.9239	169
27.9309	168
27.9379	167
27.9472	167
27.9553	166
27.9635	166
27.9716	165
27.9797	165
27.9879	165
27.9972	164
28.0053	164
28.0158	164
28.0251	165
28.0321	165
28.0391	165
28.0472	165
28.0565	165
28.0635	165
28.0705	165
28.0798	165
28.0891	165
28.0972	165
28.1065	165
28.1158	165
28.1263	166
28.1356	167
28.1437	167
28.1507	167
28.1577	167
28.1775	169
28.1891	168
28.1984	168
28.2042	167
28.2135	167
28.2217	166
28.231	166
28.238	166
28.2473	166
28.2554	165
28.2612	165
28.2682	165
28.2775	164
28.2857	163
28.295	163
28.3008	163
28.3089	163
28.3147	163
28.324	163
28.3392	163
28.3508	163
28.3671	163
28.3776	162
28.388	162
28.3997	162
28.409	162
28.4183	162
28.4287	161
28.4369	161
28.445	161
28.4532	161
28.4613	160
28.4706	160
28.4764	160
28.4857	160
28.4939	160
28.5032	160
28.5113	160
28.5195	160
28.5299	160
28.5404	160
28.552	161
28.5625	161
28.5741	161
28.5834	162
28.5939	162
28.602	163
28.6114	163
28.6195	163
28.6276	164
28.6369	164
28.6451	164
28.6544	165
28.6625	165
28.6718	165
28.6811	166
28.6893	166
28.6998	167
28.7079	167
28.7195	167
28.73	167
28.7393	166
28.7486	166
28.7602	166
28.7672	166
28.7777	166
28.787	166
28.794	166
28.8033	166
28.8103	166
28.8184	166
28.8254	165
28.8347	165
28.8428	164
28.851	164
28.858	164
28.8649	163
28.8719	163
28.8812	163
28.8917	163
28.901	162
28.9103	162
28.9289	162
28.9394	162
28.9487	161
28.9603	161
28.9708	161
28.9789	161
28.9882	160
28.9952	159
29.0034	159
29.0115	159
29.0196	158
29.0255	157
29.0348	157
29.0429	157
29.0522	156
29.0603	156
29.0697	156
29.0766	156
29.0859	156
29.0976	156
29.1069	156
29.1185	157
29.129	157
29.1383	157
29.1476	157
29.1557	157
29.1639	157
29.1732	158
29.1825	158
29.1895	158
29.1988	159
29.2081	159
29.2174	160
29.2267	160
29.2348	161
29.243	161
29.2488	161
29.2581	161
29.2662	161
29.2779	161
29.2883	160
29.2965	160
29.3058	160
29.3139	159
29.3232	159
29.3337	159
29.343	160
29.35	159
29.3581	159
29.3663	159
29.3733	159
29.3826	158
29.3907	158
29.3977	158
29.4035	157
29.4116	157
29.4175	157
29.4244	157
29.4349	157
29.443	157
29.4523	156
29.4698	156
29.4814	156
29.4931	157
29.5024	156
29.5128	156
29.521	156
29.5303	155
29.5384	155
29.5466	154
29.5547	154
29.564	154
29.571	154
29.578	153
29.5861	153
29.5943	153
29.6036	152
29.6117	152
29.6198	152
29.6338	152
29.6454	152
29.6547	152
29.6664	152
29.6745	152
29.6827	152
29.692	152
29.7013	152
29.7094	152
29.7176	152
29.7257	152
29.735	153
29.7443	153
29.7536	153
29.7629	154
29.7722	154
29.7804	154
29.7908	155
29.8001	155
29.8095	155
29.8199	154
29.8281	154
29.835	154
29.8432	154
29.8513	153
29.8595	153
29.8688	152
29.8769	152
29.8874	152
29.8967	152
29.906	152
29.9153	152
29.9246	152
29.9327	152
29.9409	152
29.949	152
29.9549	151
29.963	151
29.9711	151
29.9793	151
29.9851	151
29.9932	151
30.0025	151
30.02	151
30.0316	151
30.0421	151
30.0526	151
30.0642	151
30.0723	150
30.0805	150
30.0886	149
30.0979	149
30.1061	149
30.1142	149
30.1212	148
30.1293	148
30.1363	147
30.1445	147
30.1538	147
30.1631	146
30.1712	146
30.1805	146
30.1898	146
30.2003	146
30.2108	146
30.2201	146
30.2294	147
30.2387	147
30.2468	147
30.2561	147
30.2654	148
30.2747	148
30.284	149
30.2933	149
30.3015	150
30.312	150
30.3201	151
30.3282	151
30.3364	152
30.3457	152
30.3562	152
30.3643	152
30.3736	152
30.3817	152
30.3899	152
30.3992	152
30.4073	152
30.4166	152
30.4248	151
30.4353	151
30.4457	151
30.4539	151
30.4643	151
30.4725	151
30.4806	151
30.4888	151
30.4946	151
30.5016	151
30.5085	151
30.5167	151
30.5248	151
30.533	151
30.5423	151
30.5504	151
30.5667	151
30.5783	151
30.59	151
30.5993	150
30.6109	150
30.619	150
30.6272	149
30.6353	149
30.6446	148
30.6516	148
30.6609	148
30.6691	147
30.6772	147
30.6842	147
30.6935	147
30.7028	146
30.7109	146
30.7202	146
30.7284	146
30.7377	146
30.747	146
30.7575	146
30.7668	146
30.7749	146
30.7842	146
30.7935	147
30.8005	147
30.8098	147
30.8191	147
30.8273	147
30.8354	147
30.8447	148
30.8552	148
30.8645	149
30.8738	149
30.8819	150
30.8912	150
30.9005	150
30.9098	151
30.918	151
30.9261	151
30.9343	150
30.9436	150
30.9517	150
30.9599	150
30.9692	150
30.9773	150
30.9866	150
30.9959	150
31.0064	150
31.0157	150
31.025	150
31.0331	150
31.0413	150
31.0483	150
31.0552	150
31.0622	150
31.068	150
31.0773	150
31.0843	150
31.0925	150
31.1006	150
31.1181	150
31.1285	149
31.139	149
31.1506	149
31.1611	148
31.1704	148
31.1774	147
31.1867	147
31.1948	146
31.203	146
31.2111	145
31.2204	145
31.2274	145
31.2355	144
31.2437	144
31.2518	143
31.26	143
31.2681	143
31.2774	143
31.2867	143
31.2949	142
31.3042	142
31.3146	143
31.3239	143
31.3332	143
31.3414	143
31.3507	144
31.36	144
31.3681	144
31.3774	145
31.3867	145
31.3961	146
31.4042	146
31.4135	147
31.4228	147
31.431	148
31.4403	148
31.4484	149
31.4565	149
31.4658	149
31.474	149
31.4833	149
31.4914	149
31.4996	149
31.5089	149
31.517	149
31.5252	149
31.5356	149
31.5461	149
31.5554	149
31.5659	149
31.5752	150
31.5833	150
31.5903	150
31.5985	151
31.6043	151
31.6136	151
31.6194	152
31.6287	152
31.6357	152
31.6438	152
31.6601	152
31.6706	152
31.6799	151
31.6927	151
31.7055	151
31.7159	151
31.7241	151
31.7311	150
31.738	150
31.7462	149
31.7543	149
31.7625	148
31.7706	148
31.7799	148
31.7869	147
31.7962	147
31.8055	147
31.8136	147
31.8206	147
31.8299	146
31.8392	146
31.8509	146
31.8613	146
31.8706	146
31.8788	146
31.8881	146
31.8974	146
31.9055	146
31.9148	147
31.9241	147
31.9323	147
31.9428	148
31.9509	148
31.9602	148
31.9695	149
31.9788	149
31.9881	150
31.9974	151
32.0067	151
32.0172	152
32.0265	152
32.0347	152
32.044	153
32.0509	153
32.0602	153
32.0684	153
32.0777	153
32.087	153
32.0951	153
32.1044	153
32.1137	153
32.1254	153
32.1347	153
32.1405	154
32.1486	154
32.1556	154
32.1638	154
32.1742	155
32.1812	155
32.1894	155
32.2045	155
32.2149	154
32.2254	154
32.237	154
32.2464	153
32.2568	153
32.2685	152
32.2766	152
32.2859	152
32.2917	151
32.2999	151
32.308	150
32.3161	150
32.3255	150
32.3324	149
32.3417	149
32.351	149
32.358	149
32.3673	149
32.3755	149
32.3848	148
32.3941	148
32.4034	148
32.415	148
32.4243	148
32.4336	148
32.4418	148
32.4511	148
32.4604	148
32.4697	148
32.479	148
32.4883	149
32.4964	149
32.5057	149
32.5151	150
32.5232	150
32.5337	151
32.5418	151
32.5511	152
32.5604	152
32.5721	153
32.5814	153
32.5918	154
32.5988	154
32.6069	154
32.6151	154
32.6256	154
32.6337	154
32.6418	154
32.65	154
32.6593	154
32.6686	154
32.6779	154
32.686	154
32.6942	154
32.7012	155
32.707	155
32.7163	155
32.7268	155
32.7349	154
32.7523	154
32.7628	154
32.7733	154
32.7838	153
32.7931	153
32.8059	152
32.8152	152
32.8245	152
32.8314	151
32.8419	151
32.8489	151
32.8559	151
32.864	150
32.8722	150
32.8815	150
32.8896	149
32.8977	149
32.9071	149
32.9152	149
32.9222	148
32.9326	148
32.9419	148
32.9536	148
32.9629	148
32.9722	148
32.9803	148
32.9896	148
32.9989	148
33.0083	148
33.0176	148
33.0269	148
33.035	148
33.0443	149
33.0548	149
33.0629	149
33.0722	150
33.0815	150
33.0908	151
33.1013	152
33.1106	152
33.1211	153
33.1304	154
33.1385	154
33.1478	154
33.1548	155
33.1641	155
33.1723	155
33.1816	155
33.1897	155
33.1979	154
33.2083	154
33.2165	154
33.2258	154
33.2327	154
33.2409	154
33.249	154
33.2583	154
33.2676	155
33.2769	155
33.2874	155
33.3014	155
33.313	155
33.3235	154
33.3328	154
33.3444	153
33.3549	153
33.3654	153
33.3723	152
33.3816	152
33.3898	151
33.3979	151
33.4049	150
33.4142	150
33.4212	149
33.4305	149
33.4398	149
33.4479	148
33.4561	148
33.4654	148
33.4735	147
33.4828	147
33.4933	147
33.5014	147
33.5119	147
33.5212	147
33.5305	147
33.5398	147
33.5491	147
33.5584	147
33.5666	148
33.5771	148
33.5864	148
33.5945	148
33.6038	149
33.6143	149
33.6224	149
33.6317	150
33.6422	150
33.6515	151
33.6608	151
33.6701	152
33.6806	153
33.6899	153
33.698	154
33.7062	154
33.7143	154
33.7236	154
33.7329	154
33.7411	154
33.7504	154
33.7597	155
33.7678	154
33.776	154
33.7841	154
33.7922	155
33.7992	155
33.8109	155
33.8202	156
33.8295	156
33.8481	156
33.8574	156
33.8679	156
33.8783	156
33.89	155
33.9016	155
33.9097	154
33.9202	154
33.9272	154
33.9353	154
33.9446	153
33.9504	153
33.9597	152
33.9667	151
33.976	151
33.9853	151
33.9923	150
34.0016	150
34.0109	150
34.0191	149
34.0284	149
34.04	149
34.0505	149
34.0598	149
34.0691	149
34.0784	149
34.0865	149
34.097	149
34.1063	149
34.1145	150
34.1249	150
34.1342	150
34.1424	150
34.1528	151
34.161	151
34.1703	151
34.1808	152
34.1889	152
34.1982	153
34.2087	153
34.218	154
34.2284	154
34.2378	155
34.2482	156
34.2575	156
34.2668	157
34.2738	157
34.2831	157
34.2913	157
34.3006	157
34.3099	157
34.318	157
34.325	156
34.3331	156
34.3401	156
34.3471	156
34.3564	156
34.368	157
34.3773	157
34.3866	157
34.4064	157
34.4157	157
34.4262	157
34.4378	156
34.4495	156
34.4611	156
34.4681	155
34.4774	155
34.4855	154
34.4913	154
34.5006	153
34.5088	152
34.5169	152
34.6263	148
34.6344	144
34.7263	138
34.7356	133
34.8112	127
34.8194	122
34.8298	117
34.8391	113
34.8484	110
34.8601	108
34.8694	105
34.881	104
34.8915	103
34.9008	102
34.9124	102
34.9229	101
34.9322	101
34.9427	101
34.952	102
34.9624	102
34.9729	103
34.9822	103
34.9927	104
35.0008	104
35.0101	105
35.0194	106
35.0299	106
35.0392	107
35.0485	108
35.0578	108
35.0683	109
35.0787	110
35.0881	111
35.0997	112
35.109	113
35.1195	114
35.1288	115
35.1404	116
35.1497	117
35.1602	118
35.1706	120
35.1811	121
35.1904	122
35.2009	123
35.2114	125
35.2218	126
35.2311	127
35.2428	129
35.2521	130
35.2625	131
35.2718	132
35.2835	134
35.2939	135
35.3044	137
35.3149	138
35.3253	140
35.3347	141
35.344	143
35.3533	144
35.3614	146
35.3707	147
35.38	149
35.3905	151
35.3998	153
35.4079	155
35.4149	156
35.4242	158
35.4324	159
35.4405	161
35.4498	163
35.4626	164
35.4742	165
35.4859	167
35.501	168
35.5138	169
35.5289	171
35.5429	173
35.5545	174
35.5661	176
35.5778	178
35.5882	180
35.5975	182
35.608	183
35.615	184
35.6231	185
35.6324	186
35.6417	187
35.651	188
35.6603	189
35.6697	190
35.6813	190
35.6906	191
35.7011	192
35.7115	193
35.7266	193
35.7418	194
35.7534	194
35.7662	195
35.7778	196
35.7895	196
35.7976	197
35.8081	197
35.8185	197
35.829	198
35.8383	199
35.8476	199
35.8569	199
35.8662	199
35.8767	200
35.886	200
35.8953	200
35.9058	200
35.9151	201
35.9302	201
35.9465	202
35.9581	202
35.9698	202
35.9826	202
35.9907	202
35.9988	202
36.0093	202
36.0174	201
36.0268	201
36.0349	200
36.0419	199
36.0477	198
36.0582	197
36.0675	196
36.0779	196
36.0896	195
36.1012	195
36.1082	195
36.1175	195
36.1268	195
36.1442	196
36.1547	196
36.164	196
36.1768	195
36.1884	195
36.1989	194
36.2117	193
36.221	192
36.2326	190
36.2466	190
36.2594	189
36.2699	188
36.2792	188
36.2885	187
36.2978	187
36.3082	186
36.3187	186
36.3292	186
36.3362	186
36.3431	186
36.3501	185
36.3571	184
36.3652	183
36.3769	182
36.3862	181
36.3955	181
36.4036	180
36.4153	180
36.4234	179
36.435	179
36.4455	179
36.4536	179
36.4664	180
36.4757	180
36.4862	180
36.4967	181
36.5072	181
36.5176	182
36.5258	182
36.5339	182
36.5409	182
36.5514	182
36.5595	182
36.57	181
36.5804	182
36.5863	181
36.5909	180
36.5967	179
36.6025	177
36.6107	176
36.6177	174
36.6258	172
36.6305	170
36.6328	168
36.6351	165
36.6374	161
36.6398	157
36.6421	152
36.6444	148
36.6467	142
36.6491	137
36.6514	131
36.6549	126
36.6607	120
36.663	115
36.6654	109
36.6718	104
36.6802	99
36.6876	94
36.695	91
36.7025	87
36.7099	85
36.7184	82
36.7248	80
36.7322	78
36.7397	76
36.7496	75
36.762	74
36.7743	73
36.7858	72
36.7968	72
36.8075	71
36.8155	70
36.8239	69
36.8305	69
36.838	68
36.8455	68
36.8531	67
36.8606	67
36.8682	67
36.8757	66
36.8842	66
36.8924	66
36.9017	66
36.9098	67
36.9191	67
36.9284	68
36.9366	68
36.9459	69
36.954	70
36.9633	71
36.9715	72
36.9796	73
36.9889	73
36.9971	74
37.0052	75
37.0145	76
37.0227	77
37.032	78
37.0401	79
37.0483	80
37.0576	81
37.0657	82
37.0738	83
37.0832	84
37.0901	85
37.0994	86
37.1076	87
37.1157	88
37.125	89
37.1343	90
37.1425	91
37.1506	92
37.1599	93
37.1692	95
37.1785	96
37.1855	97
37.1948	98
37.203	99
37.2111	100
37.2192	101
37.2262	102
37.2344	103
37.2425	104
37.2518	104
37.26	105
37.2681	106
37.2751	107
37.2832	108
37.2925	109
37.3007	110
37.3076	111
37.3158	112
37.3228	114
37.3309	115
37.3379	116
37.3449	118
37.3519	119
37.3623	120
37.3705	121
37.3798	122
37.3891	123
37.3995	123
37.4088	124
37.4182	124
37.4251	124
37.4344	124
37.4426	125
37.4507	125
37.4589	125
37.467	126
37.4763	126
37.4845	127
37.4938	128
37.5007	128
37.5089	129
37.5182	130
37.5263	130
37.5356	131
37.5426	132
37.5508	133
37.5601	134
37.5682	134
37.5775	135
37.5845	136
37.5938	137
37.6019	138
37.6101	139
37.6194	140
37.6264	140
37.6357	141
37.6438	142
37.6531	143
37.6613	144
37.6682	145
37.6775	146
37.6857	146
37.6938	147
37.702	148
37.709	148
37.7183	149
37.7252	150
37.7345	151
37.7415	151
37.7508	152
37.759	153
37.7659	153
37.7741	154
37.7822	154
37.7915	155
37.8008	156
37.8078	157
37.816	157
37.8229	158
37.8311	158
37.8369	159
37.845	159
37.852	159
37.859	159
37.866	159
37.873	160
37.8799	160
37.8858	160
37.8939	160
37.8997	161
37.9055	161
37.9113	161
37.9183	162
37.9241	162
37.93	162
37.9358	162
37.9439	162
37.9532	162
37.9625	162
37.9707	161
37.9788	160
37.9893	160
37.9986	159
38.0067	159
38.0137	158
38.0219	158
38.0288	157
38.0358	157
38.044	157
38.0521	156
38.0602	156
38.0672	156
38.0765	156
38.0847	157
38.0916	157
38.0998	157
38.1056	157
38.1137	157
38.1207	157
38.1277	158
38.1347	158
38.1428	158
38.1498	158
38.1568	158
38.1649	158
38.1719	158
38.18	159
38.1882	159
38.1952	160
38.2021	160
38.2103	160
38.2184	161
38.2243	161
38.2324	161
38.2405	162
38.2464	162
38.2545	162
38.2615	163
38.2685	163
38.2766	163
38.2929	165
38.3033	164
38.3092	163
38.3161	163
38.3254	163
38.3313	162
38.3406	162
38.3499	162
38.358	162
38.365	162
38.3731	162
38.3813	162
38.3871	162
38.3941	162
38.3999	161
38.408	161
38.415	161
38.4208	161
38.4278	161
38.4325	161
38.4394	162
38.4546	162
38.4662	162
38.4708	162
38.4825	161
38.4918	160
38.4988	160
38.5069	159
38.5139	157
38.5232	157
38.5313	156
38.5383	155
38.5453	154
38.5546	154
38.5604	153
38.5674	153
38.5744	152
38.5825	152
38.5895	152
38.5988	152
38.6046	152
38.6128	152
38.6209	152
38.6279	152
38.6372	152
38.6477	153
38.6546	153
38.6628	153
38.6721	154
38.6814	154
38.6895	155
38.6977	155
38.7047	156
38.714	156
38.7209	156
38.7279	157
38.7361	157
38.7442	157
38.7523	158
38.7616	159
38.7675	159
38.7756	159
38.7849	160
38.7907	160
38.8012	160
38.8117	161
38.8186	161
38.828	162
38.8373	162
38.8454	162
38.8547	162
38.8628	163
38.8687	163
38.878	163
38.8849	163
38.8931	163
38.9001	163
38.907	163
38.9164	163
38.9245	163
38.9326	163
38.9408	163
38.9489	163
38.9559	163
38.9629	163
38.9675	163
38.9757	163
38.9827	163
38.992	163
39.0013	163
39.0106	164
39.0199	164
39.0303	163
39.0385	163
39.0466	162
39.0548	162
39.0618	161
39.0676	159
39.0769	158
39.0839	157
39.0897	156
39.0978	155
39.106	154
39.1118	153
39.1199	153
39.1269	152
39.1362	152
39.1443	152
39.1502	152
39.1595	152
39.1676	152
39.1734	152
39.1851	153
39.1932	153
39.2002	153
39.2083	153
39.2176	153
39.2258	154
39.2327	154
39.2409	154
39.2479	154
39.256	155
39.2642	155
39.2711	156
39.2781	156
39.2851	156
39.2944	156
39.3025	156
39.3095	156
39.3177	157
39.327	157
39.3328	157
39.3444	157
39.3526	157
39.3595	157
39.3688	158
39.377	158
39.3863	158
39.3921	158
39.4014	159
39.4084	159
39.4154	159
39.4247	159
39.4305	159
39.4386	159
39.4456	159
39.4549	159
39.4631	159
39.47	159
39.4793	160
39.4886	160
39.4956	160
39.5061	160
39.5131	160
39.5201	161
39.527	162
39.5352	162
39.541	162
39.5503	162
39.555	162
39.5643	162
39.5701	162
39.584	162
39.5933	161
39.6003	161
39.6085	160
39.6166	159
39.6236	158
39.6317	157
39.6399	156
39.648	155
39.655	154
39.662	154
39.6689	153
39.6771	153
39.6841	152
39.691	152
39.6992	152
39.7062	152
39.7178	152
39.7341	152
39.7422	152
39.7504	151
39.7573	151
39.7667	151
39.7736	150
39.7829	150
39.7899	150
39.7992	150
39.8074	150
39.8155	151
39.8237	151
39.8318	151
39.8399	151
39.8469	151
39.8551	151
39.8644	152
39.8713	152
39.8876	152
39.8946	152
39.9039	152
39.9109	152
39.9202	152
39.9283	152
39.9365	152
39.9458	153
39.9539	153
39.9621	153
39.9714	153
39.9784	153
39.9877	154
39.9958	154
40.0028	154
40.0109	154
40.0191	154
40.0284	154
40.0447	155
40.0516	155
40.0609	155
40.0668	156
40.0737	156
40.083	157
40.0912	158
40.097	158
40.104	158
40.111	158
40.1272	157
40.1366	157
40.1459	156
40.1528	156
40.1621	155
40.1714	154
40.1784	153
40.1866	152
40.1935	151
40.2017	150
40.211	149
40.218	149
40.225	148
40.2331	148
40.2412	148
40.2494	147
40.2575	147
40.2645	147
40.2738	147
40.2831	147
40.2924	147
40.3006	147
40.3099	147
40.3192	147
40.3273	147
40.3355	147
40.3436	147
40.3517	147
40.3599	148
40.3692	148
40.3762	148
40.3855	148
40.3936	149
40.4018	149
40.4099	149
40.418	150
40.4274	150
40.4367	150
40.4448	151
40.4541	151
40.4634	151
40.4727	151
40.4797	151
40.4878	151
40.4971	152
40.5041	152
40.5134	152
40.5227	152
40.5297	152
40.539	152
40.5472	152
40.5565	153
40.5634	153
40.5728	153
40.5832	153
40.5914	153
40.5995	154
40.6076	154
40.6146	155
40.6239	155
40.6332	156
40.6402	157
40.646	157
40.6565	157
40.6693	157
40.6763	156
40.6856	156
40.6961	155
40.7054	154
40.7158	154
40.7251	153
40.7333	153
40.7414	153
40.7484	152
40.7542	152
40.7612	151
40.7693	151
40.7775	150
40.7845	150
40.7926	149
40.7984	149
40.8066	148
40.8159	148
40.8228	148
40.8321	147
40.8415	147
40.8508	147
40.8612	147
40.8705	146
40.8798	146
40.888	146
40.8973	146
40.9043	146
40.9136	147
40.9229	147
40.931	147
40.9392	148
40.9473	148
40.9566	149
40.9636	149
40.9717	150
40.981	150
40.988	151
40.9973	151
41.0055	151
41.0171	152
41.0252	152
41.0345	153
41.0438	153
41.0543	153
41.0613	154
41.0706	154
41.0799	154
41.0892	155
41.0962	155
41.1055	155
41.1148	156
41.1241	156
41.1323	156
41.1427	157
41.1497	157
41.1567	158
41.1648	158
41.1706	159
41.1811	159
41.1904	160
41.1986	161
41.2067	161
41.2241	161
41.2334	161
41.2428	161
41.2521	161
41.2614	160
41.2718	160
41.28	159
41.2881	159
41.2974	159
41.3044	158
41.3091	158
41.316	157
41.3253	157
41.3335	156
41.3405	156
41.3486	155
41.3544	155
41.3626	155
41.3742	154
41.3835	153
41.394	153
41.4033	153
41.4126	152
41.4231	152
41.4312	152
41.4405	152
41.4498	152
41.4591	152
41.4673	152
41.4754	153
41.4847	153
41.4928	153
41.5021	153
41.5103	153
41.5208	154
41.5289	154
41.537	155
41.5463	155
41.5533	156
41.5626	156
41.5719	156
41.5824	156
41.5917	157
41.601	157
41.6103	158
41.6196	158
41.6266	158
41.6359	158
41.6452	158
41.6534	159
41.6627	159
41.6708	159
41.6813	159
41.6906	159
41.6999	160
41.7092	160
41.715	160
41.722	160
41.7278	161
41.7371	161
41.7464	161
41.7557	162
41.7639	162
41.7743	162
41.7883	162
41.7999	162
41.8081	161
41.8185	161
41.829	161
41.8383	160
41.8476	160
41.8534	159
41.8616	158
41.8686	157
41.8767	156
41.8848	156
41.8941	156
41.9011	155
41.9081	154
41.9151	154
41.9221	153
41.9314	153
41.9407	152
41.9511	152
41.9604	152
41.9698	152
41.9802	152
41.9895	152
42	152
42.0093	152
42.0174	152
42.0268	152
42.0361	153
42.0442	153
42.0523	153
42.0616	154
42.0698	154
42.0779	154
42.0872	155
42.0954	155
42.1035	155
42.1117	156
42.121	156
42.1291	156
42.1407	157
42.1501	157
42.1605	158
42.1698	158
42.178	158
42.1873	158
42.1954	158
42.2047	158
42.2129	159
42.2222	159
42.2303	159
42.2396	159
42.2489	160
42.2571	160
42.2652	160
42.2722	161
42.278	161
42.285	161
42.2943	162
42.3059	162
42.3129	162
42.3315	162
42.3431	162
42.3536	162
42.3641	162
42.3711	161
42.3815	161
42.3897	160
42.3966	159
42.4025	158
42.4094	157
42.4164	156
42.4257	155
42.4315	154
42.4409	153
42.4478	152
42.4571	152
42.4653	151
42.4734	151
42.4816	151
42.4909	150
42.5013	150
42.5118	149
42.5199	149
42.5304	149
42.5386	149
42.5479	149
42.556	149
42.5653	149
42.5735	149
42.5828	150
42.5909	150
42.6002	150
42.6084	151
42.6165	151
42.6258	151
42.6351	152
42.6432	152
42.6514	153
42.6677	153
42.6758	153
42.6851	153
42.6921	153
42.7014	153
42.7119	154
42.7212	154
42.7293	154
42.7386	154
42.7468	154
42.7561	154
42.7642	155
42.7724	155
42.7817	155
42.791	155
42.8003	155
42.8084	155
42.8166	155
42.8259	156
42.8352	156
42.8433	156
42.8503	156
42.8573	156
42.8677	156
42.8852	156
42.898	156
42.9096	156
42.9189	156
42.9282	156
42.9364	155
42.9434	154
42.9515	153
42.9585	152
42.9666	151
42.9748	150
42.9829	150
42.9922	149
42.998	148
43.0085	148
43.0178	147
43.0259	147
43.0329	146
43.0422	146
43.0539	146
43.0632	146
43.0736	146
43.0818	145
43.0899	145
43.0992	145
43.1085	145
43.1167	145
43.1271	146
43.1364	146
43.1446	146
43.1527	146
43.162	147
43.1713	147
43.1818	147
43.1911	148
43.1981	148
43.2074	149
43.2167	149
43.2272	150
43.2353	150
43.2446	150
43.2539	151
43.2632	151
43.2725	152
43.2818	152
43.2923	152
43.3005	153
43.3086	153
43.3179	153
43.3272	153
43.3377	154
43.3458	154
43.3563	154
43.3644	154
43.3714	154
43.3796	155
43.3877	155
43.3958	155
43.404	156
43.4133	156
43.4238	157
43.4424	157
43.454	157
43.4645	158
43.4714	157
43.4819	157
43.4889	156
43.497	155
43.504	154
43.5122	153
43.5203	152
43.5284	151
43.5366	151
43.5447	150
43.554	149
43.5622	149
43.5726	148
43.5808	148
43.5901	148
43.6006	148
43.611	148
43.6203	147
43.6285	147
43.6378	147
43.6471	147
43.6552	147
43.6657	147
43.675	148
43.6843	148
43.6925	148
43.7006	148
43.7111	149
43.7204	149
43.7297	149
43.739	150
43.7471	150
43.7576	151
43.7657	151
43.7739	151
43.7832	152
43.7937	152
43.803	152
43.8111	153
43.8216	153
43.8309	153
43.8402	154
43.8483	154
43.8565	154
43.8669	154
43.8762	154
43.8855	154
43.8949	154
43.903	154
43.9123	154
43.9204	155
43.9274	155
43.9367	155
43.9449	156
43.953	156
43.9635	157
43.9728	157
43.9856	158
44.0007	158
44.0112	158
44.0205	158
44.0298	158
44.0391	157
44.0461	156
44.0542	155
44.0624	154
44.0705	152
44.0775	151
44.0868	150
44.0961	150
44.1042	149
44.1124	148
44.1228	148
44.1321	148
44.1414	148
44.1496	147
44.1589	147
44.1694	147
44.1787	148
44.1891	148
44.1973	148
44.2054	148
44.2147	148
44.224	148
44.2333	149
44.2426	149
44.252	149
44.2613	150
44.2694	150
44.2787	150
44.288	151
44.2973	151
44.3055	152
44.3148	152
44.3252	152
44.3345	153
44.345	153
44.3532	153
44.3613	153
44.3706	154
44.3799	154
44.3892	154
44.3985	154
44.4078	154
44.4171	154
44.4241	154
44.4346	155
44.4439	155
44.4532	155
44.4613	155
44.4695	155
44.4776	155
44.4846	155
44.4927	155
44.5044	156
44.5137	156
44.523	157
44.5334	157
44.5521	158
44.5625	158
44.5695	158
44.5765	157
44.5858	156
44.5951	155
44.6021	154
44.6102	153
44.6172	151
44.6277	150
44.6346	149
44.644	148
44.6533	147
44.6614	147
44.6719	146
44.6812	146
44.6893	146
44.6975	146
44.7079	146
44.7172	146
44.7265	146
44.7347	146
44.744	146
44.7545	146
44.7614	146
44.7707	146
44.78	146
44.7894	147
44.7987	147
44.8115	147
44.8219	148
44.8312	148
44.8394	148
44.8487	148
44.8591	149
44.8684	149
44.8789	149
44.8871	149
44.8964	150
44.9068	150
44.915	150
44.9243	150
44.9336	150
44.9417	150
44.9522	151
44.965	151
44.9755	151
44.9836	151
44.9929	151
45.0034	152
45.0127	152
45.022	152
45.029	152
45.0371	152
45.0441	153
45.0522	153
45.0627	153
45.0732	154
45.0848	155
45.1034	155
45.1162	156
45.1255	157
45.1313	156
45.1395	155
45.1488	154
45.1558	153
45.1627	152
45.1697	150
45.1779	149
45.186	148
45.1965	147
45.2058	146
45.2151	145
45.2232	145
45.2337	144
45.2453	144
45.257	143
45.2663	143
45.2767	143
45.2849	143
45.2942	142
45.3035	142
45.314	143
45.3221	143
45.3302	143
45.3407	143
45.35	143
45.3593	143
45.3675	143
45.3779	144
45.3872	144
45.3965	144
45.4047	144
45.4152	145
45.4233	145
45.4326	145
45.4407	145
45.45	145
45.4594	146
45.4698	146
45.4791	147
45.4873	147
45.4966	147
45.507	147
45.514	148
45.5233	148
45.5326	148
45.5419	148
45.5512	148
45.5594	149
45.5687	149
45.5757	149
45.585	149
45.5908	149
45.5978	149
45.6048	150
45.6141	150
45.6245	151
45.635	151
45.6548	152
45.6664	153
45.6757	153
45.6839	153
45.692	152
45.7013	151
45.7094	150
45.7164	149
45.7234	148
45.7315	147
45.7397	145
45.7478	144
45.7571	144
45.7664	143
45.7734	142
45.7827	142
45.7932	141
45.8013	141
45.8106	141
45.8199	141
45.8293	141
45.8374	140
45.8467	140
45.856	141
45.8653	141
45.8746	141
45.8839	141
45.8921	141
45.9014	142
45.9107	142
45.92	142
45.9293	142
45.9386	143
45.9479	143
45.9572	144
45.9653	144
45.9747	144
45.984	145
45.9921	145
46.0026	146
46.0119	146
46.0212	146
46.0305	147
46.0386	147
46.0468	148
46.0572	148
46.0665	148
46.0759	149
46.0852	150
46.0933	150
46.1014	150
46.1107	151
46.1201	151
46.1294	151
46.1363	152
46.1433	152
46.1515	153
46.1596	153
46.1677	153
46.1782	154
46.1875	154
46.198	155
46.2166	155
46.2271	156
46.2364	156
46.2457	155
46.2561	155
46.2631	154
46.2701	153
46.2782	152
46.2852	151
46.2945	150
46.3027	149
46.3108	148
46.3201	147
46.3283	146
46.3376	146
46.3469	146
46.3562	145
46.3643	145
46.3725	145
46.3829	145
46.3899	144
46.4004	144
46.4097	144
46.419	144
46.4283	144
46.4376	145
46.4469	145
46.4574	145
46.4655	146
46.4748	146
46.4841	147
46.4934	147
46.5027	147
46.5109	148
46.5202	148
46.5295	148
46.5376	149
46.5469	149
46.5563	149
46.5644	150
46.5749	150
46.5842	151
46.5935	151
46.6005	151
46.6121	152
46.6202	152
46.6295	152
46.6388	152
46.6481	153
46.6575	153
46.6668	153
46.6761	153
46.6854	154
46.6935	154
46.6993	154
46.7086	154
46.7168	154
46.7249	155
46.7354	156
46.7459	156
46.7552	157
46.7621	157
46.7831	158
46.7912	158
46.8005	158
46.811	158
46.8215	157
46.8284	156
46.9215	149
46.925	142
46.9871	133
46.9957	124
47.0526	117
47.0613	110
47.1182	105
47.1269	100
47.1356	95
47.1443	92
47.1531	88
47.1618	85
47.1705	83
47.1798	81
47.1891	79
47.1972	77
47.2065	76
47.2158	75
47.2251	74
47.2344	73
47.2437	73
47.2531	72
47.2624	72
47.2705	72
47.2798	71
47.2891	71
47.2984	71
47.3077	71
47.317	71
47.3263	72
47.3345	72
47.3438	72
47.3496	72
47.3589	72
47.3659	73
47.374	73
47.3822	74
47.3903	74
47.3996	75
47.4089	76
47.4171	77
47.4299	78
47.4438	80
47.4589	81
47.4706	83
47.481	84
47.4915	85
47.4973	86
47.5055	86
47.5124	86
47.5194	86
47.5276	86
47.5345	86
47.5427	85
47.5508	85
47.5601	85
47.5683	85
47.5776	85
47.5869	85
47.5962	85
47.6055	86
47.6136	86
47.6229	86
47.6311	87
47.6404	87
47.6497	87
47.659	88
47.6683	89
47.6776	89
47.6858	90
47.6951	91
47.7032	91
47.7125	92
47.7207	92
47.73	93
47.7393	94
47.7486	95
47.7579	96
47.7649	96
47.7742	97
47.7835	98
47.7928	99
47.8009	99
47.8102	100
47.8195	101
47.8277	102
47.8358	102
47.844	103
47.8533	103
47.8626	104
47.8719	105
47.88	106
47.8893	107
47.8975	107
47.9068	108
47.9161	109
47.9242	110
47.9335	111
47.9428	112
47.9498	112
47.958	113
47.9649	114
47.9731	115
47.9812	116
47.9882	117
47.9963	118
48.0033	119
48.0126	120
48.0219	122
48.0312	123
48.0429	125
48.0545	127
48.0661	128
48.0789	130
48.0906	131
48.101	133
48.1103	134
48.1161	134
48.1243	135
48.1313	135
48.1394	135
48.1464	136
48.1557	136
48.1627	136
48.172	136
48.1813	137
48.1894	137
48.1976	137
48.2069	138
48.2162	138
48.2255	139
48.2325	139
48.2418	140
48.2499	140
48.2592	141
48.2685	141
48.2767	142
48.286	143
48.2953	143
48.3034	144
48.3116	144
48.3209	145
48.3302	146
48.3383	147
48.3476	147
48.3558	148
48.3651	149
48.3744	150
48.3825	150
48.3907	151
48.4	152
48.4081	152
48.4174	153
48.4267	154
48.4349	154
48.4442	155
48.4535	155
48.4616	155
48.4698	156
48.4791	156
48.4884	156
48.4965	156
48.5058	156
48.514	157
48.5233	157
48.5326	157
48.5396	157
48.5465	157
48.5547	157
48.5617	157
48.5698	158
48.5791	158
48.5884	159
48.5977	159
48.6082	160
48.6245	160
48.6349	160
48.6442	160
48.6559	160
48.6628	160
48.671	159
48.6791	159
48.685	157
48.6943	157
48.7012	156
48.7082	155
48.7175	155
48.7233	154
48.7326	153
48.7396	153
48.7489	152
48.7582	152
48.7675	152
48.7768	152
48.785	152
48.7943	152
48.8059	151
48.8152	151
48.8234	151
48.8327	151
48.8408	151
48.8501	152
48.8583	152
48.8676	152
48.8757	152
48.885	153
48.892	153
48.9001	153
48.9094	154
48.9176	154
48.9246	154
48.9315	154
48.9397	154
48.9502	155
48.9606	155
48.9699	154
48.9792	155
48.9874	155
