1.00794	6053.15
2.00829	5812.8
3.0098	6590.21
4.01016	6966.4
5.01283	7086.63
6.01435	7227.97
7.0147	7795.2
8.01506	8332.8
9.01773	8629.14
10.0181	8736
11.0184	8478.4
12.0211	8316.17
13.0215	7828.8
14.0218	7280
15.0222	6899.2
16.0248	6348.9
17.0275	5298.2
18.029	4274.12
19.0294	3640
20.0367	2602.58
21.0475	1652.28
22.0514	1384.65
23.0762	1115.62
24.1056	696.598
25.1118	556.66
26.1366	535.937
27.1485	454.203
28.1516	3707.28
29.1566	4669.45
30.157	3382.4
31.162	3488.16
32.1624	4502.4
33.1627	7212.8
34.1642	8593.01
35.1646	8859.2
36.1661	8906.29
37.1676	8671.33
38.168	8892.8
39.1683	8646.4
40.171	8271.46
41.1725	7653.15
42.1729	7313.6
43.1732	6428.8
44.1747	6097.9
45.1762	5997.2
46.1789	5365.27
47.1804	4430.77
48.1854	3711.04
49.1928	2858.39
50.199	2315.71
51.2028	1674.97
52.2089	1068.79
53.2105	4128.67
54.2143	3617.95
55.2147	3360
56.2185	3483.95
57.2188	4872
58.2192	7324.8
59.2196	8870.4
60.2199	8724.8
61.2214	8693.71
62.2241	8908.58
63.2256	8906.29
64.2271	8772.03
65.2286	8548.25
66.2313	8226.75
67.2317	7560
68.232	6854.4
69.2335	6310.49
70.2339	6406.4
71.2366	7466.67
72.2381	6310.49
73.2396	5874.12
74.2411	5325.87
75.245	4689.93
76.2465	4307.69
77.248	3323.08
78.2483	3035.2
79.2522	2467.8
80.2653	1569.99
81.2684	3841.28
82.2699	4934.27
83.2738	4187.44
84.2765	4225.15
85.2768	4748.8
86.2783	6903.5
87.2798	8413.99
88.2802	8758.4
89.2806	8803.2
90.2809	8657.6
91.2824	8906.29
92.2839	8648.95
93.2843	8310.4
94.2858	7910.49
95.2885	7544.91
96.2912	7120.16
97.2938	6617.17
98.2942	5644.8
99.2969	5063.47
100.297	5040
101.298	4838.4
102.301	4165.1
103.305	3327.62
104.315	2419.82
105.323	1477.78
106.339	1037.24
107.388	693.994
108.39	1588.81
109.394	2800
110.399	2351.44
111.401	3468.53
112.402	6500.7
113.404	8503.5
114.404	8803.2
115.405	8892.8
116.406	8671.33
117.406	8792
118.408	8816.78
119.409	8727.27
120.411	8492.31
121.411	7996.8
122.413	7910.49
123.416	7209.58
124.416	6798.4
125.419	6259.48
126.421	5588.82
127.426	4970.35
128.431	4580.3
129.439	3447.86
130.442	2657.63
131.449	1859.24
132.45	1085.31
133.495	675.862
134.549	574.358
135.556	500.496
136.557	1935.66
137.564	4330.81
138.566	3107.39
139.568	3166.43
140.571	4437.52
141.572	7026.57
142.574	8648.95
143.575	8816.78
144.577	8917.48
145.577	8680
146.578	8839.16
147.579	8691.2
148.58	8458.74
149.582	8190.21
150.585	7533.73
151.586	7149.65
152.589	6460.68
153.591	5991.22
154.595	5337.59
155.599	4075.77
156.602	3710.98
157.607	3220.7
158.614	2480.24
159.632	1662.93
160.639	1034.36
161.657	803.933
162.66	581.237
163.697	507.618
164.72	427.397
165.727	1379.15
166.733	1682.79
167.735	2517.48
168.735	5006.4
169.735	7784
170.736	8848
171.738	8696.21
172.74	8917.48
173.74	8680
174.742	8805.59
175.742	8803.2
176.742	8736
177.744	8481.12
178.744	7907.2
179.747	7377.25
180.75	6796.01
181.752	6080.64
182.753	5129.6
183.755	4236.33
184.761	3673.96
185.763	2864.33
186.773	2075.72
187.782	1665.01
188.79	900.893
189.802	642.532
190.808	545.526
191.821	519.644
192.843	515.068
193.907	358.231
194.923	374.803
195.931	2758.29
196.931	3841.6
197.931	6787.2
198.932	8556.8
199.933	8850.35
