1.01303	5667.06
2.01339	5902.4
3.01374	6585.6
4.01409	6955.2
5.01444	7089.6
6.01479	7190.4
7.01515	7683.2
8.02713	8364
9.02748	8500.8
10.0278	8646.4
11.0282	8624
12.0285	8265.6
13.0301	7809.79
14.0304	7347.2
15.0319	6993.01
16.0334	6276.92
17.0338	5353.6
18.0341	4323.2
19.0345	3640
20.0348	2587.2
21.0433	1633.33
22.0483	1404.18
23.072	1083.87
24.1026	685.048
25.1076	523.781
26.2603	466.666
27.2676	400.397
28.2684	4278.4
29.2722	4477.77
30.2726	3393.6
31.2753	3487.43
32.2756	4704
33.276	7313.6
34.2763	8433.6
35.2779	8816.78
36.2782	8825.6
37.2786	8792
38.2789	8836.8
39.2793	8601.6
40.2796	8243.2
41.28	7705.6
42.3455	7024.98
43.347	6489.51
44.3485	6086.71
45.3488	5947.2
46.3492	5320
47.353	4310.27
48.3534	3572.8
49.3537	2699.2
50.3552	2282.52
51.3696	1546.35
52.3781	966.666
53.3784	4704
54.3834	3465.87
55.3838	3360
56.3876	3562.11
57.388	5163.2
58.3883	7515.2
59.3898	8682.52
60.3913	8749.65
61.3917	8836.8
62.392	8825.6
63.3924	8881.6
64.3927	8736
65.3931	8512
66.3935	8075.2
67.3938	7548.8
68.3942	6776
69.3945	6216
70.3949	6977.6
71.3952	6910.4
72.3956	6361.6
73.3971	5773.43
74.3974	5230.4
75.4013	4678.76
76.4016	4110.4
77.4066	3343.28
78.4128	2950.3
79.4236	2339.8
80.4251	1331.47
81.4271	4643.36
82.4274	4681.6
83.4289	4206.99
84.4328	4220.94
85.4355	4951.7
86.4358	7134.4
87.4362	8310.4
88.4365	8668.8
89.4369	8702.4
90.4372	8792
91.4376	8825.6
92.4379	8601.6
93.4383	8265.6
94.4398	7820.98
95.4401	7616
96.4417	7082.52
97.4432	6433.57
98.4435	5600
99.4462	4985.23
100.449	5074.65
101.45	4855.94
102.454	4042.27
103.456	3233.57
104.505	2124.69
105.505	1545.6
106.534	936.964
107.568	595.744
108.569	2137.06
109.574	2585.47
110.574	2363.2
111.577	3867.47
112.577	6876.8
113.578	8388.8
114.578	8747.2
115.578	8814.4
116.579	8769.6
117.579	8747.2
118.579	8836.8
119.58	8668.8
120.58	8433.6
121.58	8064
122.581	7705.6
123.581	7212.8
124.583	6668.53
125.583	6283.2
126.583	5488
127.584	4894.4
128.585	4509.09
129.588	3319.76
130.662	2358.99
131.667	1738.51
132.698	1010.28
133.702	681.156
134.814	433.093
135.862	491.603
136.863	3416
137.865	3666.27
138.867	3088.11
139.867	3292.8
140.869	5090.91
141.869	7526.4
142.869	8579.2
143.87	8803.2
144.87	8825.6
145.871	8814.4
146.871	8814.4
147.871	8601.6
148.872	8366.4
149.928	8039.39
150.928	7436.8
151.928	7000
152.929	6249.6
153.93	5862.94
154.933	4996.41
155.936	3845.11
156.936	3606.4
157.936	2956.8
158.952	2184.83
159.97	1497.74
160.994	896.875
162.013	671.119
163.018	523.781
164.153	464.197
165.208	414.028
166.208	2195.2
167.212	1708.47
168.212	3438.4
169.212	6361.6
170.213	8198.4
171.213	8702.4
172.213	8769.6
173.214	8836.8
174.214	8803.2
175.214	8758.4
176.215	8825.6
177.215	8612.8
178.236	8282.08
179.237	7728
180.237	7100.8
181.237	6428.8
182.238	5745.6
183.238	4692.8
184.242	4042.27
185.246	3349.95
186.248	2503.79
187.279	1674.56
188.306	1363.19
189.337	695.922
190.384	503.25
191.42	594.594
192.446	502.634
193.471	382.812
194.506	367.922
195.509	1687.82
196.51	3043.36
197.511	5465.6
198.511	7862.4
199.537	8282.54
