1.0608	2430.4
2.06116	3572.8
3.06965	3822.22
4.08396	3346.75
5.08548	3009.79
6.10444	2904.52
7.10828	2992.62
8.10863	3024
9.11015	3088.11
10.114	3204.78
11.1155	2808.39
12.1356	2789.02
13.1639	2756.42
14.1724	2622.22
15.1739	2416.78
16.222	2393.89
17.2281	2605.17
18.2355	2313.41
19.2439	2577.78
20.2524	2122.22
21.2702	2037.36
22.2939	1981.62
23.3175	2102.05
24.3388	2106.17
25.3624	2025.42
26.3627	2576
27.384	2347.5
28.41	2163.51
29.4452	1893.72
30.4839	1812.72
31.5052	2040.35
32.523	1938.25
33.5606	1900.87
34.5807	1756.86
35.6195	1715.61
36.6361	1080.31
37.6481	764.391
38.6833	844.057
39.743	846.081
40.8236	829.629
41.9194	930.776
42.9407	1513.81
43.9689	2102.72
45.0379	2244.19
46.1325	2180.62
47.2154	1811.46
48.3077	1876.92
49.3638	2036.36
50.4386	2002.23
51.4402	2495.1
52.4847	2435.25
53.5362	2482.97
54.554	2400.79
55.6044	2368
56.6885	2314.39
57.7738	2312.26
58.8079	2155.51
59.835	2377.41
60.9121	2485.42
61.9915	2491.2
63.064	2246.27
64.1144	2016
65.1717	1811.92
66.2791	1942.55
67.3411	2024.86
68.4333	2010.26
69.4907	2246.36
70.4992	2366.67
71.5798	2592.59
72.6453	2692.21
73.7434	2621.49
74.7658	2619.18
75.7883	2597.26
76.8898	2441.42
77.9623	2559.7
79.022	2432.48
80.0467	2067.19
81.125	2077.92
82.2231	2121.68
83.2246	2293.71
84.2924	1731.96
85.323	2207.38
86.4036	2157.04
87.4051	2260.14
88.4753	2103.93
89.5373	2035.4
90.5714	2491.29
91.6473	2500.47
92.6477	2598.4
93.7213	2035.41
94.7601	2050.1
95.772	1927.6
96.7805	2133.33
97.8635	1987.43
98.865	2125.87
99.8851	2294.9
100.933	2629.01
101.989	2768.18
103.087	2774.5
104.188	2769.45
105.216	2571.21
106.263	2644.74
107.323	2506.51
108.393	2585.42
109.393	3024
110.448	2802.65
111.468	3162.35
112.522	3222.79
113.538	3354.48
114.562	3434.38
115.642	3498.05
116.724	3481.22
117.769	3193.88
118.808	3096.72
119.81	3244.75
120.825	3200
121.827	3121.68
122.827	3001.6
123.848	2994.71
124.85	3200
125.854	2847.46
126.94	2856.72
127.989	2519.73
129.081	2738.46
130.128	2912.43
131.147	3003.54
132.177	3167.35
133.249	2737.31
134.25	3236.8
135.25	2699.2
136.293	2147.65
137.295	2215.38
138.37	2002.23
139.462	1969.23
140.56	1958.47
141.561	2271.33
142.562	2430.4
143.598	2497.3
144.69	2697.44
145.692	2886.71
146.769	2620.61
147.794	3106.25
148.842	3612.21
149.868	4392.58
150.868	4636.8
151.914	4533.59
152.915	4934.27
153.916	5084.8
154.916	5118.4
155.92	4098.1
156.988	4534.58
157.988	5174.4
158.988	5219.2
159.989	5376
161.042	4705.7
162.042	5611.2
163.042	5723.2
164.089	5321.61
165.152	4962.56
166.208	4942.42
167.21	5012.59
168.26	4821.33
169.32	5150.52
170.353	4981.4
171.417	5200
172.472	4766.63
173.473	4569.6
174.531	4509.64
175.532	4424
176.533	3647.55
177.557	3558.16
178.594	3423.72
179.675	3318.52
180.757	3315.45
181.802	2968.8
182.882	2667.66
183.907	2537.5
185.005	2448.09
186.103	2448.09
187.133	2751.07
188.182	3085.6
189.235	2874.52
190.237	3558.04
191.254	3259.78
192.339	3471.59
193.43	3490.38
194.446	2954.33
195.448	2931.47
196.459	2860.99
197.553	2784.64
198.555	2931.47
199.606	2546.91
200.636	2209.52
201.638	2079.04
202.732	2121.13
203.833	2115.89
204.859	2316.49
205.889	2710.2
206.895	3696.22
207.935	3438.69
208.994	3098.77
210.061	3099.44
211.113	2770.69
212.165	2384.79
213.256	2248.21
214.288	2433.36
215.289	2374.4
216.333	1630.65
217.413	2242.07
218.492	2325.11
219.53	2419.29
220.623	2408.05
221.708	2652.9
222.771	2612.98
223.823	2344.43
224.89	2353.47
225.997	2266.3
227.058	2398.49
228.095	2754.1
229.112	2811.02
230.147	3040.77
231.242	3214.62
232.293	3410.08
233.299	3573.76
234.364	3536.84
235.364	3606.4
236.415	3477.33
237.465	4032
238.466	4386.01
239.511	4033.72
240.513	4352.45
241.513	3729.6
242.552	3884.39
243.616	3694.74
244.688	3614.93
245.689	3763.2
246.75	3423.4
247.793	3983.89
248.793	4222.4
249.858	4400
250.859	4699.3
251.901	4127.45
252.902	4547.2
253.902	3998.4
254.916	3921.1
255.971	4533.08
257.023	4774.12
258.023	4659.2
259.05	4645.76
260.051	4065.6
261.13	4369.97
262.176	3472.53
263.177	4016.78
264.207	3406.8
265.208	3334.26
266.255	3158.7
267.303	3024.43
268.304	3248
269.33	3059.51
270.388	3239.32
271.425	3178.38
272.45	3234.34
273.452	3524.48
274.512	3024.74
275.593	3346.53
276.608	3236.29
277.659	3218.27
278.719	2686.31
279.797	2805.19
280.867	2543.55
281.868	2352
282.944	2292.09
284.015	2175.16
285.094	2159.04
286.191	2237.96
287.262	2805.23
288.262	2912
289.322	2866.1
290.35	3453.7
291.404	3403.61
292.441	3466.92
293.507	3607.14
294.541	4516.83
295.582	4239
296.632	4650.67
297.633	4905.6
298.702	4761.05
299.703	5258.74
300.703	4928
301.705	5437.76
302.706	4990.21
303.763	5112.12
304.819	4910.61
305.881	4724.67
306.943	4893.41
307.944	5124.48
308.983	4488.63
309.985	4386.01
311.026	4034.58
312.055	3787.75
313.055	4144
314.087	3736.95
315.166	3989.61
316.226	3613.58
317.28	3829.06
318.334	4094.97
319.386	4092.1
320.387	4307.69
321.389	4151.05
322.399	4191.68
323.454	3949.19
324.455	3841.6
325.485	3620.97
326.486	3707.2
327.487	2998.6
328.566	2711.69
329.622	2375.76
330.72	2295.08
331.721	2081.12
332.807	2157.42
333.843	1783.78
334.892	2188.75
335.904	2304.25
336.977	2173.13
338.051	2002.23
339.123	2028.76
340.221	2284.88
341.222	2595.8
342.297	2262.94
343.384	2629.83
344.442	2519.47
345.497	2600.95
346.575	2483.12
347.627	2387.06
348.71	2318.67
349.756	1993.49
350.784	1884.82
351.84	1675.76
352.876	1372.97
353.947	1329.34
355.032	1125.16
356.099	1040.15
357.179	964.444
358.22	624.015
359.221	548.8
360.277	763.636
361.36	745.286
362.388	773.54
363.465	1237.51
364.525	1470.07
365.525	1299.2
366.613	1329.16
367.647	1083.17
368.736	1317.65
369.832	1308.03
370.833	1444.8
371.833	1937.6
372.865	2150.92
373.905	2145.14
374.933	2026.46
375.973	2123.58
377.024	2216.55
378.09	2187.42
379.192	1942.96
380.262	2093.46
381.361	2119.75
382.361	2284.8
383.37	2177.78
384.37	2161.6
385.434	2315.79
386.51	2500.47
387.511	2665.6
388.565	2339.98
389.625	2113.21
390.66	2058.03
391.732	2016.42
392.734	2125.87
393.827	1772.73
394.852	2253.12
395.923	2384.31
397	2475.02
398.09	2468.32
399.171	2146.67
400.229	1990.17
