1.07127	2780.61
2.07279	2159.44
3.07314	2016
4.10141	1961.09
5.13666	1590.72
6.17888	1795.01
7.19319	1811.44
8.22845	1623.19
9.24275	1192.9
10.2501	1089.97
11.2644	949.901
12.2671	950.099
13.3058	863.198
14.3201	839.447
15.3437	777.321
16.3546	931.485
17.3817	959.688
18.4402	1100.94
19.4615	1075.02
20.4618	1220.8
21.518	1134.85
22.5812	1148.45
23.6304	1259.87
24.6807	1205.33
25.7009	1328.63
26.7419	1398.66
27.7423	1624
28.7589	1675.59
29.7604	1823.78
30.7701	1798.22
31.8228	1820.53
32.8755	2076.04
33.9189	2104.7
34.939	2130.2
35.9719	2203.1
37.0048	2235.66
38.0192	2076.53
39.0195	2161.6
40.0268	1890.76
41.0272	2038.4
42.0764	1836.42
43.0861	1332.01
44.1201	1364.8
45.1275	1267.92
46.1616	1094
47.1642	1374.85
48.1995	1211.98
49.258	825.708
50.3258	850.234
51.3262	896
52.3847	878.638
53.435	757.333
54.4598	1039.06
55.5021	1031.86
56.5908	998.529
57.6691	1340.26
58.7183	1761.68
59.7361	1938.25
60.8121	2000.37
61.8915	1992.96
62.971	1858.02
64.0074	1600
65.0636	1442.42
66.1663	1189.11
67.2341	860.731
68.3298	951.232
69.4023	1002.98
70.4026	1142.4
71.4891	1227.26
72.5522	1770.08
73.6445	1917.95
74.6821	2376.08
75.6894	2491.36
76.7863	2299.27
77.8669	2520
78.9196	2501.9
79.9455	2152.58
81.0168	2154.25
82.1149	2121.68
83.1153	2318.4
84.1877	1755.22
85.2276	2242.16
86.2954	2351.26
87.297	2416.78
88.3729	2167.07
89.4279	2176.3
90.469	2517.58
91.5438	2659.22
92.5442	2755.2
93.6143	2470.28
94.6705	2800
95.672	2853.15
96.6793	2335.65
97.7518	2455.22
98.7533	2573.43
99.7828	1850.34
100.845	1940.49
101.89	1832.73
102.991	1792
104.089	1805.46
105.124	2185.89
106.172	2479.39
107.226	2254.89
108.292	2103.29
109.293	2125.87
110.355	1624.1
111.391	1956.76
112.427	2012.75
113.461	1841.39
114.477	1874.02
115.557	1826.88
116.636	1837.26
117.689	2076.04
118.728	2675.92
119.743	2449.66
120.745	2495.1
121.746	2562.24
122.747	2464
123.757	2428.51
124.858	2494.54
125.894	2616.22
126.97	2771.35
128.026	2884.85
129.12	2787.19
130.168	2404.58
131.188	2229.02
132.223	2164.25
133.289	2187.42
134.289	2184
135.396	1740.2
136.455	2191.3
137.524	2023.97
138.532	2155.55
139.627	2139.67
140.725	2121.68
141.823	1887.07
142.896	1671.64
143.901	1693.93
145.009	1617.33
146.127	1604.3
147.229	1780.2
148.237	1700
149.284	1488.34
150.285	1924.47
151.3	1568.44
152.398	1632.06
153.5	1778.58
154.55	1932.51
155.599	2188.75
156.641	2418.43
157.749	2053.84
158.794	1661.24
159.853	1640.83
160.853	1769.6
161.943	1100.46
162.984	946.781
164.029	1190.8
165.091	1328.81
166.142	1204.19
167.246	1472.35
168.329	1666.54
169.392	1559.36
170.408	1456.55
171.486	1548.05
172.527	1710.66
173.527	1792
174.594	1691.56
175.689	1955.39
176.72	2748.4
177.723	2962.07
178.777	3116.43
179.856	3155.51
180.939	3146.76
181.977	2646.09
183.033	2545.45
184.078	2381.61
185.177	2282.8
186.275	2295.08
187.293	2202.56
188.342	1985.89
189.419	1778.27
190.519	1394.91
191.576	1378.79
192.653	1497.49
193.72	1511.53
194.767	1616.83
195.848	1628.15
196.905	1780.13
198.006	1792
199.093	1813.43
200.148	2027.68
201.149	1960
202.212	2191.53
203.31	2295.08
204.311	2461.54
205.401	1789.53
206.41	1811.11
207.457	1820.27
208.527	1842.24
209.563	1913.51
210.665	1973.48
211.694	2688.44
212.739	2521.07
213.797	3048.77
214.871	3173.16
215.952	3152.59
216.952	3169.6
217.994	2461.42
219.041	3255.07
220.115	3340.17
221.212	3270.07
222.258	3501.34
223.26	3490.91
224.261	3669.93
225.336	3639.48
226.337	3852.8
227.373	3740.54
228.412	3107.51
229.413	2864.33
230.461	2757.25
231.463	2998.6
232.477	2087.57
233.477	2161.6
234.556	2098.7
235.642	1928.55
236.731	1914.7
237.802	1746.41
238.899	1716.79
239.973	1670.08
241.067	1566.36
242.071	1462.81
243.163	1846.15
244.191	1744.89
245.287	1645.26
246.402	1709.16
247.482	1607.41
248.53	1485.5
249.531	1478.4
250.592	1627.17
251.691	1630.57
252.792	1637.78
253.815	1950.68
254.854	2416.96
255.896	2224.95
256.953	2108.61
258.059	1994.94
259.118	1810.21
260.118	2419.2
261.193	2064.8
262.226	2257.36
263.321	2334.19
264.36	2770.36
265.393	2734.88
266.419	3256.2
267.486	3194
268.579	2602.74
269.627	2201.53
270.717	2067.22
271.719	2304.9
272.773	2191.07
273.872	2282.8
274.979	2266.3
276.055	2490.05
277.057	2595.8
278.099	2450.67
279.159	2876.68
280.252	2787.19
281.295	2963.76
282.342	2923.14
283.369	3075.36
284.45	3162.96
285.533	3146.76
286.533	3304
287.567	3173.69
288.568	3292.8
289.645	3327.76
290.649	3148.95
291.726	3431.75
292.737	3204.75
293.801	3000
294.83	2579.59
295.894	2412.79
296.975	2320.81
297.976	2464
299.041	2124.32
300.092	2229.33
301.183	2422.73
302.199	2833.07
303.278	2659.74
304.294	2425.2
305.295	2822.4
306.367	2361.19
307.398	2207.38
308.398	2721.6
309.426	2255.25
310.435	2377.78
311.45	2791.72
312.513	2697.27
313.514	2800
314.53	2072.44
315.562	2270.42
316.564	2316.08
317.606	2052.98
318.648	2235.7
319.709	2229.43
320.812	2368.06
321.863	2173.93
322.864	3046.4
323.865	2953.85
324.875	2908.23
325.941	2899.81
326.979	2818.9
327.984	2529.75
329.008	2430.5
330.054	2569.79
331.114	2538.24
332.149	2640.39
333.244	2887.02
334.27	2698.93
335.287	2447.24
336.352	2460.84
337.419	2521.57
338.466	2087.95
339.555	2334.62
340.608	2555.13
341.646	2592.09
342.646	2732.8
343.653	2513.6
344.742	2727.94
345.748	2605.17
346.75	2618.18
347.793	2448.32
348.884	2463.79
349.915	2653.2
350.926	2450.69
351.981	2590.33
353.037	2884.85
354.1	2307.43
355.177	2256.64
356.24	2223.14
357.335	2293.24
358.34	2496.32
359.368	2516.73
360.398	2481.63
361.398	2900.8
362.4	2584.61
363.487	2637.72
364.547	2009.44
365.548	1935.66
366.631	1873.57
367.664	2083.72
368.755	1981.3
369.756	2217.6
370.854	1927.87
371.854	2161.6
372.9	1800.57
373.939	2071.68
374.96	2106.17
376.003	2136.91
377.055	2163.27
378.12	2313.61
379.122	3110.49
380.155	2496.12
381.254	2619.11
382.254	2889.6
383.263	2277.78
384.264	3166.43
385.338	2964.4
386.409	3011.76
387.411	3244.75
388.46	2370.26
389.515	2218.77
390.562	1905.93
391.623	1859.62
392.736	1771.07
393.737	1879.72
394.776	1186.9
395.822	1414.74
396.904	1326.18
397.985	1326.18
399.067	1170.77
400.133	1346.1
