1.12033	2231.12
2.12068	2184
3.14313	2005.48
4.14348	1971.2
5.17059	1592.21
6.21747	1756.02
7.22945	1850.05
8.26703	1609.26
9.27319	1168.99
10.2782	1147.86
11.2972	946.168
12.3615	926.315
13.4095	854.961
14.4308	833.692
15.4428	775.469
16.4536	931.485
17.4703	970.078
18.4729	1073.05
19.5059	1096.12
20.5097	1161.32
21.5473	1177.24
22.55	1128.94
23.5992	1259.87
24.6507	1204.19
25.6697	1331.24
26.7107	1334.1
27.7111	1612.8
28.7277	1675.59
29.7281	1803.2
30.7389	1763.17
31.7916	1820.53
32.8443	2044.11
33.8877	2104.7
34.9078	2130.2
35.9407	2170.54
36.9748	2263.83
37.9891	2098.62
38.9895	2128
39.9956	1881.51
40.996	2038.4
42.0964	1883.64
43.1014	1359.6
44.1459	1351.72
45.1765	1206.99
46.1885	1141.05
47.2086	1306.67
48.2276	1298.23
49.228	795.2
50.2958	839.737
51.2961	896
52.3535	858.278
53.405	767.269
54.4286	1018.18
55.4708	1031.86
56.5608	997.612
57.6391	1267.53
58.6883	1751
59.7049	1885.04
60.7809	2000.37
61.8603	1992.96
62.9398	1909.92
63.9773	1620.06
65.0335	1400
66.1362	1229.76
67.204	860.731
68.2986	931.627
69.3711	1002.98
70.3714	1120
71.4579	1175.69
72.5222	1747.37
73.6133	1837.58
74.6509	2354.48
75.6582	2491.36
76.7551	2289.05
77.8369	2476.23
78.8896	2533.84
79.9143	2176.56
80.9868	2141.79
82.0849	2121.68
83.0852	2307.2
84.1577	1776.12
85.1964	2190.37
86.2642	2351.26
87.2646	2408
88.3417	2152.65
89.3967	2197.53
90.439	2482.92
91.5126	2640.82
92.513	2755.2
93.5843	2457.52
94.6404	2863.64
95.6408	2744
96.6493	2388.89
97.7218	2423.88
98.7221	2564.8
99.7515	1893.88
100.814	1972.13
101.859	1822.01
102.96	1792
104.059	1803.82
105.093	2112.19
106.141	2490.08
107.195	2265.53
108.262	2069.79
109.262	2195.2
110.324	1560.83
111.361	2008.87
112.397	1947.83
113.43	1888.37
114.446	1851.97
115.526	1826.88
116.605	1826.88
117.659	2031.53
118.705	2422.2
119.713	2744.44
120.714	2430.4
121.714	2542.4
122.714	2464
123.726	2426.11
124.828	2451.59
125.863	2629.56
126.94	2735
127.996	2884.85
129.09	2787.19
130.137	2462.72
131.157	2250.98
132.192	2120.97
133.259	2195.87
134.37	2129.01
135.37	1803.2
136.425	2133.84
137.494	2065.92
138.501	2102.08
139.597	2137.72
140.695	2121.68
141.792	1931.39
142.866	1680.52
143.869	1663.81
144.978	1617.33
145.978	1780.8
147.057	1537.66
148.07	1724.78
149.12	1568
150.12	1702.4
151.135	1723.08
152.227	1641.03
153.227	1803.2
154.268	1829.01
155.329	1986.42
156.341	2459.35
157.447	2268.35
158.529	1782.05
159.547	1508.75
160.663	1617.22
161.77	1325.38
162.842	971.641
163.857	1192.9
164.934	1310.31
165.978	1212.26
167.079	1333.82
168.163	1653.14
169.229	1639.02
170.272	1483.3
171.324	1469.2
172.379	1656.11
173.38	1915.2
174.429	1601.53
175.535	1802.53
176.552	2678.74
177.57	2841.3
178.611	3034
179.691	3162.96
180.773	3149.68
181.811	2797.3
182.882	2583.01
183.911	2383.67
185.009	2284.88
186.108	2284.88
187.142	2274.66
188.191	2092.66
189.248	1695.36
190.349	1486.55
191.406	1366.89
192.488	1481.59
193.572	1487.82
194.598	1595.32
195.692	1627.79
196.737	1737.93
197.836	1793.63
198.929	1803.48
199.983	1946.44
200.989	1959.44
202.043	2127.25
203.143	2292.99
204.143	2486.4
205.235	1835.9
206.254	1870.33
207.3	1768.42
208.372	1838.81
209.398	1923.12
210.493	1904.2
211.523	2598.83
212.576	2416.73
213.639	2939.6
214.699	3204.53
215.787	3132.29
216.913	3225.6
217.964	2429.69
219.01	3204.59
220.083	3340.17
221.084	3572.8
222.092	3144.44
223.111	3553.63
224.112	3662.4
225.168	3510.61
226.168	3875.2
227.201	3733.33
228.239	3218.51
229.241	2883.83
230.296	2834.5
231.398	2766.94
232.447	2380.93
233.447	2195.2
234.526	2077.92
235.612	1949.17
236.7	1957.68
237.777	1788.67
238.868	1632.26
239.943	1678.96
241.042	1661.15
242.042	1377.6
243.133	1817.05
244.16	1744.89
245.257	1635.04
246.378	1790
247.458	1597.04
248.5	1397.31
249.501	1489.6
250.56	1596.98
251.66	1630.57
252.761	1627.61
253.785	1915.93
254.827	2085.22
255.866	2470.91
256.922	2142.42
258.034	2094.96
259.087	1692.78
260.087	2396.8
261.163	2073.3
262.196	2257.36
263.289	2285.09
264.329	2802.69
265.363	2653.77
266.389	3212.49
267.456	3194
268.549	2694.97
269.596	2216.44
270.691	2149.91
271.691	2217.6
272.741	2144
273.841	2282.8
274.948	2266.3
276.024	2437.95
277.024	2609.6
278.069	2424.52
279.127	2868.81
280.221	2787.19
281.264	2942.28
282.312	2960.3
283.339	3009.93
284.42	3152.59
285.503	3146.76
286.503	3292.8
287.543	2813.47
288.544	3684.8
289.614	3244.86
290.619	3209.55
291.696	3369.36
292.705	3263.43
293.77	3063.16
294.799	2644.9
295.864	2368.42
296.944	2312.59
297.945	2464
299.011	2111.82
300.062	2261.33
301.151	2355.19
302.169	2830.28
303.248	2659.74
304.263	2493.79
305.263	2755.2
306.337	2348.55
307.368	2250.87
308.368	2665.6
309.395	2355.6
310.405	2297.72
311.42	2758.62
312.483	2697.27
313.484	2800
314.5	2116.53
315.532	2313.87
316.532	2251.2
317.576	2051.01
318.618	2235.7
319.678	2210.39
320.786	2425.99
321.833	2077.25
322.834	3001.6
323.834	2945.6
324.844	2908.23
325.91	2878.8
326.949	2880.92
327.954	2563.18
328.978	2386.71
330.023	2561.53
331.083	2538.24
332.118	2618.74
333.213	2805.12
334.239	2731.71
335.257	2521.93
336.322	2418.78
337.389	2521.57
338.436	2130.78
339.524	2275
340.578	2563.34
341.616	2592.09
342.616	2710.4
343.622	2571.77
344.712	2643.16
345.718	2671.97
346.719	2564.8
347.762	2448.32
348.853	2463.79
349.884	2631.46
350.895	2472.87
351.951	2534.85
353.007	2863.64
354.07	2349.58
355.146	2292.09
356.209	2191.53
357.304	2293.24
358.309	2496.32
359.337	2484.05
360.367	2503.4
361.367	2844.8
362.37	2582.03
363.457	2637.72
364.517	2041.17
365.517	1960
366.6	1863.22
367.633	2083.72
368.724	1971.04
369.827	2144.46
370.827	1982.4
371.828	2206.4
372.869	1742.94
373.907	2071.68
374.929	2106.17
375.972	2104.7
377.024	2173.93
378.089	2250.52
379.089	3080
380.123	2502.13
381.223	2608.92
382.352	2817.36
383.372	2316.86
384.373	3225.6
385.439	2931.33
386.515	3000.56
387.516	3203.2
388.571	2388.62
389.627	2206.06
390.656	1915.65
391.73	1837.09
392.73	1960
393.831	1588.36
394.845	1325.44
395.926	1368.89
397.005	1328.64
398.095	1316.44
399.167	1170.15
400.221	1361.44
