1.09222	3299.22
2.23208	1671.64
3.30811	1228.25
4.33289	1739.06
5.3472	1955.03
6.40687	1861.38
7.49097	1870.11
8.59835	2215.72
9.59985	2181.82
10.6595	2358.45
11.6773	2643.07
12.6788	2864.33
13.7234	2488.89
14.7249	3009.79
15.8206	2669.59
16.9013	3152.59
17.9342	3472.87
18.9869	3406.84
19.9884	3636.36
21.0027	3158.97
22.0031	3673.6
23.0453	3235.32
24.0456	3292.8
25.1076	3068.93
26.1824	2596.65
27.2188	2183.78
28.3029	2262.73
29.3522	2391.61
30.3711	2475.44
31.3715	2284.8
32.3718	2374.4
33.4489	2339.83
34.5458	2452.55
35.6462	2464
36.7071	2895.09
37.7132	3607.16
38.7601	3790.44
39.8233	3951.08
40.9027	3985.91
41.9031	4144
42.9046	3513.29
43.9329	3268.48
44.996	2918.53
46.0883	3087.18
47.1724	3140.96
48.2611	3150
49.3103	3608.77
50.391	3339.26
51.3913	3259.2
52.4417	2997.33
53.492	3242.67
54.5098	3347.89
55.5579	3323.66
56.6501	3169.23
57.7249	3243.2
58.7683	3275.17
59.7931	3117.19
60.8691	3000.56
61.9485	2989.43
63.0163	3212
64.0574	3862.44
65.1206	3908.94
66.1209	4356.8
67.141	4447.06
68.1414	4748.8
69.1964	4416.3
70.1968	4132.8
71.2669	4207.85
72.337	3412.34
73.4188	3781.68
74.5029	3512.92
75.5033	3763.2
76.5723	3460.67
77.661	3633.82
78.7102	3224.4
79.7373	3915.09
80.7958	3895.65
81.7962	3987.2
82.8617	3596.62
83.8644	3722.16
84.9136	3480.65
85.9453	3041.71
86.9468	3255.94
88.0275	2903.7
89.0825	3237.91
90.134	2919.89
91.2076	2442.5
92.308	2352
93.3095	2573.43
94.3762	2311.44
95.4626	2887.66
96.4944	2596.31
97.5459	2685.44
98.5463	3046.4
99.5804	2447.97
100.663	2370.43
101.682	2343.42
102.781	2282.8
103.88	2284.88
104.954	2273.37
105.987	2105.43
107.048	1753.96
108.087	2060.89
109.088	2103.5
110.156	1815.93
111.208	2173.93
112.213	2284.58
113.281	2225.3
114.281	2240
115.344	1917.59
116.423	1992.96
117.52	2145.99
118.523	2000.8
119.594	1505.88
120.684	1573.55
121.685	1523.2
122.685	1388.8
123.695	1487.41
124.782	1906.16
125.824	2160.46
126.907	2256.56
127.955	2393.89
129.048	2297.44
130.102	2105.98
131.125	1861.19
132.152	1755.79
133.224	1840.52
134.334	1775.85
135.336	2125.87
136.4	1957.89
137.479	1932.47
138.479	1848
139.575	1800.18
140.673	1795.26
141.77	1808.76
142.849	1598.52
143.849	1612.8
144.949	1406.37
146.065	1455.2
147.17	1236.56
148.173	1151.3
149.211	1026.04
150.319	869.314
151.357	874.831
152.455	816.029
153.555	845.09
154.596	914.505
155.654	1133.77
156.697	1202.68
157.792	1146.62
158.833	1065.13
159.903	1172.34
161.023	1280
162.11	1318.86
163.132	1480.9
164.179	1809.56
165.252	1983.22
166.313	2176.6
167.313	2307.2
168.366	1958.94
169.426	1893.11
170.437	2007.13
171.524	1885.56
172.565	1893.56
173.572	1959.44
174.639	1920.9
175.641	2472.73
176.644	2168.46
177.65	2170.97
178.7	2186.67
179.781	2157.04
180.862	2165.4
181.899	2572.97
182.967	2739.64
184.002	2910.92
185.002	3214.4
186.061	2688.85
187.103	2751.63
188.142	2675.92
189.193	3047.76
190.288	2948.45
191.345	3051.66
192.435	2704.87
193.526	2782.03
194.538	3367.75
195.54	2931.47
196.549	2952.63
197.55	3382.4
198.623	2797.39
199.689	2397.75
200.708	3190.57
201.729	3345.74
202.824	3112.25
203.824	3382.4
204.826	2920.28
205.857	2998.25
206.859	2662.94
207.895	2897.3
208.956	2873.96
210.02	2873.68
211.08	2591.12
212.126	2775.89
213.215	2964.71
214.252	2494.89
215.254	3009.79
216.29	2789.19
217.371	2986.67
218.459	2552.94
219.503	1911.41
220.594	2073.69
221.679	2147.1
222.741	2204.14
223.796	2006.44
224.859	2159.92
225.967	2104.43
227.031	1810.53
228.073	1698.27
229.088	1767.26
230.123	1731.4
231.217	1638.03
232.263	1982.78
233.272	2100
234.33	2275.99
235.33	2240
236.381	2176
237.436	1910.9
238.436	1780.8
239.485	1772.35
240.578	1805.13
241.6	1928.77
242.64	1875.65
243.718	1984.42
244.795	2121.45
245.906	2098.74
246.997	2145.55
248.024	1952.09
249.097	1880.6
250.098	1902.1
251.191	1784.61
252.29	1793.63
253.395	1591.31
254.498	1351.72
255.538	1390.57
256.608	1339.81
257.692	1374.17
258.755	1295.95
259.782	1254.14
260.831	1281.22
261.886	1358.86
262.972	1321.29
264.05	1070.13
265.054	1429.31
266.112	1355.01
267.149	1383.78
268.25	1556.4
269.305	1953.36
270.358	2086.69
271.4	2074.47
272.425	1935.94
273.524	1793.63
274.625	1822.55
275.705	1825.19
276.707	2204.2
277.77	2138.85
278.821	2216.55
279.903	2206.84
280.967	2147.37
281.969	2204.2
283.048	1847.64
284.124	1833.67
285.204	1826.88
286.307	1819.24
287.387	1296.3
288.493	982.278
289.584	985.517
290.588	1071.98
291.663	1105.4
292.672	1211.11
293.73	1259.73
294.772	1214.59
295.818	1168.23
296.89	1170.15
297.996	1135.2
299.101	1023.71
300.142	849.951
301.235	696.797
302.251	860.689
303.329	831.168
304.336	889.771
305.447	1130.09
306.553	1518.99
307.579	1682.73
308.684	1550.77
309.7	1842.76
310.762	1993.22
311.763	2148.25
312.841	2005.19
313.938	2033.58
314.991	2097.34
316.073	2030.71
317.128	1719.81
318.188	1501.79
319.233	1457.61
320.312	1496.1
321.361	1537.46
322.381	1372.55
323.441	1438.34
324.542	1454.68
325.597	1645.5
326.678	1659.26
327.707	1752.38
328.804	2125.55
329.856	2152.62
330.942	2237.94
331.954	2071.61
333.053	2119.75
334.076	2279.45
335.099	2299.12
336.142	2633.4
337.213	2405.23
338.264	2973.17
339.34	3000.56
340.426	2735.48
341.439	2697.73
342.537	2907.1
343.605	2172.82
344.676	2122.88
345.691	2262.07
346.693	2506.29
347.729	2086.49
348.813	2417.71
349.853	2414.63
350.876	2410.96
351.934	2233.65
352.983	2391.61
354.05	2353.47
355.126	2427.53
356.196	2543.55
357.281	2621.94
358.303	2687.56
359.318	2813.79
360.356	2667.7
361.357	2886.71
362.358	2419.2
363.43	2465.67
364.486	2651.51
365.487	3438.4
366.568	3014.99
367.611	2622.65
368.697	2743.28
369.697	2934.4
370.699	3132.87
371.783	2417.71
372.827	2706.04
373.863	3070.27
374.891	3137.74
375.93	3118.3
376.991	2842.26
378.047	2863.64
379.048	2830.77
380.085	2562.16
381.185	2606.54
382.186	2777.6
383.188	2738.52
384.193	2685.77
385.275	2600.55
386.342	2269.42
387.444	2429.04
388.53	2477.42
389.589	2559.4
390.627	2430.09
391.696	2548.31
392.697	2752.45
393.79	2400
394.825	2618.74
395.886	2662.64
396.972	2402.95
398.054	2414.06
399.132	2784.42
400.191	2879.4
