1.13545	1962.2
2.1358	3796.8
3.13848	3744.51
4.13883	3304
5.16361	2996.88
6.16396	3001.6
7.17478	2905.35
8.18211	2891.76
9.19642	3203.16
10.2142	3171.68
11.2227	2766.67
12.2289	2838.97
13.2665	2732.5
14.2808	2606.71
15.3056	2395.31
16.3175	2437.19
17.4086	2658.84
18.4136	2295.72
19.4221	2466.67
20.4225	2150.4
21.431	2011.11
22.465	1906.38
23.4654	2161.6
24.5053	2058.9
25.5289	2069.21
26.5456	2535.43
27.5575	2304.25
28.5765	2189.39
29.5943	1894.2
30.5947	1803.2
31.595	2049.6
32.6256	1913.79
33.6713	1886.31
34.688	1741.73
35.7255	1706.46
36.7259	1097.6
37.7262	750.4
38.7801	787.084
39.8491	838.951
40.9285	830.398
42.0301	925.703
43.0304	1568
44.0622	2053.15
45.1416	2221.32
46.2397	2162.48
47.318	1807.79
48.4149	1870.07
49.4711	2036.36
50.547	2000.37
51.6404	2387.56
52.7048	2526.31
53.7854	2499.26
54.7857	2452.8
55.8524	2258.91
56.9272	2335.94
58.031	2284.68
59.0314	2251.2
60.0713	2306.83
61.1508	2491.2
62.2349	2479.7
63.2782	2222.82
64.353	1918.81
65.4162	1854.37
66.4166	2139.2
67.446	1839.45
68.5359	2015.79
69.5758	2274.49
70.6052	2318.37
71.6777	2611.94
72.7455	2687.16
73.7459	2833.6
74.7462	2531.2
75.7571	2439.6
76.8586	2492.28
77.9322	2494.69
78.9919	2485.36
80.0167	2100
81.0938	2048.65
82.1919	2121.68
83.1922	2273.6
84.2624	1768.97
85.293	2174.76
86.3736	2157.04
87.3739	2251.2
88.4452	2081.04
89.5061	2049.81
90.5402	2447.97
91.6173	2506.22
92.6176	2598.4
93.6901	2089.55
94.7288	2082.47
95.742	1890.62
96.7493	2124.33
97.8323	1987.43
98.8326	2094.4
99.8551	2235.62
100.903	2650.38
101.958	2707.11
102.958	3046.4
104.019	2525.28
105.063	2673.82
106.103	2511.65
107.165	2625.99
108.223	2466.54
109.223	2900.8
110.282	2858.22
111.32	3110.51
112.351	3204.66
113.389	3380.52
114.4	3360
115.477	3473.35
116.556	3487.67
117.625	3366.29
118.652	2933.59
119.679	3369.81
120.68	3203.2
121.68	3147.2
122.681	3001.6
123.686	2919.8
124.782	3035.04
125.822	2996.73
126.915	2943.59
127.958	2416.11
129.05	2728.21
130.097	2912.43
131.116	2992.53
132.147	3120.78
133.218	2760.78
134.35	3149.07
135.35	2721.6
136.396	2154.26
137.469	2129.36
138.473	2054.64
139.569	1963.83
140.667	1958.47
141.758	2104.49
142.836	2566.23
143.837	2609.6
144.837	2923.2
145.917	2480.81
147.016	2771.97
148.026	3207.93
149.062	3762.16
150.063	4408.39
151.071	4404.37
152.071	4928
153.138	4559.85
154.138	5275.2
155.138	5006.4
156.147	4133.33
157.147	4771.2
158.184	4735.13
159.204	5446.27
160.204	5185.6
161.205	5096
162.229	5381.25
163.246	5787.4
164.278	5322.99
165.278	5006.4
166.313	4783
167.314	4972.8
168.366	4854.75
169.423	5165.15
170.428	5092.94
171.428	5264
172.442	4694.28
173.443	4502.4
174.501	4488.47
175.619	4361.68
176.687	3946.77
177.687	3595.2
178.699	3135.11
179.78	3318.52
180.863	3312.38
181.906	2963.76
182.972	2681.69
184.013	2496.06
185.112	2445.86
186.21	2448.09
187.222	2802.77
188.277	3057.44
189.344	2836.77
190.344	3539.2
191.357	3294.77
192.439	3481.22
193.542	3475.86
194.552	2938.61
195.553	3091.2
196.561	2700
197.659	2774.5
198.66	2889.6
199.697	2613.69
200.721	2211.53
201.743	2038.36
202.838	2119.2
203.943	2108.24
204.949	2360.24
205.971	2728.77
207.007	3592.66
208.04	3418.6
209.094	3095.16
210.168	3076.35
211.212	2781.21
212.268	2365.15
213.367	2231.85
214.394	2442.84
215.505	2179.46
216.58	1783.24
217.653	2285.93
218.733	2325.11
219.773	2414.63
220.864	2463.79
221.928	2621.05
222.976	2575.57
224.049	2350.75
225.135	2320.44
226.136	2464
227.166	2207.38
228.198	2770.13
229.204	2827.83
230.251	3008.79
231.251	3460.8
232.262	3160.4
233.268	3562.62
234.333	3494.74
235.333	3651.2
236.383	3413.33
237.434	4010.67
238.434	4379.2
239.48	4040.57
240.48	4289.6
241.48	3808
242.527	4015.3
243.585	3592.05
244.657	3594.03
245.658	3763.2
246.718	3423.4
247.762	3930.2
248.762	4300.8
249.826	4294.74
250.827	4648
251.871	4141
252.872	4547.2
253.872	4121.6
254.885	3814.41
255.941	4486.36
256.992	4768
257.992	4659.2
259.02	4630.35
260.021	4155.2
261.021	4625.6
262.021	3404.8
263.101	3612.23
264.181	3847.41
265.182	3214.4
266.224	3213.82
267.273	2978.84
268.274	3248
269.298	3051.56
270.358	3225.68
271.394	3232.43
272.42	3168.78
273.421	3505.6
274.482	3032.45
275.562	3328.89
276.577	3324.65
277.629	3140.68
278.688	2752.36
279.767	2792.22
280.837	2627.29
281.838	2374.4
282.913	2242.08
283.985	2183.58
285.064	2159.04
286.161	2207.3
287.231	2721.5
288.232	2923.2
289.29	2805.29
290.319	3442.8
291.372	3403.61
292.411	3463.58
293.477	3554.55
294.511	4376.02
295.552	4292.79
296.602	4565.33
297.603	4883.2
298.67	4755.01
299.671	5252.8
300.673	4895.81
301.674	5566.4
302.674	4849.6
303.731	5054.3
304.789	5064.9
305.85	4680.75
306.85	5185.6
307.853	4549.3
308.853	4950.4
309.853	4457.6
310.876	4087.67
311.891	3685.52
312.892	4144
313.932	3654.28
314.992	4057.36
316.067	3712.48
317.118	3712
318.175	4047.68
319.223	4103.82
320.301	3989.61
321.35	4345.47
322.368	4317.01
323.424	4040.91
324.425	3763.2
325.455	3610.1
326.562	3594.94
327.582	2986.67
328.668	2836.09
329.722	2371.89
330.819	2309.49
331.822	2045.51
332.922	2158.54
333.942	1767.84
334.981	2211.95
336.011	2261.75
337.083	2175.16
338.147	2010.53
339.221	2024.98
340.221	2486.4
341.314	2315.83
342.407	2307.69
343.499	2625.64
344.541	2525.91
345.575	2642.94
346.576	2654.4
347.597	2171.99
348.68	2318.67
349.724	2038.31
350.754	1926.53
351.81	1633.33
352.846	1383.78
353.915	1331.83
355.001	1145.81
356.067	1061.16
357.149	942.83
358.19	677.809
359.191	515.2
360.246	753.744
361.328	745.286
362.357	740.856
363.434	1143.92
364.495	1468.68
365.495	1332.8
366.583	1318.86
367.617	1094
368.705	1297.06
369.802	1308.03
370.803	1433.6
371.803	1881.6
372.835	2042.29
373.874	2147.21
374.902	2070.04
375.942	2091.24
376.993	2216.55
378.059	2187.42
379.059	2150.4
380.092	1855.81
381.192	2128
382.193	2307.2
383.199	2104.17
384.199	2139.2
385.273	2254.61
386.344	2520.26
387.448	2436.99
388.533	2529.03
389.594	2144.91
390.629	2110.14
391.702	2005.97
392.702	2116.8
393.796	1762.49
394.822	2305.56
395.892	2292.34
396.97	2462.34
398.06	2468.32
399.141	2208.89
400.199	2021.93
