1.5321 3839.2740600000006
2.53245 3864.6296000000007
3.60492 3850.2208
4.60527 3852.52
5.60563 3853.797
6.66995 3854.9615999999996
7.73777 3858.4043999999994
8.76837 3857.4287
9.76872 3848.5806999999995
10.8086 3836.8015
11.809 3820.119
12.8093 3799.9911
13.8643 3777.401
14.9275 3756.905
15.9465 3738.0185
17.012 3722.5748
18.0588 3697.94631
19.0592 3678.86921
20.1119 3655.97561
21.1122 3636.0162100000002
22.1428 3617.76021
23.1641 3604.75181
24.2005 3590.06881
25.2009 3576.67671
26.2513 3568.9303100000006
27.3237 3562.7276100000004
28.3241 3558.60651
29.4047 3562.8926100000003
30.405 3572.58411
31.4054 3587.31361
32.422 3606.28521
33.455 3630.3761099999997
34.5286 3655.92691
35.5301 3679.72881
36.5363 3696.66191
37.5366 3707.4190100000005
38.6138 3716.50581
39.6141 3732.42071
40.64 3746.06771
41.6718 3760.1524099999997
42.6722 3776.96991
43.726 3790.92481
44.7973 3809.04771
45.7977 3830.76321
46.862 3855.29121
47.9124 3876.57331
48.9127 3899.4373100000003
49.9736 3917.4693100000004
50.9739 3934.62971
51.9987 3952.1017100000004
53.02 3964.1571100000006
54.0203 3973.8652100000004
55.0544 3984.55081
56.0606 3998.86411
57.0609 4010.70071
58.1078 4017.75671
59.1082 4022.6772100000003
60.1085 4017.3596100000004
61.1321 4009.58961
62.1744 3997.3092099999994
63.1747 3987.7567099999997
64.1751 3974.6346099999996
65.1754 3965.3080099999997
66.2211 3951.06801
67.2436 3937.19591
68.2439 3923.2007100000005
69.2443 3911.5589100000007
70.283 3899.07731
71.3113 3885.53621
72.3582 3873.8058100000003
73.3585 3863.5589099999997
74.3589 3858.0788100000004
75.372 3854.0468100000003
76.391 3855.52491
77.3914 3856.8761100000006
78.3917 3859.6761100000003
79.413 3861.4991099999997
80.461 3864.15251
81.466 3867.24321
82.499 3874.04621
83.4993 3867.9834100000003
84.4997 3858.94781
85.5 3851.89181
86.5004 3842.0859100000002
87.5007 3830.1019100000003
88.5371 3811.9841100000003
89.5445 3799.57411
90.5448 3790.8078100000002
91.5452 3775.27061
92.6025 3756.7906099999996
93.6413 3744.11391
94.6742 3729.1179100000004
95.6745 3713.7253100000003
96.6865 3690.966010000001
97.6869 3671.5791100000006
98.7303 3650.1287100000004
99.783 3632.11331
100.803 3620.27111
101.803 3610.9476099999997
102.84 3600.2312100000004
103.884 3588.4398100000003
104.903 3581.70161
105.947 3576.98561
106.984 3571.25351
108.029 3564.93111
109.032 3559.8465100000003
110.133 3551.7484099999997
111.133 3554.61701
112.186 3562.45701
113.23 3570.5402099999997
114.261 3578.9612099999995
115.321 3587.6021099999994
116.403 3592.0704099999994
117.461 3593.93671
118.462 3594.90681
119.504 3596.7199100000003
120.533 3608.8995
121.614 3617.9859
122.614 3629.6155
123.615 3648.5072
124.651 3669.4797
125.689 3693.4239000000002
126.759 3715.549
127.76 3734.4024000000004
128.761 3744.8368000000005
129.806 3752.9344
130.879 3760.019300000001
131.935 3761.221200000001
132.967 3762.1451000000006
134.054 3760.8196000000007
135.079 3761.9307000000003
136.079 3759.2856
137.1 3752.7661000000003
138.1 3743.9331
139.125 3735.1487
140.176 3735.8142999999995
141.234 3734.5885
142.29 3729.6673000000005
143.29 3722.1735000000003
144.29 3714.9035000000003
145.304 3702.5188000000003
146.32 3681.1772
147.321 3654.9579000000003
148.321 3622.3962000000006
149.362 3584.5082000000007
150.362 3550.2523000000006
151.363 3514.4080000000004
152.383 3475.3277000000003
153.383 3434.4753000000005
154.391 3389.018400000001
155.391 3347.8141000000005
156.412 3304.3397000000004
157.413 3263.7501000000007
158.413 3215.7133000000003
159.413 3169.6386
160.414 3121.9379
161.45 3079.6019
162.507 3037.5066000000006
163.508 3002.4926000000005
164.508 2972.0776
165.532 2943.7735000000002
166.561 2921.9559
167.577 2898.4184999999998
168.632 2883.6713
169.632 2868.0347
170.675 2849.5547
171.699 2832.5245
172.761 2818.4637000000002
173.761 2810.6182000000003
174.771 2799.0822000000003
175.788 2784.9118
176.788 2765.1919
177.788 2745.2382000000002
178.877 2723.7985000000003
179.877 2704.4658000000004
180.918 2685.3557
181.942 2669.7567
182.942 2655.3605
183.943 2644.1605
184.943 2633.5205
185.946 2632.1765
186.946 2628.9640000000004
188.002 2624.4840000000004
189.003 2627.6819000000005
190.037 2625.378
191.044 2633.0798
192.09 2641.3656999999994
193.125 2645.372799999999
194.125 2655.7059999999997
195.126 2671.386
196.177 2678.5134000000003
197.246 2685.2689
198.257 2682.2968
199.304 2682.7472
200.339 2680.0159999999996
201.365 2675.1463999999996
202.366 2664.8883
203.432 2652.4563000000007
204.541 2641.9393000000005
205.596 2633.8496000000005
206.628 2628.3006000000005
207.65 2621.9846000000002
208.717 2618.8896000000004
209.801 2621.1628000000005
210.801 2620.5670000000005
211.856 2608.4652
212.856 2602.6994999999997
213.857 2584.3314999999993
214.857 2568.651499999999
215.873 2549.5852999999997
216.944 2536.7243
218.029 2524.3489999999997
219.03 2516.486799999999
220.03 2513.8563999999997
221.072 2513.4084
222.14 2514.5167
223.14 2510.8553
224.149 2508.6576
225.162 2505.2211
226.182 2489.8664
227.182 2471.0219
228.246 2448.6197
229.266 2425.8869999999997
230.266 2409.0003
231.337 2404.1856000000002
232.338 2408.408
233.338 2410.7266000000004
234.374 2417.7826000000005
235.433 2422.4377000000004
236.472 2431.2076000000006
237.472 2433.7781999999997
238.541 2435.8648999999996
239.579 2443.3923999999997
240.638 2449.7394
241.665 2448.7515
242.732 2441.9503999999997
243.732 2435.7236
244.78 2427.3235999999997
245.791 2416.1508
246.857 2410.8147
247.919 2408.2079999999996
248.963 2409.8826999999997
250.028 2409.1572000000006
251.078 2413.9350000000004
252.099 2418.4658000000004
253.163 2429.1937000000003
254.254 2435.806
255.291 2444.0153
256.3 2455.1891
257.337 2472.7580000000003
258.411 2490.3428999999996
259.411 2510.1872
260.456 2527.0133
261.495 2550.298100000001
262.581 2570.6147000000005
263.581 2597.7074000000002
264.585 2622.5554
265.585 2653.5043
266.59 2680.2469
267.665 2712.0059
268.697 2739.19
269.761 2759.9057000000003
270.799 2780.1137
