1.09939 1692.8088699999998
2.11719 1676.9421699999998
3.11754 1658.74787
4.14465 1642.5321699999997
5.16826 1629.6678699999998
6.16861 1617.39547
7.19107 1599.3031700000001
8.21585 1585.37137
9.23481 1578.22777
10.2352 1570.01537
11.2739 1562.00347
12.3103 1551.22047
13.3107 1543.8636700000002
14.311 1534.9749700000002
15.3218 1522.0949700000003
16.3222 1509.9488700000002
17.3295 1498.1888700000002
18.3601 1490.9648700000002
19.3837 1485.8867700000003
20.4132 1480.9693700000003
21.4391 1473.86528
22.4523 1468.3043899999998
23.4828 1465.8864299999998
24.5716 1462.2290399999997
25.601 1463.6668699999998
26.6723 1466.88026
27.7564 1469.5874000000001
28.7568 1474.20786
29.82 1473.9374599999999
30.8715 1472.9046600000001
31.8916 1472.2475600000002
32.9164 1468.4441600000002
33.9703 1464.5009600000003
35.0323 1459.46806
36.0896 1460.65876
37.1691 1459.16216
38.1694 1455.4688600000002
39.2512 1447.31986
40.2969 1444.64156
41.338 1437.5397600000001
42.3383 1428.5912600000001
43.391 1418.6431599999999
44.4553 1412.9748599999998
45.5313 1404.6338599999997
46.5584 1397.6097599999998
47.5878 1390.2429599999998
48.6429 1387.0467599999997
49.7316 1379.2178599999995
50.732 1376.7022599999998
51.7579 1369.91746
52.806 1368.20896
53.8563 1362.9632599999998
54.9276 1355.8658599999997
55.928 1356.5678599999999
57.0098 1357.6139599999997
58.0869 1359.63096
59.1559 1357.7480600000001
60.1772 1358.48526
61.2054 1361.25796
62.257 1363.5352599999999
63.3411 1366.5552599999996
64.367 1365.4187599999996
65.4383 1372.3928599999997
66.5212 1370.60646
67.5902 1367.2867600000002
68.6418 1363.43476
69.6863 1358.0125600000001
70.6867 1350.37926
71.6998 1336.93976
72.7513 1327.8926599999998
73.8227 1319.67376
74.823 1315.0574599999998
75.9013 1313.77746
76.933 1318.53426
77.9334 1320.4003599999999
78.9512 1327.3443599999998
80.019 1330.56366
81.0578 1336.2376599999998
82.0814 1345.2592599999998
83.1294 1359.66846
84.1298 1379.3928600000002
85.1348 1398.5867600000004
86.2421 1418.35476
87.2599 1442.57729
88.2615 1470.135
89.3339 1499.8199399999999
90.4157 1529.01094
91.4975 1561.3115
92.5944 1589.31355
93.6319 1620.18141
94.6672 1650.49713
95.7397 1675.8220099999999
96.7877 1703.1813499999998
97.8706 1725.0947399999998
98.9187 1743.41202
99.997 1756.7536100000002
101.007 1768.5495099999998
102.101 1780.74851
103.128 1791.8877100000002
104.158 1801.98661
105.224 1814.7790100000002
106.236 1822.40331
107.269 1827.49341
108.342 1832.3210100000001
109.353 1834.62121
110.415 1831.5824100000002
111.47 1834.64481
112.497 1839.50751
113.512 1842.62511
114.58 1846.08451
115.628 1852.4904099999999
116.72 1859.71311
117.776 1863.77881
118.777 1867.84621
119.841 1872.4382099999998
120.842 1871.11621
121.934 1869.2382099999998
122.934 1868.4022099999997
124.033 1867.62861
125.081 1873.64401
126.093 1883.9339
127.137 1898.5913899999998
128.192 1914.3894300000002
129.268 1931.14432
130.268 1946.44144
131.303 1955.74284
132.321 1972.2398999999998
133.383 1989.0608000000002
134.383 2003.4432
135.384 2011.2624
136.452 2018.2025000000003
137.526 2025.1111
138.62 2029.3131
139.634 2037.8532
140.667 2041.6257
141.778 2040.1554
142.81 2038.3214
143.89 2041.5529000000001
144.972 2043.6658
145.998 2047.5533
147.069 2051.4047
148.133 2058.1631
149.133 2064.9790000000003
150.212 2073.8821000000003
151.312 2084.3287
152.369 2098.4758
153.452 2111.9839
154.477 2127.254
155.535 2142.6412
156.62 2153.9059999999995
157.703 2161.1586999999995
158.796 2171.0353999999998
159.862 2184.6927999999994
160.893 2195.0427999999997
161.933 2205.4206999999997
162.997 2215.6510000000003
164.002 2227.1147
165.076 2239.2999
166.123 2245.7087000000006
167.194 2253.7268000000004
168.278 2256.0022999999997
169.278 2266.3257
170.337 2269.9018
171.362 2280.0436000000004
172.362 2293.9719
173.372 2310.8482000000004
174.417 2330.2591
175.455 2346.4995000000004
176.526 2368.2270000000003
177.527 2387.9173
178.527 2408.2071
179.591 2428.6868
180.632 2447.5135
181.698 2468.1915
182.698 2480.3291
183.765 2485.0584
184.781 2493.4415999999997
185.833 2493.4207
186.903 2498.2698
187.967 2504.032100000001
189.038 2506.051200000001
190.098 2505.1852
191.113 2499.2756000000004
192.155 2490.1767
193.19 2488.0264
194.194 2486.4913
195.194 2484.2338
196.239 2478.73
197.239 2482.5706
198.24 2478.9866
199.268 2480.5706
200.31 2479.6561
201.343 2486.3105000000005
202.343 2498.5182000000004
203.409 2516.214200000001
204.409 2534.7037
205.456 2550.1597
206.514 2567.4156
207.523 2582.794099999999
208.577 2602.4838999999993
209.662 2611.6929999999998
210.663 2630.5488
211.724 2653.1738
212.724 2679.8633
213.729 2706.0713
214.739 2731.7862000000005
215.752 2751.5243000000005
216.821 2765.9122
217.894 2777.4468
218.897 2788.2980000000002
219.897 2790.0677
220.944 2789.2438
222.012 2788.7086
223.012 2788.4472
224.028 2791.767700000001
225.047 2800.2827
226.069 2808.3207000000007
227.137 2816.8680000000004
228.222 2825.1456000000003
229.244 2829.274
230.244 2832.6711999999998
231.312 2829.1864
232.312 2822.8093
233.312 2815.0813
234.348 2805.3702
235.403 2800.979
236.442 2790.6778999999997
237.442 2771.7711900000004
238.518 2751.23144
239.559 2735.3642200000004
240.616 2721.43202
241.644 2711.21192
242.709 2703.35716
243.803 2695.2400599999996
244.861 2686.7992600000002
245.881 2683.0610600000005
246.948 2679.8102600000007
247.996 2674.6043600000003
249.054 2666.7383600000003
250.111 2657.2081000000003
251.15 2649.11376
252.187 2636.91742
253.249 2626.08202
254.249 2615.14311
255.267 2600.41337
256.268 2581.13184
257.31 2558.29207
258.378 2536.01494
259.379 2515.2182900000003
260.434 2502.5611900000004
261.467 2496.2912900000006
262.467 2489.7796900000008
263.467 2478.5247900000004
264.468 2465.30879
265.54 2450.6594899999996
266.557 2438.41389
267.557 2425.0644899999998
268.567 2411.3862899999995
269.635 2404.55709
270.658 2396.75359
271.659 2403.8554899999995
272.726 2401.89029
273.727 2397.86959
274.765 2390.60239
275.777 2381.1855900000005
276.778 2364.4908900000005
277.839 2346.6828900000005
278.839 2331.0367900000006
279.839 2315.3899900000006
280.848 2305.5339900000004
281.877 2295.54819
282.928 2285.48449
283.928 2278.55039
284.977 2266.34089
285.987 2259.6860899999997
286.987 2255.22629
288.041 2249.01999
289.041 2247.8436899999997
290.042 2239.99509
291.103 2236.11299
292.174 2237.33799
293.251 2240.73809
294.257 2249.1158899999996
295.304 2260.34019
296.337 2264.0714900000003
297.337 2273.66789
