1.40641 2208.8277599999997
3.38118 2210.35373
4.93001 2232.6166299999995
6.73546 2245.11613
7.75442 2249.3858
9.81187 2229.8169
10.8285 2253.4319
11.8302 2236.7144
12.9655 2215.8133
13.9751 2202.2250999999997
15.199 2175.0997
17.1809 2165.7446999999997
18.987 2174.8196000000003
20.7257 2172.2921000000006
21.8181 2149.8330100000003
23.0226 2152.02921
24.3482 2146.2376099999997
25.9885 2152.56221
27.0001 2156.69141
28.0049 2138.83581
29.0109 2160.3380100000004
30.3171 2150.1195900000002
31.3205 2170.9942900000005
33.0332 2182.6527900000006
34.0841 2199.04115
35.0872 2209.36115
36.8164 2194.75567
38.3325 2204.4384700000005
40.1901 2235.6417400000005
41.1942 2252.6256400000007
42.9311 2255.2317400000006
44.0284 2272.2550500000007
45.9087 2277.7543500000006
47.0759 2292.49114
48.087 2308.2962700000003
49.088 2307.25184
51.0395 2326.10854
52.0732 2338.8810700000004
53.0735 2332.23437
54.6546 2338.6869700000007
56.2408 2337.99292
57.2455 2364.81742
58.2459 2338.21762
59.2486 2346.62202
60.2502 2337.7826199999995
61.9927 2339.6678199999997
63.484 2361.1412199999995
65.0882 2357.3382199999996
66.0961 2339.8429399999995
67.261 2348.00294
69.147 2327.0308000000005
70.166 2353.7552
71.1664 2364.7101000000002
72.5163 2341.5781
74.0152 2330.8255
75.8721 2345.7409000000002
76.876 2334.3024
78.334 2328.8046
79.8968 2326.1515
81.3948 2326.8736
82.5469 2314.2155300000004
83.5484 2313.7481300000004
84.9842 2286.83944
86.9171 2275.4269400000003
87.996 2260.27901
88.9965 2239.8548699999997
90.0037 2211.48558
91.0065 2191.35454
92.092 2177.75534
93.1542 2168.6807400000007
94.7386 2186.3920700000003
95.7617 2182.03507
96.8597 2174.38757
97.8718 2195.6364599999997
98.9331 2181.8670599999996
100.763 2173.2688599999997
102.552 2199.3647699999997
103.693 2197.5584699999995
104.696 2202.9046699999994
105.813 2214.8170699999996
107.569 2230.0627699999995
108.625 2235.21217
109.628 2262.7935700000003
110.675 2237.127790000001
111.682 2240.094490000001
113.713 2254.1118200000005
115.148 2252.7581200000004
117.044 2241.3188200000004
118.046 2269.0568100000005
119.049 2250.1404100000004
120.052 2230.7970100000002
121.272 2233.0632100000003
122.35 2244.2028500000006
123.433 2222.51885
124.552 2225.2174499999996
125.818 2212.79985
127.538 2210.7585499999996
129.055 2219.53095
130.74 2216.86205
131.801 2210.54165
133.378 2197.1219300000007
135.109 2215.57083
136.127 2193.41143
137.336 2174.97893
139.385 2183.2012299999997
140.387 2186.0216299999997
141.854 2167.6710300000004
143.747 2175.34903
145.539 2176.11023
147.318 2189.8129299999996
149.074 2174.2867299999994
150.158 2199.4185299999995
151.163 2188.59743
152.789 2184.88603
154.691 2184.38985
155.693 2166.21368
156.694 2162.43693
157.726 2141.4881699999996
159.806 2134.9969699999997
160.808 2127.11222
162.525 2086.3448100000005
163.934 2087.4685600000003
164.97 2059.8583799999997
166.031 2023.63493
167.031 2002.86484
168.175 1971.71307
169.68 1975.75873
171.362 1959.8628700000002
173.06 1932.49872
175.042 1918.55522
176.046 1911.3254200000001
177.107 1895.9129599999999
178.206 1879.31246
179.328 1861.85497
181.027 1869.5483700000002
182.931 1879.9445900000003
184.748 1862.0632900000003
185.776 1849.70991
186.916 1846.5745100000001
188.175 1826.04877
189.268 1828.60764
190.889 1793.2756000000002
191.9 1787.9276
193.083 1756.5380699999998
194.138 1774.6867699999998
195.142 1762.4351699999997
196.143 1730.7360899999999
197.659 1728.3675899999996
198.698 1737.2008699999997
199.904 1706.4724699999997
200.927 1711.6044099999997
201.929 1671.4927099999998
203.455 1644.52531
205.047 1638.5645100000002
206.477 1654.2755100000002
207.974 1658.97011
209.017 1656.1033100000002
210.017 1667.67531
211.02 1680.74411
212.391 1666.6812300000001
213.904 1705.8037
214.948 1696.9393999999998
215.955 1724.6800899999998
217.305 1722.8980999999999
219.083 1726.84303
220.779 1751.61977
221.787 1760.9620600000003
222.853 1754.9379700000004
223.854 1769.1348700000003
224.857 1760.09069
225.975 1762.2192900000002
227.337 1755.6535900000001
228.392 1746.71599
229.455 1728.22591
231.039 1719.5177099999999
233.051 1722.36591
234.594 1696.2619300000001
235.685 1710.35133
236.687 1695.96163
237.689 1672.94943
239.703 1651.29403
240.715 1634.93936
241.737 1604.6054600000002
243.577 1617.9899400000002
245.064 1615.35844
246.815 1624.67824
248.558 1632.0247399999998
249.578 1639.2256399999997
250.582 1641.1179399999999
251.976 1648.0426399999997
253.636 1639.8152899999998
254.762 1656.6727899999998
255.888 1666.0427899999997
256.888 1653.6480099999999
257.961 1671.1751099999997
259.579 1671.0704099999998
260.616 1658.79902
261.618 1666.77372
263.024 1661.4678199999998
264.812 1658.13872
266.738 1671.3748399999997
268.412 1670.1076400000002
270.392 1675.97324
