1.21875 1704.0007600000001
2.21914 1701.8440600000001
3.36838 1689.2440599999998
4.75942 1698.7241499999998
6.53562 1717.65464
7.73 1733.9862699999999
8.88204 1746.3670299999999
9.89362 1750.73381
10.9169 1789.06544
11.9454 1809.19339
12.9515 1815.5105700000001
14.0368 1828.9167900000002
15.3121 1847.57376
16.9762 1880.42208
18.9323 1878.96121
20.0184 1908.0242199999998
21.0199 1917.6583300000002
22.0391 1931.17799
23.054 1953.0545899999997
24.1564 1959.8908099999999
25.6674 1974.8152399999997
26.6674 1989.1270099999997
27.6806 1989.5837099999997
28.6887 2000.80547
30.5504 2026.4995600000002
31.5509 2047.11788
33.1914 2053.59488
34.3039 2073.90631
35.3934 2085.11991
38.8043 2097.02081
40.1819 2114.35882
41.186 2133.22176
42.1891 2151.32566
43.9491 2164.70136
45.0414 2184.12205
46.0437 2194.60225
47.0445 2202.88535
48.0509 2212.7766500000002
49.3325 2224.7562500000004
50.3575 2221.6390499999998
51.4649 2222.22515
52.8884 2225.10555
54.4933 2245.54495
55.4975 2235.1790899999996
56.5953 2252.3544899999997
57.6957 2243.95109
58.7868 2247.0953900000004
59.8383 2223.68739
61.7176 2226.05889
63.5061 2222.4888899999996
64.5086 2215.7334899999996
65.5111 2193.83389
66.9619 2170.85849
68.0817 2154.6373900000003
69.0836 2147.5744900000004
70.1055 2136.11069
71.107 2134.38139
72.5359 2136.82069
73.6082 2153.9407600000004
74.6087 2148.1891600000004
76.4421 2139.1171600000002
77.7914 2147.1972600000004
78.8007 2161.6715600000007
79.8619 2143.79536
81.6901 2151.90126
82.7528 2138.01387
83.7532 2155.5295700000006
84.7535 2163.4815700000004
86.5272 2144.6558100000007
88.5462 2161.9450100000004
90.5842 2155.5397100000005
91.5872 2141.73871
93.1656 2134.0850100000007
94.7293 2139.4555100000002
96.5189 2139.41651
97.5217 2127.3501599999995
98.6849 2133.7557599999996
100.604 2143.68025
101.643 2149.17735
102.705 2143.71155
104.594 2144.7730500000002
106.313 2144.78285
107.348 2138.94395
109.113 2141.49985
111.137 2151.01625
113.138 2157.53765
115.157 2148.16774
116.29 2156.55544
117.352 2145.97924
118.808 2152.71924
119.81 2150.65644
121.586 2153.1917399999998
122.672 2160.26913
123.674 2158.1199300000003
125.304 2157.66973
126.31 2181.37138
127.331 2176.04978
129.057 2187.22818
130.188 2197.51578
131.191 2201.95328
132.196 2208.5209800000002
133.22 2234.4809800000003
135.108 2230.6860800000004
136.159 2259.62248
137.539 2247.85508
138.551 2259.43838
139.829 2291.46768
140.925 2313.1668600000003
141.988 2284.2857600000007
143.578 2284.06606
145.361 2311.1217600000004
147.155 2313.1351600000007
148.248 2320.70896
149.402 2318.02316
151.004 2333.08203
152.632 2364.89603
153.635 2406.2031300000003
154.637 2440.92223
156.419 2432.29833
157.886 2457.27613
158.891 2466.94373
160.4 2497.8134299999997
162.351 2507.6486299999997
163.389 2529.4868300000003
164.417 2517.21603
165.419 2509.15783
166.42 2529.7848300000005
167.423 2547.79883
168.425 2550.7793300000003
169.688 2538.19983
170.695 2523.1959500000003
171.698 2538.5031500000005
173.379 2514.1953700000004
174.894 2538.49917
175.896 2535.9880700000003
177.288 2533.8818700000006
178.291 2535.31597
179.291 2529.54707
180.724 2524.23387
182.634 2535.16467
184.279 2545.85187
186.105 2527.56594
187.589 2528.92734
189.566 2544.9925
191.038 2512.03308
192.126 2524.3665800000003
193.472 2520.41898
195.5 2542.00968
196.502 2534.06088
197.995 2531.28628
199.735 2542.8107799999993
201.674 2546.4268799999995
202.681 2559.92658
204.038 2596.38498
205.043 2596.8855799999997
207.017 2609.35448
208.02 2615.91728
209.025 2635.77148
210.501 2633.47608
211.506 2635.2197800000004
212.506 2654.5123799999997
213.913 2628.39108
215.031 2649.1619800000003
216.116 2651.6445799999997
217.177 2642.42328
218.308 2657.78567
219.309 2653.7510700000003
220.457 2621.1424000000006
222.075 2654.59366
223.954 2645.45436
225.661 2649.6889600000004
227.482 2662.34126
228.557 2661.17656
229.56 2651.01246
231.347 2640.39096
232.779 2677.65491
233.791 2679.35901
234.793 2673.56641
236.691 2677.23771
237.692 2662.49385
239.706 2682.38175
241.304 2694.95315
242.308 2702.73935
243.312 2691.08216
245.208 2703.86216
246.678 2694.5425599999994
248.725 2704.6343699999993
249.727 2721.24277
250.729 2702.9442999999997
252.124 2693.732
253.642 2703.2916999999998
254.698 2686.9312199999995
255.759 2696.0489199999997
256.832 2684.59262
257.927 2675.0309199999997
259.336 2656.0340199999996
260.846 2644.709719999999
261.88 2627.5697199999995
262.88 2616.26862
263.884 2588.88154
264.884 2572.5587399999995
266.226 2548.25474
267.229 2544.45414
268.817 2521.2830400000003
270.388 2518.28674
271.423 2498.08874
272.847 2467.3041399999997
274.498 2454.0195400000002
276.024 2448.09524
