1.09911	5836.76
2.09946	7526.4
3.09982	8120
4.10017	8500.8
5.10052	8870.4
6.10087	8892.8
7.10122	8926.4
8.10158	8971.2
9.10193	9038.4
10.1023	9004.8
11.1352	9040.31
12.1356	8814.4
13.1359	8691.2
14.1363	8456
15.1366	8131.2
16.137	7795.2
17.1373	7526.4
18.1388	7071.33
19.1403	6556.64
20.1407	5846.4
21.141	5275.2
22.2275	4362.43
23.2278	4289.6
24.2282	3449.6
25.2297	3099.3
26.237	2369.02
27.2397	2090.22
28.2424	1833.13
29.2462	1172.48
30.264	1057.23
31.2644	1590.4
32.2647	5656
33.2686	3439.28
34.2701	3099.3
35.2739	3975.27
36.2754	6220.98
37.277	8022.38
38.2773	8870.4
39.2777	8948.8
40.278	9004.8
41.2784	9038.4
42.2787	9038.4
43.2791	8960
44.2794	8848
45.2798	8646.4
46.2801	8388.8
47.2805	8187.2
48.3402	7392.63
49.3405	7952
50.3409	6899.2
51.3424	6735.66
52.3439	6321.68
53.3442	5846.4
54.3469	4906.99
55.3473	3729.6
56.3511	3193.62
57.3526	2674.12
58.353	2172.8
59.3789	1464.19
60.3851	1135.59
61.3959	975.841
62.4079	952.72
63.4129	802.388
64.4354	789.041
65.4438	766.666
66.4733	870.748
67.4794	645.725
68.4798	705.6
69.5011	647.208
70.5235	668.493
71.5267	1295.31
72.5332	3829.82
73.5371	2668.79
74.5374	3035.2
75.5378	3494.4
76.5381	6048
77.5385	8052.8
78.5388	8691.2
79.5392	9004.8
80.5395	8960
81.5399	8971.2
82.5402	8937.6
83.5406	8713.6
84.5409	8545.6
85.5413	8288
86.5417	7952
87.542	7560
88.5424	6944
89.5439	6411.19
90.5454	5930.07
91.5457	5376
92.631	4562.58
93.6348	4388.43
94.6387	3785.44
95.6623	3131.18
96.6627	3326.4
97.663	4894.4
98.6634	4155.2
99.6649	4162.24
100.668	4381.64
101.668	5096
102.668	6328
103.669	6708.8
104.669	7056
105.669	7660.8
106.67	7996.8
107.67	8254.4
108.672	7351.05
109.672	6955.2
110.675	6427.15
111.676	5997.2
112.676	5644.8
113.678	5135.66
114.679	4654.54
115.68	4177.6
116.684	3841.28
117.684	3494.4
118.689	3465.87
119.692	3576.85
120.692	3225.6
121.767	2461.08
122.771	2289.13
123.771	1467.2
124.784	1282.53
125.792	1112.21
126.807	904.827
127.807	795.2
128.815	745.183
129.816	704.895
130.817	3841.6
131.818	5057.34
132.818	3371.2
133.82	3255.94
134.82	4435.2
135.821	6428.8
136.821	8153.6
137.85	8141.5
138.852	9801.4
139.852	9016
140.853	9049.6
141.853	8971.2
142.853	8848
143.854	8769.6
144.854	8556.8
145.854	8288
146.856	7955.24
147.856	7448
148.858	6869.93
149.858	6339.2
150.858	5812.8
151.859	5275.2
152.861	4761.68
153.864	4325.75
154.866	3714.69
155.866	3136
156.955	2316.18
157.955	4032
158.961	4364.21
159.964	3956.89
160.964	3942.4
161.967	4292.21
162.967	5420.8
163.968	6888
164.968	8064
165.968	8691.2
166.969	8915.2
167.969	8982.4
168.969	8881.6
169.971	8738.46
170.971	8590.4
171.972	8310.4
173.063	7719.89
174.064	8078.32
175.065	7403.2
176.066	6813.99
177.067	6361.6
178.067	5790.4
179.068	5337.06
180.071	4974.05
181.073	4900.7
182.076	4522.43
183.137	3676.98
184.138	3606.4
185.146	2966.67
186.155	2688.89
187.224	2181.27
188.229	1749.65
189.231	1296.61
190.247	926.896
191.247	2150.4
192.249	4475.52
193.254	3376.72
194.254	3472
195.257	3789.22
196.257	5577.6
197.257	7515.2
198.258	8668.8
199.258	8926.4
