1.00794	3759.44
2.01038	2514.97
3.02027	1531.81
4.02613	1125.57
5.02852	771.257
6.04227	729.713
7.05192	710.406
8.06856	661.417
9.08593	605.703
10.096	609.9
11.1121	628.346
12.1189	834.99
13.1226	949.152
14.124	1219.58
15.124	1523.2
16.1272	1875.97
17.1299	2146.11
18.1309	2564.8
19.1337	3163.27
20.1341	3864
21.1345	4401.6
22.1359	5102.1
23.1366	5700.8
24.1371	6193.6
25.1371	6619.2
26.1382	7295.1
27.1384	7492.8
28.1386	7952
29.1397	8503.5
30.14	8646.4
31.1407	8064
32.1422	3781.82
33.1437	6120.28
34.144	6540.8
35.1467	5834.73
36.1598	3648.57
37.1846	1728.12
38.1905	813.532
39.2022	686.844
40.2124	632.079
41.2173	591.235
42.2205	602.991
43.2323	664.688
44.2432	798.415
45.2509	1000.99
46.2576	1280.32
47.2592	1454.55
48.2623	1764.31
49.2639	2226.57
50.2651	2786.01
51.2674	2895.01
52.2698	3420.36
53.2701	3808
54.2709	4715.2
55.2712	5969.6
56.2716	6507.2
57.2728	7048.95
58.2736	7571.2
59.2749	8067.13
60.2756	8500.8
61.276	8691.2
62.2768	8870.4
63.2777	8814.4
64.2792	9029.37
65.2804	8760.84
66.2813	8948.8
67.2813	8960
68.2816	9128
69.2823	9004.8
70.2828	9027.2
71.284	9163.64
72.2847	4950.4
73.2865	7149.65
74.2871	6563.2
75.2884	6444.75
76.2913	4236.33
77.2974	1881.51
78.3046	1045.48
79.3176	674.432
80.3402	690.41
81.3502	632.705
82.3519	716.083
83.3577	880.398
84.3608	1083.15
85.3682	1301.29
86.3687	1612.8
87.3711	2090.22
88.3717	2598.4
89.3734	3267.13
90.3757	3632.73
91.3763	4356.8
92.3769	4748.8
93.378	5493.71
94.3789	5824
95.3796	6294.4
96.3807	6825.17
97.3814	4592
98.382	5488
99.3834	5460.14
100.384	5409.6
101.386	4716.97
102.388	3610.38
103.39	2920.28
104.397	2669.31
105.4	2112.57
106.403	1641.47
107.407	1360.96
108.411	2121.64
109.411	2755.2
110.414	3040.32
111.415	3662.4
112.418	3968.06
113.419	4430.77
114.42	5040
115.421	5314.69
116.421	5779.2
117.423	6332.87
118.423	6227.2
119.425	6153.85
120.425	6417.6
121.425	6843.2
122.426	7470.4
123.427	8055.94
124.428	8288
125.429	8556.8
126.429	8758.4
127.43	8848
128.43	8926.4
129.431	9004.8
130.432	7351.05
131.433	3808
132.433	5902.4
133.433	6451.2
134.434	5801.6
135.436	3994.41
136.438	1967.27
137.481	869.798
138.494	652.964
139.501	633.962
140.531	598.639
141.54	622.222
142.548	744.444
143.553	870.119
144.559	1001.99
145.562	1284.15
146.567	1628.69
147.569	2023.15
148.571	2693.81
149.572	3214.4
150.575	3710.98
151.575	4312
152.577	4822.38
153.578	5247.55
154.581	5806.58
155.583	6523.08
156.583	6966.4
157.587	6699.9
158.587	4614.4
159.587	5678.4
160.589	5706.29
161.59	5516.08
162.592	4728.14
163.594	3255.94
164.6	1914.91
165.603	983.632
166.639	821.621
167.65	675.766
168.657	690.258
169.658	873.6
170.664	1013.12
171.671	1246.92
172.674	1553.69
173.678	1818.33
174.681	2088.14
175.684	2660.28
176.686	3163.27
177.689	3722.16
178.69	4262.94
179.69	4681.6
180.691	4710.49
181.693	5012.59
182.695	5594.4
183.695	6115.2
184.695	6596.8
185.695	6966.4
186.697	7127.27
187.697	7840
188.697	8209.6
189.698	8590.4
190.699	8760.84
191.7	4984
192.701	6041.96
193.702	6193.6
194.702	6204.8
195.704	5090.91
196.705	3144.05
197.712	1402.78
198.72	767.428
199.726	712.524
200.728	1186.01
