1.20346	7878.21
2.20614	5678.24
3.20649	5196.8
4.20684	6249.6
5.20952	6952.5
6.2122	7041.92
7.21255	7436.8
8.2129	7672
9.21442	8156.64
10.2159	8313.29
11.2174	8984.62
12.2178	7436.8
13.2193	8022.38
14.2197	7224
15.22	7660.8
16.2204	7593.6
17.2207	7358.4
18.2234	7086.63
19.2238	6899.2
20.2241	6809.6
21.2256	5482.52
22.226	6843.2
23.2275	6612.59
24.2278	5734.4
25.2305	5409.98
26.232	5225.17
27.2324	5152
28.2351	5309.38
29.2354	4704
30.2358	5140.8
31.2361	4345.6
32.2411	4546.87
33.2415	6652.8
34.2453	4578.27
35.248	4538.12
36.2518	4611.76
37.2522	4771.2
38.2537	4598.6
39.2552	4777.62
40.2567	4979.02
41.2571	4603.2
42.2598	4493.41
43.2624	6102.99
44.264	4934.27
45.269	4502.29
46.2728	4589.43
47.2732	4692.8
48.2758	4929.34
49.2762	4614.4
50.28	4913.26
51.2815	4979.02
52.2854	4332.6
53.2892	4701.1
54.2896	6641.6
55.2911	4632.17
56.2914	4681.6
57.293	4721.68
58.2945	4878.32
59.2983	5147.76
60.2998	4542.66
61.3002	4995.2
62.3052	4112.24
63.309	4544.77
64.3105	6299.3
65.3121	4587.41
66.3147	4493.41
67.3197	4580.3
68.3236	4768.1
69.3274	5147.76
70.3348	4726.91
71.3351	5062.4
72.3401	4435.42
73.3405	4659.2
74.342	4800
75.3447	6304.19
76.3485	4511.27
77.3489	4580.8
78.3504	4676.92
79.3507	4961.6
80.3522	4341.26
81.3572	4725.17
82.3599	3845.11
83.3638	4287.94
84.3688	4179.1
85.3691	6182.4
86.3695	4435.2
87.3733	4533.6
88.376	4694.61
89.3798	5091.92
90.3802	4905.6
91.3852	4964.14
92.3867	5146.85
93.3871	4368
94.3909	4812.76
95.3924	5482.52
96.3928	5958.4
97.3954	4169.26
98.3958	4547.2
99.3985	4437.52
100.401	3755.69
101.403	4184.62
102.405	4012.77
103.41	3878.21
104.413	3912.18
105.413	3449.6
106.415	6332.87
107.419	4455.43
108.421	4750.5
109.423	4766.43
110.426	4996.41
111.426	5096
112.429	5465.87
113.429	5846.4
114.431	6433.57
115.434	6242.07
116.435	7235.2
117.435	6731.2
118.435	5891.2
119.437	5605.59
120.441	4924.43
121.445	5214.75
122.447	4884.63
123.45	4281.04
124.454	4276.77
125.456	4348.1
126.461	3621.89
127.464	6494.21
128.465	4502.4
129.468	4600.6
130.471	4672.25
131.476	4892.34
132.479	5052.29
133.481	5532.93
134.482	5958.4
135.483	6142.66
136.486	5633.53
137.487	6903.5
138.49	5790.02
139.49	5476.8
140.491	5264
141.494	5164.07
142.495	5180.42
143.495	5443.2
144.497	5672.73
145.501	6130.41
146.502	5583.22
147.504	5840.56
148.505	7395.8
149.506	5443.2
150.506	5275.2
151.51	4455.43
152.514	4734.6
153.515	4430.77
154.517	3972.03
155.519	4247.5
156.52	3494.4
157.525	3376.72
158.529	4991.42
159.529	4256
160.529	4547.2
161.53	4726.4
162.531	4855.94
163.533	5124.48
164.537	5594.42
165.537	6193.6
166.538	7026.57
167.541	7723.75
168.543	7429.37
169.545	8450.3
170.594	6875.88
171.597	7433.13
172.599	7216.78
173.599	6944
174.601	6690.91
175.601	6025.6
176.605	6376.07
177.607	6382.44
178.609	5504.9
179.609	5712
180.611	5415.38
181.613	7176.05
182.615	5393.01
183.616	4654.54
184.62	5158.92
185.622	4397.2
186.623	4632.17
187.626	4448.7
188.631	4245.97
189.635	3528.61
190.64	3777.91
191.641	3871.33
192.643	5538.46
193.646	4705.79
194.649	4756.93
195.651	4990.21
196.651	5073.6
197.652	5398.4
198.653	5840.56
199.656	6371.26
