1.17225	5537.78
2.1726	5163.2
3.17528	5074.65
4.1768	6187.41
5.17831	6948.25
6.17866	7044.8
7.17902	7414.4
8.17937	7604.8
9.17972	8019.2
10.1801	8108.8
11.1816	8660.14
12.1819	6574.4
13.1823	7750.4
14.1838	6455.94
15.1842	7638.4
16.1845	7481.6
17.1849	7302.4
18.1864	7093.71
19.1879	6892.31
20.1894	6601.4
21.1898	5712
22.1901	6742.4
23.1905	6596.8
24.1908	5734.4
25.1912	5420.8
26.1938	5186.43
27.1942	5073.6
28.1946	5129.6
29.1961	4867.13
30.1999	4946.76
31.2003	4603.2
32.2053	4457.71
33.2056	6596.8
34.2095	4578.27
35.2121	4538.12
36.216	4578.27
37.2163	4681.6
38.269	4226.62
39.2705	5292.31
40.2709	4816
41.2712	4860.8
42.2716	4412.8
43.2731	6086.71
44.2758	4862.27
45.2796	4488.93
46.2811	4587.41
47.2815	4636.8
48.2853	4823.93
49.3322	4936.14
50.3349	4683.43
51.3353	4816
52.3356	4603.2
53.336	4603.2
54.3375	6623.78
55.339	4609.79
56.3393	4681.6
57.342	4705.79
58.3424	4827.2
59.3427	5006.4
60.3431	4760
61.3469	4779.26
62.3484	4419.58
63.3488	4468.8
64.3515	6293.01
65.3518	4502.4
66.3533	4520.28
67.356	4549.3
68.3587	4728.14
69.3625	4991.42
70.364	4911.89
71.3644	4860.8
72.3694	4591.44
73.3732	4600.6
74.3736	5040
75.3739	6025.6
76.3766	4504.59
77.377	4569.6
78.3773	4614.4
79.38	4839.92
80.3804	4491.2
81.6238	3676.27
82.6253	5180.42
83.6268	4117.48
84.6284	4117.48
85.631	6326.55
86.6337	4381.64
87.6341	4524.8
88.6379	4723.43
89.6406	5007.58
90.6409	4972.8
91.6425	4800
92.6707	4456.03
93.6722	5169.23
94.6772	4636.02
95.6776	6552
96.7501	4837.31
97.7504	4323.2
98.7519	4408.39
99.7523	4177.6
100.753	4076.8
101.754	4072.73
102.757	3934.53
103.758	3871.33
104.796	3888.14
105.796	4412.8
106.797	5622.4
107.797	4558.4
108.798	4766.43
109.799	4849.6
110.799	4984
111.802	5164.07
112.802	5476.8
113.804	5795.8
114.804	6462.4
115.804	5532.8
116.805	7750.4
117.805	5588.8
118.807	5751.05
119.808	5359.44
120.81	5079.72
121.812	5041.12
122.813	4748.8
123.817	4243.27
124.817	4244.8
125.894	3202.97
126.894	6036.8
127.895	5376
128.897	4549.3
129.898	4625.6
130.898	4793.6
131.898	4849.6
132.899	5140.8
133.899	5532.8
134.901	5974.83
136.034	4749.12
137.034	6473.6
138.037	6874.25
139.039	5477.04
140.042	5287.02
141.045	5253.49
142.045	5174.4
143.045	5208
144.046	5409.6
145.047	5739.86
146.053	4642.54
147.054	6540.8
148.054	7470.4
149.055	5275.2
150.057	5275.85
151.066	3944.44
152.066	5566.4
153.07	4567.1
154.074	4142.77
155.074	4121.6
156.124	3210.67
157.126	4061.54
158.126	3640
159.127	5163.2
160.127	4513.6
161.129	4643.36
162.13	4766.43
163.13	4984
164.131	5275.2
165.131	5790.4
166.131	6384
167.132	7000
168.139	6428.6
169.141	8290.91
170.141	7392
171.141	6227.2
172.142	7224
173.143	6993.01
174.144	6720
175.144	6596.8
176.144	5779.2
177.145	6204.8
178.145	5891.2
179.145	5398.4
180.146	5510.4
181.146	5801.6
182.146	6787.2
183.162	4115.86
184.162	5824
185.163	4972.8
186.165	4437.52
187.167	4486.71
188.169	4269.86
189.17	3852.8
190.175	3588.46
191.184	2908.23
192.188	6320.24
193.189	4547.2
194.189	4659.2
195.193	4913.26
196.194	4979.02
197.195	5230.4
198.195	5476.8
199.197	5952.45
200.197	6473.6
