1.23055	1168.21
2.23323	4292.21
3.23358	5353.6
4.2351	5225.17
5.23545	5062.4
6.23813	5130.54
7.23848	5152
8.23883	5364.8
9.23919	4838.4
10.2395	4737.6
11.2399	4928
12.274	5924.95
13.2743	7492.8
14.277	8126.15
15.2774	8467.2
16.2777	8646.4
17.2781	9049.6
18.2784	9027.2
19.2788	8904
20.2814	8975.65
21.2825	5997.2
22.2828	7246.4
23.2855	7243.11
24.287	6825.17
25.2897	4459.88
26.2924	1900.2
27.2927	1321.6
28.3	1345.78
29.305	1415.32
30.3112	1380.52
31.3174	1324.85
32.3177	1870.4
33.3367	2332.42
34.3382	3345.45
35.5037	2393.82
36.5041	3561.6
37.5044	3942.4
38.5071	5409.98
39.5075	7033.6
40.5078	8321.6
41.5082	8982.4
42.5085	9049.6
43.5089	9072
44.5092	8960
45.5096	8915.2
46.5106	6209.79
47.511	7246.4
48.5136	7243.11
49.5163	6717.76
50.519	4504.59
51.5228	1954.14
52.529	1347.12
53.5352	1235.79
54.5379	1453.09
55.5417	1351.15
56.5444	1274.25
57.5692	1760.94
58.5707	2293.71
59.5733	3207.98
60.5737	4211.2
61.5741	6238.4
62.5744	7974.4
63.5748	8590.4
64.6228	8880.92
65.6232	9004.8
66.6235	9083.2
67.6285	8971.14
68.6289	9676.8
69.6292	9497.6
70.6296	9094.4
71.6299	9049.6
72.6303	9072
73.6306	9049.6
74.631	8937.6
75.6313	8960
76.6317	8904
77.632	8960
78.6324	9139.2
80.1398	4451.76
81.1409	5762.24
82.1435	7276.65
83.1462	6538.92
84.1489	4996.41
85.1516	2336.13
86.1636	1683.88
87.1639	1332.8
88.1724	1233.33
89.1809	1233.33
90.1847	1339.98
91.1909	1235.79
92.1913	1926.4
93.1939	2995.61
94.1943	3897.6
95.1946	4513.6
96.195	5712
97.1953	7504
98.1957	8624
99.196	8971.2
100.196	9072
101.197	9072
102.197	9094.4
103.197	9105.6
104.2	9053.89
105.2	9094.4
106.201	8870.4
107.208	2224.43
108.211	3655.09
109.211	5924.8
110.212	6451.2
111.213	4979.02
112.216	2168.46
113.216	1388.8
114.226	1298.71
115.231	1359.6
116.235	1384.65
117.236	1376.22
118.251	1314.4
119.998	1628.39
121	3118.56
122.003	4929.34
123.005	6265.73
124.005	7616
125.005	8288
126.006	8926.4
127.006	9072
128.006	9072
129.007	9016
130.007	9206.4
131.007	9049.6
132.008	8411.2
133.008	6316.8
134.008	7190.4
135.008	7212.8
136.011	6427.15
137.011	3427.2
138.012	1590.4
139.013	1488.11
140.018	1292.74
141.025	1423.63
142.029	1384.65
143.037	1312.41
144.04	1875.97
145.075	2447.97
146.075	3651.2
147.076	4710.49
148.078	5974.83
149.078	7000
150.079	8579.2
151.079	8982.4
152.079	9072
153.08	9072
154.48	4040
155.481	7011.2
156.481	6585.6
157.483	6579.02
158.485	5197.6
159.487	2483.92
160.494	1479.24
161.504	1309.81
162.504	1400
163.51	1402.78
164.511	1388.8
165.512	1443.36
166.514	2394.41
167.516	3565.67
168.518	4139.86
169.519	4386.01
170.521	5795.8
171.521	7470.4
172.522	8624
173.522	8948.8
174.522	8993.6
175.523	9027.2
176.523	8971.2
177.523	8993.6
179.048	4468.24
180.049	7224
181.049	7112
182.051	6545.45
183.052	4598.6
184.053	2262.4
185.06	1468.12
186.061	1275.52
187.068	1335.98
188.074	1391.65
189.075	1376.22
190.078	1341.32
191.078	1926.4
192.08	2965.03
193.08	4244.8
194.081	5342.4
195.081	6518.4
196.081	7526.4
197.082	8366.4
198.082	9027.2
199.082	9049.6
200.083	9016
