1.03004	2529.03
2.03621	2683.1
3.04005	4388.43
4.0404	5163.2
5.04191	5191.61
6.04459	5219.96
7.04843	5572.08
8.04995	6612.59
9.0503	6899.2
10.0518	7586.01
11.0522	8075.2
12.0537	7317.48
13.054	6764.8
14.0556	6254.54
15.0582	6013.57
16.0586	5958.4
17.0589	6171.2
18.0628	5158.92
19.0666	4466.6
20.067	3001.6
21.0824	1831.72
22.1095	1330.48
23.125	882.758
24.1626	680.424
25.2048	515.93
26.2343	435.374
27.2474	641.263
28.2617	640.631
29.2621	616
30.295	510.077
31.2986	3014.96
32.3036	2384.88
33.3051	2394.41
34.3054	3292.8
35.307	6109.09
36.3096	8215.57
37.3112	8604.2
38.3115	8724.8
39.3119	8590.4
40.3134	8704.89
41.3149	8626.57
42.3176	8271.46
43.3191	7720.28
44.3218	7321.36
45.3256	6543.57
46.326	5880
47.3275	5213.99
48.3301	4124.55
49.334	3316.45
50.339	2719.2
51.3405	1935.66
52.3537	1171.96
53.354	918.4
54.3544	817.6
55.3791	612.5
56.419	431.183
57.4194	425.6
58.4221	2168.46
59.4259	4600.6
60.4274	6869.93
61.4301	8651.5
62.4316	8481.12
63.4331	8537.06
64.4335	8680
65.4339	8601.6
66.4342	8601.6
67.4369	8617.96
68.4384	8716.08
69.4387	8523.2
70.4391	8400
71.4406	7653.15
72.4433	7108.98
73.4436	6305.6
74.4452	5728.67
75.4478	4996.41
76.454	3985.69
77.459	2696.92
78.4675	1966.67
79.5109	1406.71
80.5159	769.721
81.5349	572.102
82.5701	454.492
83.5798	466.204
84.5929	685.488
85.6014	544.444
86.6015	4648
87.6089	3325.52
88.6127	2389.63
89.6177	3365.57
90.6192	5639.16
91.6219	7913.77
92.6234	8660.14
93.6238	8736
94.6241	8579.2
95.6245	8680
96.6248	8691.2
97.6252	8355.2
98.6279	7958.48
99.6282	7358.4
100.631	6438.32
101.635	5326.42
102.639	4354.94
103.64	3524.48
104.642	2741.26
105.652	1652.28
106.663	1108.91
107.682	770.137
108.684	626.573
109.707	613.098
110.73	624.657
111.733	2735.79
112.74	2471.57
113.746	2415.9
114.746	3091.2
115.749	5354.09
116.749	7840
117.75	8601.6
118.75	8713.6
119.75	8590.4
120.751	8769.6
121.752	8738.46
122.754	8503.5
123.755	8089.51
124.755	7526.4
125.757	6847.55
126.757	6003.2
127.761	5047.26
128.762	4390.4
129.767	3889.35
130.767	2979.2
131.77	2157.28
132.772	1631.94
133.802	772.789
134.849	706.692
135.863	419.723
136.889	437.073
137.918	533.333
138.972	531.813
139.977	401.194
140.978	571.2
141.979	3920
142.984	2596.62
143.987	4974.05
144.988	7798.6
145.988	8635.2
146.99	8704.89
147.991	8570.63
148.993	8637.76
149.993	8635.2
150.995	8615.38
151.996	8716.08
152.999	8304.99
154.001	7966.43
155.001	7100.8
156.002	6377.62
157.005	5745.31
158.008	5119.36
159.013	4290.55
160.013	3348.8
161.015	2125.87
162.02	1026.29
163.028	844.444
164.066	594.021
165.079	597.038
166.13	490.199
167.174	429.53
168.175	436.363
169.176	3472
170.178	4996.41
171.18	7720.28
172.181	8593.01
173.182	8713.6
174.183	8581.82
175.185	8671.33
176.186	8615.38
177.188	8615.38
178.188	8635.2
179.19	8816.78
180.19	8556.8
181.193	8304.99
182.195	7779.64
183.198	6997.21
184.199	6299.3
185.203	5036.09
186.208	4223.68
187.21	3490.91
188.215	2641.19
189.219	1831.31
190.229	1120
191.268	830.828
192.319	512
193.342	284.652
194.349	768.19
195.353	2869.79
196.358	3276.42
197.36	5739.86
198.36	8243.2
199.36	8646.4
