1.00616	9374.4
2.01294	7102.98
3.01428	5247.55
4.016	4475.52
5.01701	4464.33
6.01791	4401.6
7.02052	4146.91
8.02058	3136
9.02355	2682.63
10.0262	2123.75
11.028	1577.62
12.029	2318.4
13.031	2783.23
14.0343	3495.11
15.0351	3718.4
16.037	3770.63
17.0403	3651.45
18.0409	4334.4
19.041	5331.2
20.0417	6552
21.0418	7884.8
22.0429	8369.23
23.0436	8747.2
24.0449	9006.99
25.0459	9116.8
26.0467	9195.2
27.0469	9206.4
28.0476	9094.4
29.0478	9150.4
30.0488	9174.83
31.0498	6355.24
32.0504	7246.4
33.0511	7235.2
34.0516	6776
35.0545	4370.46
36.0595	1927.96
37.0635	1127.82
38.0684	1048.6
39.069	918.4
40.0759	968.588
41.0798	982.652
42.0843	1305.18
43.086	1700.7
44.0865	2307.2
45.0866	2889.6
46.0868	3628.8
47.0868	4379.2
48.0873	5196.8
49.0888	6299.3
50.0895	6888
51.0907	7608.39
52.0917	8358.04
53.0928	8772.03
54.0935	8937.6
55.0946	8928.67
56.0949	9273.6
57.0957	9128
58.0987	8673.85
59.0995	4961.6
60.1006	3770.63
61.1016	1577.62
62.1046	1116.65
63.1141	987.908
64.1171	994.81
65.1231	1057.65
66.1279	1026.29
67.1315	1027.32
68.1395	1011.11
69.1456	935.188
70.1504	1271.71
71.1519	1734.27
72.1523	2441.6
73.153	3080
74.1551	3778.04
75.1554	4524.8
76.1573	5337.06
77.1576	6720
78.1587	7474.12
79.1589	8131.2
80.1593	9060.8
81.1599	8892.8
82.1608	9161.6
83.1618	9163.64
84.1621	9139.2
85.1626	9172.8
86.1634	6272
87.1636	5331.2
88.1637	7224
89.1638	6854.4
90.1644	5219.2
91.1718	2758.29
92.2059	1278.14
93.2059	1041.6
94.209	937.986
95.211	972.455
96.2221	930.563
97.2275	1170.15
98.2314	1540.98
99.2353	2032.3
100.238	2772.05
101.238	3875.2
102.239	4928
103.239	5902.4
104.24	6742.4
105.241	7672
106.242	8481.12
107.243	8960
108.243	9083.2
109.244	9172.8
110.244	9172.8
111.245	8369.23
112.246	6176.22
113.247	7235.2
114.248	6921.6
115.25	5879.44
116.252	2794.41
117.254	1432.17
118.258	1049.65
119.266	955.555
120.269	926.819
121.28	942.574
122.29	965.708
123.294	1383.27
124.298	1842.47
125.302	2378.46
126.303	3382.4
127.304	4110.4
128.304	5062.4
129.305	5560.84
130.305	6272
131.306	7127.27
132.307	7873.6
133.308	8593.01
134.309	9105.6
135.309	9105.6
136.309	9184
137.31	9217.6
138.31	9139.2
139.311	9273.6
140.311	9396.8
141.312	6932.8
142.313	6652.8
143.317	6554.73
144.318	3681.12
145.329	1541.39
146.336	1045.48
147.337	985.6
148.344	978.748
149.346	1040.56
150.362	1015.17
151.371	933.333
152.377	1091.05
153.378	1398.6
154.379	2038.4
155.379	2878.4
156.381	3520.96
157.383	4218.18
158.384	4945.45
159.384	5734.4
160.384	6832
161.385	8075.2
162.386	8704.89
163.387	8937.6
164.388	9184
165.388	9228.8
166.389	9206.4
167.39	9197.2
168.39	9217.6
169.392	5113.29
170.396	4042.27
171.409	1702.67
172.416	1078.85
173.421	981.673
174.426	959.362
175.427	1029.37
176.432	1015.14
177.437	1014.13
178.443	1002.98
179.447	892.43
180.451	1049.65
181.455	1427.89
182.457	2148.25
183.459	2760.88
184.461	3669.93
185.463	4956.64
186.464	5751.05
187.466	6377.62
188.466	7324.8
189.467	8089.51
190.468	8702.4
191.468	9016
192.469	9206.4
193.47	9464
194.471	7630.77
195.472	5331.2
196.472	6462.4
197.473	3561.6
198.489	1489.66
199.491	1039.52
200.493	1096.5
