1.13294	1723.88
2.1545	1360.23
3.18125	261.988
4.44163	142.222
5.44523	468.993
6.56601	390
7.57988	121.618
8.60424	743.75
9.66973	294.46
10.7748	243.257
11.86	103.225
13.7348	89.647
14.7796	675.862
15.8172	162.005
16.9397	239.572
18.8133	17.939
20.8133	5.6
21.8952	155.411
23.1546	35.583
24.5663	39.688
25.5729	267.196
26.6318	190.548
27.7042	219.402
28.7267	120.547
29.7538	130.866
30.8794	19.911
31.8912	631.454
32.8912	78.4
33.9213	326.213
35.0089	185.464
36.0576	438.167
37.1487	359.303
38.1541	456.915
39.5054	140.932
40.5339	512.062
42.1899	81.208
43.317	208.695
44.4006	744.598
45.4196	77.013
46.722	154.838
47.7911	440.037
48.8057	220.907
50.4835	133.571
51.6398	368.166
52.6398	33.6
53.7291	401.101
54.8021	261.194
56.0417	54.237
57.0682	251.072
58.0682	22.4
59.1086	161.538
60.1299	318.119
61.3311	37.302
62.4231	441.025
63.4599	270.27
64.575	100.448
65.6051	478.446
66.6278	328.767
68.4955	239.957
69.8793	56.688
71.7872	229.05
72.8545	167.947
73.9554	417.454
74.9829	381.694
76.024	494.908
77.1302	293.67
78.1352	189.452
79.4556	161.212
80.4607	980.696
81.47	88.8
82.5761	405.063
83.579	424.75
84.579	56
85.6439	494.736
86.6922	160.305
87.8061	271.698
88.8085	22.355
90.2895	219.311
91.4028	271.698
92.5045	244.141
93.5411	172.972
94.6517	181.621
95.7222	293.084
97.0385	59.574
98.5123	106.449
99.5547	161.228
100.575	351.372
101.665	226.262
102.665	22.4
103.713	363.705
104.763	672.64
106.197	218.841
107.63	46.894
108.716	619.354
109.723	122.465
110.791	461.423
111.822	217.475
112.953	287.179
113.991	280.81
115.008	198.23
116.978	142.204
118.084	111.392
119.129	267.942
120.174	311.111
121.242	482.397
122.242	11.2
123.252	232.871
124.3	160.458
125.366	357.223
126.665	69.029
127.764	693.624
128.775	576.063
129.808	477.057
130.912	274.161
131.962	352.335
132.977	508.086
134.047	282.616
135.14	307.41
136.227	175.322
137.238	221.562
138.254	242.519
139.378	179.519
140.401	153.274
141.416	309.27
142.938	73.587
144.067	29.76
145.17	446.781
146.177	801.59
147.211	357.446
148.211	22.4
149.263	287.725
150.896	68.585
152.002	384.81
153.002	22.4
154.158	58.181
155.801	197.807
157.392	28.158
158.837	54.293
160.101	168.487
161.101	22.4
162.107	200.397
163.127	329.735
164.146	132.023
165.216	272.149
166.418	37.302
167.499	372.987
168.583	216.974
169.599	187.401
170.625	218.536
171.7	197.953
172.767	283.411
174.434	121.008
176.127	211.82
177.137	576.633
178.178	215.384
179.185	611.717
180.269	330.932
181.274	145.019
182.344	376.822
184.332	157.746
185.333	761.6
186.357	842.187
187.379	1227.4
188.38	167.832
189.404	339.062
190.451	321.223
191.494	343.953
192.523	174.149
193.577	308.452
194.636	444.612
195.895	26.687
196.924	261.224
197.983	317.58
199.021	194.406
200.404	113.458
202.404	5.6
204.326	489.49
205.712	177.777
206.84	39.716
207.842	2092.31
208.939	602.919
210.32	154.091
211.358	86.403
212.495	246.262
213.553	254.304
214.558	256.573
215.606	224.427
217.162	201.672
218.226	242.105
219.943	182.644
220.944	302.4
222.019	635.534
223.118	306.01
224.16	816.89
225.179	616.11
226.221	687.907
227.503	200.936
228.991	105.447
230.067	197.953
232.848	52.355
233.864	816.551
234.895	2411.64
235.897	2058.74
236.903	1592.05
237.903	1321.6
238.924	877.571
239.961	648.648
241.037	427.162
242.041	267.996
243.128	432.75
244.213	216.774
245.307	194.693
246.368	486.037
247.405	183.606
248.475	177.943
249.537	305.838
250.762	54.901
251.877	180.969
252.894	407.472
254.778	237.791
256.52	283.055
257.557	723.625
258.568	432.047
259.578	1110.01
260.606	533.852
261.615	976.808
262.709	420.128
263.773	200
264.774	44.8
265.792	1760.31
266.792	616
267.892	40.764
268.952	211.52
270.687	213.148
271.778	307.974
272.83	372.623
273.949	80.143
274.985	367.567
276.043	434.437
277.059	341.732
278.954	236.536
280.464	252.352
281.536	115.032
282.63	235.466
283.934	85.955
284.944	266.138
286.274	25.263
287.324	330.981
288.342	297.345
289.445	324.932
290.575	79.292
292.355	44.069
293.453	142.805
294.482	326.848
295.592	222.182
296.609	264.306
297.925	68.136
299.66	155.017
300.71	224
301.749	194.219
302.774	207.609
303.83	265.151
304.959	39.681
306.514	108.108
307.61	173.722
308.632	471.232
309.825	65.771
310.826	749.65
311.83	1572.91
312.836	2496.32
313.842	1759.05
314.861	1474.26
315.864	1162.47
316.884	977.254
317.889	724.378
318.92	727.837
319.956	779.13
320.972	793.7
321.981	888.888
323.032	916.46
324.065	900.775
325.065	974.4
326.12	870.521
327.187	462.288
328.208	372.967
329.231	394.52
330.241	399.207
331.286	622.222
332.297	2306.53
333.299	4967.83
334.299	8355.2
335.299	9228.8
336.301	8973.43
337.302	9018.18
338.304	8279.72
339.304	8702.4
340.306	8570.63
341.307	8257.34
342.308	7862.4
343.338	7165.83
344.34	7462.94
345.34	7089.6
346.367	7252.19
347.376	7111.11
348.402	7080.58
349.428	7080.58
350.429	7183.22
351.431	6366.43
352.432	6802.8
353.434	6288.11
354.46	5791.22
355.486	6129.95
356.486	6294.4
357.487	5862.94
358.505	5704.62
359.506	5880
360.507	6165.03
361.509	6265.73
362.509	6238.4
363.51	6220.98
364.515	5906.47
365.526	6010.3
366.527	6081.6
367.527	6451.2
368.527	6339.2
369.56	5415.5
370.561	5980.8
371.561	5913.6
372.595	6488.2
373.609	6185.4
374.647	5432.59
375.647	5958.4
376.649	6254.54
377.649	6608
378.651	5806.99
379.652	5538.46
380.653	5936
381.653	6496
382.653	6428.8
383.676	5380.82
384.676	5992
385.676	5924.8
386.7	6382.79
387.707	6228.4
388.758	5482.67
389.758	5969.6
390.758	6081.6
391.759	6720
392.76	5930.07
393.761	5443.2
394.761	5958.4
395.763	6377.62
396.808	6237.7
397.81	5751.05
398.838	5643.58
399.848	5960.75
