1.56392 293.9142300000001
3.32551 286.84233000000006
4.54139 280.79939
5.54609 281.59509
7.03381 289.21301
8.09147 289.05043
9.12206 288.53413
10.155 288.23338
11.1623 286.12388
12.1929 282.95569
14.1044 283.27103
15.166 283.80983000000003
16.1908 270.77722000000006
17.1946 270.32926000000003
18.2427 268.97265999999996
19.8062 269.3728499999999
20.9096 270.11235999999997
22.3734 268.55148999999994
23.4037 271.3061699999999
24.7847 269.5678099999999
26.0163 271.20258999999993
27.0472 269.84955
28.1767 267.0003
29.305 263.13458
30.5205 263.51148
31.5249 264.3672899999999
32.6082 257.07606
33.7296 256.38601000000006
34.8602 256.61599000000007
35.9118 259.21007000000003
37.6832 258.87707
38.7824 260.12787000000003
39.8226 260.97215000000006
40.8378 257.71234000000004
42.3824 258.72197000000006
44.0263 262.60916000000003
45.3523 263.95514000000003
46.8276 264.69843000000003
48.2426 264.3743
49.2988 272.22861
50.344 270.04626
51.4424 269.72473
52.7044 276.42220000000003
54.3419 277.40596
55.5782 281.64038
56.6498 286.48393000000004
57.8564 284.62739
59.1298 286.89691999999997
60.1964 288.22986999999995
61.4588 283.0653299999999
62.7269 286.13259
63.7288 285.01679
64.79 286.48522999999994
65.8007 286.91812999999996
66.8031 285.11522999999994
68.2709 278.83788999999996
70.0078 277.22706999999997
71.2864 275.31343
72.7639 272.41202999999996
73.8358 270.74418999999995
75.0284 270.48291
76.1545 272.92707
77.4014 271.08227
78.4593 269.17116000000004
80.277 267.14493999999996
81.2774 270.77378
83.033 270.44455999999997
84.1154 268.8749699999999
85.1742 269.9076
86.199 264.6537
87.2224 264.77859
88.2602 260.38966
89.8561 258.34315000000004
90.9001 262.47736000000003
91.9339 260.19728
93.8144 260.09297000000004
95.2048 260.46524000000005
97.2625 261.67661000000004
98.4518 261.40192
99.6223 261.26599999999996
100.629 262.52043999999995
102.542 261.27909
103.627 263.13946000000004
104.645 261.19197
105.66 258.21652
107.395 257.49129
108.492 257.67506000000003
109.505 250.83184
110.722 249.86544000000004
112.34 244.93525
113.807 250.20214
114.839 254.10339000000002
116.225 255.72789000000003
117.283 254.83464000000004
118.544 252.84046000000004
120.558 254.63400000000001
121.948 254.64871999999997
123.426 256.1528
124.44 257.87176000000005
125.513 259.41529
126.602 255.65811000000002
127.803 259.07936
128.835 253.38878000000003
129.848 241.54464000000002
131.532 232.87979
132.624 238.76597
133.842 241.39419
135.164 240.88297
136.371 242.92535
137.371 242.90714000000003
138.428 242.51475000000002
139.429 241.08650000000003
140.464 240.57508
141.473 240.04774
142.543 236.9602
143.63 236.22073999999998
144.89 235.68981
145.891 238.45269
147.693 236.43047
148.722 238.95995
149.812 239.26734000000002
151.389 242.54643
153.07 248.13997999999998
154.246 250.77384
155.334 250.95744
157.162 250.55146000000002
158.232 250.93669000000003
159.259 250.78958
160.274 245.9809
161.332 243.21308000000002
162.357 243.70640000000003
163.429 243.98809000000006
164.823 245.49542000000002
165.871 253.18074000000004
166.893 253.12472000000002
168.121 249.38356000000002
169.141 249.55041
170.202 250.73538
171.23 251.78310000000002
172.609 244.39882000000006
174.073 243.67422000000002
175.129 249.51332000000002
176.592 240.66897
177.67 243.29247
178.67 243.38653999999997
180.031 244.27812999999995
181.073 246.90290000000005
183.048 249.06777
184.31 252.60952
185.312 258.50717
186.344 262.22164
187.415 265.90667
188.871 265.53792
190.103 268.61579
191.193 268.05379000000005
192.226 273.1068399999999
193.497 275.56131999999997
194.879 277.97344999999996
195.986 283.10837000000004
197.009 291.5552200000001
198.021 294.87846
199.068 297.88770000000005
201.243 300.91861
202.305 307.04321
203.356 315.24621999999994
205.453 320.9257199999999
206.498 327.60049
207.582 333.50793
208.838 338.64032999999995
209.853 349.02185000000003
211.814 357.62674000000004
212.922 367.31708000000003
213.928 381.4794700000001
215.27 392.71068
216.3 414.48959
217.619 437.42379999999997
218.621 458.37919
219.775 481.26930000000004
221.171 505.61365
222.176 530.94159
223.443 553.78353
224.506 579.0335900000001
225.584 606.4277700000001
226.97 635.5522100000002
227.971 670.9768600000001
229.016 703.05506
230.653 735.4962200000001
232.081 773.6512100000002
233.543 812.0443000000001
234.602 844.5185900000001
235.649 874.4003700000001
236.717 905.5405900000001
237.741 936.5586099999999
238.839 968.78237
239.91 1001.63629
240.968 1035.3903400000002
241.987 1071.67686
243.655 1103.3024500000001
244.7 1131.75677
245.725 1167.54999
246.776 1207.02912
253.771 1237.61384
254.833 1267.6513600000003
256.698 1302.4221
257.704 1344.06264
259.028 1374.57274
260.887 1403.0060999999998
262.964 1435.4607899999999
264.187 1468.79765
265.207 1507.4012799999998
266.5 1541.50957
268.083 1571.7203100000002
269.337 1605.25854
270.705 1645.67687
272.504 1685.30308
273.918 1719.17652
275.027 1748.0568700000001
276.074 1781.2031200000001
277.123 1819.7762400000001
278.556 1853.0249099999999
279.62 1884.58234
280.647 1910.06946
282.419 1939.9864
283.778 1976.4819400000001
287.016 2012.6440499999999
288.139 2042.3206799999998
289.182 2074.98699
292.717 2113.9679300000003
294.11 2152.6270100000006
295.141 2188.8171800000005
