1.56973 3024.4604599999993
2.5706 3035.4980899999996
4.34173 3004.7727899999995
6.14438 2998.6946900000003
7.49948 2997.72139
8.6184 3005.8527900000004
9.62224 3006.81509
10.64 3008.04539
11.6427 3020.15549
12.678 3032.48129
13.6803 3041.5439899999997
14.6845 3055.99639
15.6848 3079.0003899999997
16.7049 3100.7283899999993
18.2811 3108.6342899999995
19.2813 3123.7282899999996
20.3236 3132.71019
21.3244 3124.9407899999997
22.7984 3120.0878900000002
23.7992 3138.23959
25.0837 3122.84859
26.7646 3167.2413899999997
27.7661 3164.76259
28.7885 3154.09489
29.8342 3136.52539
30.9822 3122.5903900000003
32.9608 3154.70019
33.9611 3213.3088900000002
34.9963 3208.0721900000003
36.1967 3201.81809
37.6576 3237.658090000001
39.5795 3258.6871900000006
40.5802 3280.6899900000003
41.5821 3299.50599
42.5824 3309.2273900000005
43.797 3291.19199
45.3035 3293.74099
46.7765 3328.73229
47.7843 3320.03469
48.7848 3317.28289
50.5763 3301.98379
51.5808 3285.5370900000007
52.8425 3299.4835900000007
54.4055 3304.3904900000007
55.5188 3312.853690000001
56.5195 3289.4966100000006
57.8599 3272.83901
59.7667 3289.680610000001
61.5717 3294.6639100000007
63.3275 3318.4395100000006
65.1238 3343.7336100000007
66.9449 3327.008010000001
68.3628 3355.8231100000007
69.3703 3370.6238100000005
70.3726 3379.4809099999998
71.8696 3347.0699099999997
73.4099 3374.61351
74.9202 3411.67471
76.804 3448.7022100000004
78.1481 3480.8656099999994
79.2886 3527.7242499999993
80.2887 3543.2484500000005
81.5826 3535.2089499999997
83.1499 3565.1048499999997
84.6939 3597.44465
85.7756 3607.5338499999993
86.8378 3602.5404499999995
87.8401 3620.69715
88.9313 3636.52725
90.5932 3644.461950000001
91.6439 3668.2495500000005
93.6229 3686.382850000001
95.2934 3682.2929500000005
96.964 3688.7036500000004
97.9651 3708.5349500000007
98.9675 3733.1045500000005
100.029 3735.97395
101.029 3778.17265
102.732 3781.3086500000004
104.342 3797.0347500000003
105.455 3823.5887500000003
106.501 3845.94405
107.844 3810.6199500000002
108.866 3824.2486500000005
110.17 3791.72595
111.297 3787.1189499999996
112.497 3781.5794499999997
113.821 3771.0724499999997
115.466 3769.43902
116.846 3746.5800499999996
118.488 3735.39005
119.602 3731.77145
120.604 3705.2894499999998
121.92 3663.6414499999996
123.448 3656.4030499999994
125.251 3651.2119499999994
126.6 3648.1028499999998
127.738 3657.06518
128.74 3654.53168
129.745 3657.9344800000003
130.75 3673.41248
131.752 3693.1418799999997
132.756 3711.23848
133.76 3749.6570800000004
134.761 3756.51568
135.762 3779.88328
137.354 3789.04608
138.356 3808.44668
139.357 3791.1529800000003
141.044 3794.2084800000002
142.045 3796.77398
143.047 3789.4133799999995
144.047 3780.9098799999997
145.832 3779.83288
146.916 3779.4141799999998
147.918 3776.14028
149.004 3772.42238
150.006 3783.4195799999993
151.007 3786.44058
152.013 3791.0194800000004
153.014 3794.31648
154.284 3753.39098
155.861 3757.99848
157.492 3763.0717799999998
159.209 3781.6696800000004
160.212 3775.68798
161.212 3746.87678
162.525 3717.5929800000004
163.6 3753.89968
164.6 3775.75488
166.578 3749.2982800000004
167.58 3763.97778
168.581 3778.57258
169.709 3771.74058
170.773 3750.77538
172.225 3781.52418
173.225 3805.6453799999995
174.455 3784.1982799999996
175.462 3786.09168
176.818 3801.22928
178.665 3822.8003799999997
180.057 3845.8945799999997
181.058 3829.7556799999998
183.072 3831.9215799999997
184.517 3845.30478
185.581 3869.1115600000003
186.583 3867.9216600000004
187.681 3868.7466600000002
188.706 3877.36816
189.707 3878.03266
190.897 3847.98626
191.959 3895.42406
193.981 3912.75576
195.075 3922.77316
196.688 3947.0247600000002
197.689 3989.9863600000003
198.73 4010.87686
199.731 4024.94586
200.731 4042.7538600000003
201.748 4057.42586
202.777 4076.14956
203.904 4114.0473600000005
204.921 4146.982959999999
205.965 4162.90056
207.364 4193.54956
208.364 4244.36746
209.387 4281.722060000001
210.477 4318.89376
211.954 4344.92486
213.002 4400.691960000001
214.002 4445.97166
215.569 4478.22766
