1.00794	6881.12
2.00829	8131.2
3.00864	8388.8
4.01132	9132.13
5.01167	9116.8
6.01202	9060.8
7.0147	9165.67
8.01505	9172.8
9.01657	8928.67
10.0181	9286.71
11.0184	9262.4
12.02	8783.22
13.0203	9105.6
14.0207	8937.6
15.0222	8794.41
16.0248	8651.5
17.0252	8478.4
18.0267	8033.57
19.0271	8220.8
20.0286	7541.26
21.0301	7530.07
22.0328	7064.27
23.0331	6809.6
24.0346	6366.43
25.0362	5986.01
26.0388	5790.02
27.0392	5017.6
28.0419	4884.63
29.0422	4166.4
30.0461	4120.44
31.0511	3644.18
32.0526	3390.21
33.0576	2596.62
34.0684	2251.09
35.0688	2318.4
36.0714	4336.93
37.073	4027.97
38.0745	4027.97
39.0771	4258.68
40.0787	5146.85
41.079	6697.6
42.0805	8111.89
43.0832	9098.6
44.0879	1918.72
45.0897	7306.29
46.0901	8904
47.0904	9049.6
48.0908	9206.4
49.0911	8825.6
50.0926	9141.26
51.0941	9107.69
52.0957	9107.69
53.096	9094.4
54.0964	9161.6
55.0979	9241.96
56.0982	8803.2
57.0997	8917.48
58.1013	8402.8
59.1016	8534.4
60.102	8265.6
61.1023	7974.4
62.1027	7728
63.103	7056
64.1034	6955.2
65.1049	6332.87
66.1087	6074.58
67.1102	5639.16
68.1118	5236.36
69.1133	4900.7
70.1148	4206.99
71.1175	4135.73
72.1236	3540.36
73.1275	3383.45
74.129	3132.87
75.1328	4790.43
76.1332	3942.4
77.1347	4061.54
78.1374	4225.15
79.1412	4801.6
80.1427	5795.8
81.1454	6069.46
82.1469	6534.27
83.1473	7089.6
84.15	7332.53
85.1515	8033.57
86.1542	7254.29
87.1557	6646.15
88.1572	6243.36
89.1587	6053.15
90.1602	5337.06
91.1629	5141.72
92.1667	4533.6
93.1694	4191.62
94.1698	3808
95.1759	2994.83
96.1763	2688
97.1778	2539.86
98.1782	2150.4
99.1808	4772.85
100.184	3822.75
101.19	3818.69
102.19	4144
103.19	4928
104.192	6276.92
105.192	7582.4
106.193	7750.4
107.194	8413.99
108.194	8713.6
109.196	8962.24
110.197	8637.76
111.199	8201.4
112.199	8332.8
113.2	7683.2
114.202	7645.51
115.204	7216.78
116.216	6724.43
117.216	6697.6
118.218	6008.39
119.22	5857.08
120.223	5510.58
121.223	5040
122.224	4894.4
123.224	4603.2
124.227	4336.93
125.231	3729.61
126.236	3432.44
127.24	3383.45
128.242	3096.21
129.248	2994.83
130.257	2522.22
131.26	2280.24
132.262	1788.42
133.278	1633.1
134.286	1600
135.289	1251.9
136.292	3286.23
137.294	6360.08
138.298	4712.26
139.302	3595.61
140.303	4710.49
141.306	6415.97
142.306	7974.4
143.307	8982.4
144.308	8593.01
145.309	9184
146.309	8848
147.309	9139.2
148.311	8973.43
149.311	8825.6
150.312	8713.6
151.313	8570.63
152.313	8131.2
153.314	8276.8
154.317	7578.44
155.319	7533.73
156.32	6966.4
157.322	6326.55
158.325	6348.9
159.328	5622.35
160.33	5309.38
161.333	5041.12
162.336	4594.01
163.341	4457.71
164.346	4011.94
165.347	5706.29
166.352	4591.44
167.354	4855.94
168.356	5029.94
169.359	5097
170.359	5454.4
171.362	6024.75
172.366	6029.91
173.367	6299.3
174.371	6688.73
175.374	7578.44
176.374	6552
177.375	6574.4
178.375	5756.8
179.375	5555.2
180.378	4906.99
181.378	4782.4
182.382	4299.1
183.387	3711.04
184.393	3395.63
185.396	3185.63
186.399	2626.75
187.405	2382.5
188.408	3945.71
189.411	5136.59
190.412	4569.6
191.412	4502.4
192.416	4745.76
193.42	5594.42
194.42	6731.2
195.421	8176
196.441	8828.24
197.441	9027.2
198.441	9240
199.443	8716.08
