1.02655	3667.45
2.02806	1700.7
3.05517	741.577
4.06599	620.99
5.10124	519.42
6.16091	359.584
7.18379	350.684
8.18709	435.493
9.20123	463.905
10.2298	435.797
11.2351	479.203
12.2379	514.171
13.2516	563.869
14.2573	624.079
15.2576	716.8
16.2665	822.222
17.2738	923.138
18.2755	1029.37
19.2835	1177.78
20.2905	1380.52
21.3965	1255.7
22.3982	1544.06
23.4007	2011.98
24.4022	2293.71
25.4051	2257.88
26.4073	2570.86
27.4077	2788.8
28.4097	3140.92
29.4124	3465.07
30.4132	3617.6
31.4144	3613.99
32.4159	3636.36
33.4169	3882.52
34.4186	4128.67
35.4205	4363.64
36.4209	4592
37.4218	5006.4
38.4235	5337.06
39.4249	5616.78
40.426	5851.75
41.4264	6104
42.427	6316.8
43.4277	6574.4
44.428	6865.6
45.4282	7112
46.4289	7358.4
47.4312	4191.62
48.4314	4849.6
49.432	4379.2
50.4325	4200
51.4348	4213.97
52.4368	3848.95
53.4378	3278.32
54.4395	2405.59
55.462	1446.57
56.5019	862.367
57.5101	688.888
58.5154	1058.71
59.5256	1208.71
60.5297	1416.73
61.5314	1622.38
62.5348	1875.97
63.5398	2108.37
64.5413	2282.52
65.5436	2582.03
66.544	2856
67.5457	3255.94
68.548	3599.2
69.5493	3815.38
70.5505	4072.73
71.5515	4345.6
72.5522	4648
73.5529	4928
74.5675	4539.64
75.5691	4397.2
76.5699	5062.4
77.5705	5096
78.5728	5074.65
79.5745	4990.21
80.5766	4526.95
81.5787	4839.92
82.5807	4549.3
83.5818	4139.86
84.5822	3942.4
85.5831	2654.4
86.5836	4177.6
87.5845	4211.2
88.5848	4536
89.5861	4386.01
90.5866	4793.6
91.588	5113.29
92.5893	5079.72
93.5896	5353.6
94.5909	5650.35
95.5922	3916.08
96.5931	5588.8
97.5942	5482.52
98.5944	5275.2
99.5947	5107.2
100.597	4638.72
101.597	4524.8
102.599	4526.95
103.602	4158.08
104.603	4632.17
105.665	3937.42
106.666	3602.8
107.667	4849.6
108.668	5348.25
109.668	5230.4
110.669	5600
111.671	5857.08
112.672	6081.6
113.673	6243.36
114.674	6596.8
115.674	6787.2
116.675	4509.09
117.676	5247.55
118.677	4928
119.678	4636.8
120.679	4531.47
121.68	4352.45
122.682	3815.38
123.685	3085.03
124.688	2101.4
125.691	1697.31
126.736	1126.44
127.738	1924.47
128.739	2226.57
129.741	2514.97
130.744	2727.34
131.745	3102.4
132.747	3263.87
133.749	3602.8
134.751	3960.84
135.753	4225.15
136.755	4605.19
137.756	4793.6
138.756	5051.2
139.757	5241.6
140.794	4881.77
141.797	4605.19
142.799	5180.42
143.799	5107.2
144.801	5068.53
145.803	4844.75
146.803	4356.8
147.805	3923.35
148.805	4088
149.807	3669.93
150.809	4139.86
151.811	2649.1
152.811	4524.8
153.812	4412.8
154.813	4737.6
155.813	4995.2
156.814	4872
157.815	5583.22
158.815	5723.2
159.816	5992
160.817	6227.2
161.817	4144
162.819	5706.29
163.82	5079.72
164.821	4972.8
165.823	4862.27
166.823	4748.8
167.824	4323.2
168.824	3718.4
169.824	3460.8
170.825	3539.2
171.974	2641.6
172.977	2447.9
173.977	3505.6
174.979	3837.76
175.979	4368
176.981	4721.68
177.981	5140.8
178.982	5482.52
179.983	5616.78
180.984	5868.8
181.985	5986.01
182.986	4088
183.988	5325.87
184.99	5208.78
185.991	5124.48
186.993	4923.08
187.995	4571.66
188.995	3897.6
189.998	3085.03
191	3655.09
192.003	3040.32
193.038	1753.04
194.039	2923.2
195.04	3166.43
196.04	3292.8
197.041	3718.4
198.044	4191.62
199.046	4359.28
200.046	4726.4
