1.01071	6204.8
2.01222	7776.22
3.01258	8556.8
4.01293	8881.6
5.01328	9038.4
6.01363	9049.6
7.01398	9172.8
8.01434	9184
9.10658	9200
10.1069	9172.8
11.1073	9217.6
12.1076	9116.8
13.108	9072
14.1083	8960
15.1087	8848
16.1102	8704.89
17.1106	8523.2
18.1109	8344
19.1124	8123.08
20.1128	7884.8
21.1143	7664.33
22.1158	7261.54
23.1162	6731.2
24.1177	6321.68
25.1192	5974.83
26.1207	5527.27
27.1211	4916.8
28.1237	4213.97
29.2369	3511.95
30.2396	3722.16
31.2458	2928.03
32.3601	2583.84
33.3605	2800
34.3678	2168.82
35.3681	2083.2
36.3685	5779.2
37.37	4386.01
38.3727	4146.91
39.373	4256
40.3734	4961.6
41.3737	6305.6
42.3741	7515.2
43.3745	8388.8
44.3748	8556.8
45.3752	8904
46.3755	8937.6
47.3759	8646.4
48.3762	8444.8
49.3777	8246.15
50.3781	8041.6
51.3784	7817.6
52.3788	7515.2
53.3791	7145.6
54.3795	6552
55.3798	6182.4
56.3825	5879.44
57.4829	5396.36
58.4833	4636.8
59.4836	4211.2
60.4851	3826.57
61.4855	3449.6
62.487	2886.71
63.4908	2679.96
64.4923	4453.15
65.4939	3994.41
66.4989	4101.09
67.5015	4124.55
68.5019	4424
69.5023	5118.4
70.5038	6176.22
71.5041	7268.8
72.5045	7828.8
73.5048	8153.6
74.5052	8624
75.5055	8288
76.5059	7907.2
77.5062	7683.2
78.5077	7552.45
79.5093	7205.59
80.5108	6847.55
81.5111	6552
82.5115	6283.2
83.513	5862.94
84.5145	5527.27
85.5172	5231.14
86.5187	4990.21
87.5202	4620.98
88.5206	4457.6
89.5232	3889.82
90.5236	3460.8
91.5263	3118.56
92.5336	2702.68
93.5375	2233.3
94.5401	1978.44
95.5428	1564.87
96.6641	1298.84
97.6645	1254.4
98.6707	1046.52
99.671	4401.6
100.671	5723.2
101.673	4139.86
102.673	4827.2
103.674	6731.2
104.674	8120
105.674	8982.4
106.675	9038.4
107.675	9038.4
108.675	9139.2
109.676	9072
110.676	8937.6
111.676	8814.4
112.678	8671.33
113.679	8492.31
114.688	7900
115.688	8702.4
116.69	7977.62
117.69	7716.8
118.69	7392
119.691	7000
120.691	6708.8
121.692	6260.8
122.692	5880
123.773	4863.7
124.774	5538.46
125.776	4688.11
126.777	4486.71
127.78	5734.13
128.782	4683.43
129.784	4889.51
130.787	5074.65
131.787	5073.6
132.788	5303.5
133.789	5924.8
134.792	6773.65
135.792	6820.8
136.792	7156.8
137.793	8075.2
138.793	7168
139.794	6813.99
140.795	6507.2
141.795	6339.2
142.795	6350.4
143.796	5969.6
144.875	5864.69
145.877	5124.48
146.879	4784.03
147.883	4500.1
148.886	6013.57
149.886	4401.6
150.89	4455.43
151.893	4526.95
152.896	4437.52
153.899	4086.94
154.902	3833.93
155.905	3744.51
156.905	3774.4
157.907	3781.82
158.909	5577.64
159.91	4356.8
160.911	4206.99
161.998	4506.81
162.999	4151.05
163.999	4412.8
165.001	4251.75
166.002	4251.75
167.005	4571.66
168.006	4771.2
169.006	5745.6
170.007	5337.06
171.008	4614.4
172.012	4477.77
173.013	3882.52
174.016	3498.6
175.016	3270.4
176.016	3068.8
177.027	2794.46
178.028	2676.8
179.029	2416.78
180.032	5085.83
181.032	4435.2
182.036	4611.76
183.036	4670.4
184.037	4972.8
185.038	5605.59
186.039	6708.8
187.039	7638.4
188.039	7952
189.04	8254.4
190.146	8425.32
191.147	8346.85
192.148	7828.8
193.149	7496.5
194.15	7134.4
195.15	6820.8
196.15	6272
197.151	5835.2
198.151	5465.6
199.244	4641.9
200.247	5331.74
