1.02234	7828.8
2.02269	7526.4
3.02304	5555.2
4.0234	4603.2
5.02607	4403.99
6.02643	4435.2
7.02911	4124.55
8.03178	3297.41
9.03446	2928.54
10.0348	2374.4
11.0352	2038.4
12.0367	2953.85
13.037	3584
14.0385	4934.27
15.0389	6137.6
16.0393	7011.2
17.0396	7705.6
18.04	8310.4
19.0403	9027.2
20.0407	9027.2
21.041	9072
22.0414	9027.2
23.0417	9016
24.0421	9004.8
25.0444	7556.09
26.0478	4745.76
27.0481	6462.4
28.0485	6081.6
29.0512	3532.14
30.0538	1453.09
31.0658	1185.36
32.0755	1032.31
33.0793	1049.65
34.0843	1114.43
35.0893	1069.85
36.0955	1157.85
37.0958	1512
38.0962	1993.6
39.0965	2632
40.0992	3498.6
41.1007	4486.71
42.1011	5577.6
43.1014	6776
44.1018	7638.4
45.1022	8142.4
46.1025	8579.2
47.1029	9016
48.1032	9161.6
49.105	7172.03
50.1054	7403.2
51.1069	5090.91
52.1119	2184.28
53.1158	1138.98
54.1173	1096.5
55.1223	1069.85
56.1319	1132.21
57.1335	1107.69
58.1419	1100
59.147	1002.98
60.152	1259.3
61.157	1627.06
62.1585	2170.63
63.16	2853.15
64.1627	3409.18
65.1653	4191.62
66.168	5074.65
67.2289	6181.13
68.2292	7100.8
69.2296	8008
70.2299	8456
71.2303	9060.8
72.2306	9116.8
73.231	9139.2
74.2313	8859.2
75.2317	9027.2
76.2328	6869.93
77.2356	4761.68
78.2371	6355.24
79.2375	6574.4
80.2379	4939.2
81.2429	2362.59
82.2455	1229.54
83.2517	1135.59
84.2625	1064.55
85.2687	1146.72
86.2737	1036.42
87.2775	1317.65
88.2802	1788.42
89.2817	2304.9
90.2844	3398
91.2883	4321.44
92.2898	5393.01
93.2924	7064.27
94.3207	7778.99
95.356	9133.14
96.3563	9128
97.3567	9139.2
98.357	9060.8
99.4132	8453.03
100.453	9097.98
101.453	9576
102.457	8888.53
103.461	9190.03
104.461	9587.2
105.464	8986.83
106.465	9150.4
107.465	9184
108.471	8661.63
109.477	9017.89
110.478	9553.6
111.478	8456
112.48	4732.87
113.483	4750.5
114.484	5046.15
115.484	5868.8
116.488	3372.28
117.492	1697.31
118.496	1083.15
119.513	981.102
120.516	1038.48
121.521	1114.43
122.526	1069.85
123.527	1512
124.532	2050.55
125.533	2797.2
126.535	3569.23
127.576	4271.28
128.577	5460.14
129.578	6372.8
130.579	7563.64
131.58	8120
132.582	8237.92
133.583	8825.6
135.161	4748.29
136.161	7470.4
137.161	7504
138.163	7216.78
139.165	5247.55
140.175	2439.6
141.182	1258.05
142.189	1134.46
143.193	1016.15
144.198	1069.85
145.202	1016.15
146.207	1103.28
147.209	1699
148.213	2590.63
149.213	3427.2
150.268	4225.21
151.335	5684.05
152.335	6809.6
153.336	8243.2
154.336	8892.8
155.336	9027.2
156.337	9452.8
157.337	9217.6
158.338	9419.2
159.341	8832.7
160.342	9643.2
161.342	9184
162.342	9161.6
163.343	9072
164.343	9016
165.343	8904
166.344	8948.8
167.345	6769.23
168.346	7089.6
169.346	7481.6
170.349	7220.76
171.351	5097
172.359	2558.09
173.366	1279.05
174.371	1103.28
175.381	987.908
176.388	1112.21
177.391	1028.34
178.396	1237.01
179.4	1708.47
180.404	2434.3
181.406	3297.41
182.445	4499.42
183.445	5342.4
184.446	6574.4
185.446	7481.6
186.446	8142.4
187.448	8738.46
188.483	8754.4
189.483	9587.2
190.484	9161.6
191.484	9128
192.484	9004.8
193.485	9049.6
194.491	8625.67
195.491	4692.8
196.494	4839.92
197.495	6316.8
198.495	6182.4
199.496	3848.95
200.497	1870.4
