statrtup 0.121357 182819 182819 61 0
statrtup 0.123684 528393 528393 63 0
statrtup 0.127216 834305 834305 67 0
statrtup 0.131869 1092309 1092309 71 0
statrtup 0.136522 1318899 1318899 76 0
statrtup 0.182588 1828197 1828197 122 0
statrtup 0.186789 1710864 1828197 63 0
statrtup 0.191442 1657669 1828197 64 0
statrtup 0.196095 1516240 1828197 65 0
statrtup 0.200748 1434639 1828197 64 0
statrtup 0.206564 1721567 1828197 66 0
statrtup 0.213543 2008495 2008495 69 0
statrtup 0.221685 2104195 2104195 73 0
statrtup 0.230991 2134038 2134038 78 0
statrtup 0.264724 2454469 2454469 107 0
statrtup 0.269376 2441056 2454469 85 0
statrtup 0.275192 2533844 2533844 87 0
statrtup 0.279845 2533844 2533844 86 0
statrtup 0.284498 2533844 2533844 87 0
statrtup 0.289151 2533844 2533844 88 0
statrtup 0.29613 2500937 2533844 91 0
statrtup 0.303109 2552161 2552161 94 0
statrtup 0.308925 2583285 2583285 94 0
statrtup 0.317068 2596479 2596479 99 0
statrtup 0.326373 2567629 2596479 105 0
statrtup 0.334516 2580864 2596479 109 0
statrtup 0.341495 2635198 2635198 112 0
statrtup 0.347311 2696011 2696011 114 0
statrtup 0.351964 2777483 2777483 115 0
statrtup 0.35546 2789451 2789451 115 0
statrtup 0.356623 2852773 2852773 115 0
statrtup 0.358949 2888435 2888435 115 1400
statrtup 0.361276 2922824 2922824 115 0
statrtup 0.379893 3209173 3209173 115 0
statrtup 0.384553 3111749 3209173 115 0
statrtup 0.385716 3176906 3209173 115 1400
statrtup 0.389206 3143496 3209173 115 2800
statrtup 0.393858 3045261 3209173 115 0
statrtup 0.395022 3111749 3209173 115 1400
statrtup 0.398511 3045261 3209173 115 2800
statrtup 0.399674 3111749 3209173 115 0
statrtup 0.404327 3014506 3209173 115 1400
statrtup 0.40898 2977404 3209173 115 0
statrtup 0.415959 2878157 3209173 115 2800
statrtup 0.421775 2778910 3209173 115 0
statrtup 0.447366 2282676 3209173 115 1400
statrtup 0.454345 2183429 3209173 115 1400
statrtup 0.455508 2259387 3209173 115 7000
statrtup 0.457834 2310477 3209173 115 1400
statrtup 0.460161 2216469 3209173 115 0
statrtup 0.462487 2312837 3209173 115 0
statrtup 0.468303 2084798 3209173 115 1400
statrtup 0.469466 2061246 3209173 115 0
statrtup 0.47063 2038318 3209173 115 2800
statrtup 0.471793 2016862 3209173 115 1400
statrtup 0.474119 1980783 3209173 115 0
statrtup 0.49273 2268160 3209173 115 0
statrtup 0.497383 2270831 3209173 115 0
statrtup 0.498546 2246631 3209173 115 1400
statrtup 0.502036 2273640 3209173 115 1400
statrtup 0.506689 2273439 3209173 115 1400
statrtup 0.507852 2249183 3209173 115 1400
statrtup 0.511342 2273238 3209173 115 1400
statrtup 0.512505 2248987 3209173 115 1400
statrtup 0.517158 2280773 3209173 115 1400
statrtup 0.52181 2282676 3209173 115 0
statrtup 0.52879 2282676 3209173 115 1400
statrtup 0.534606 2282676 3209173 115 1400
statrtup 0.560196 2282676 3209173 115 1400
statrtup 0.567175 2282676 3209173 115 1400
statrtup 0.568338 2258224 3209173 115 1400
statrtup 0.570665 2214207 3209173 115 1400
statrtup 0.572991 2283072 3209173 115 1400
statrtup 0.575318 2239219 3209173 115 1400
statrtup 0.581134 2269285 3209173 115 1400
statrtup 0.58229 2273088 3209173 115 1400
statrtup 0.583447 2276782 3209173 115 1400
statrtup 0.58461 2279250 3209173 115 1400
statrtup 0.58693 2282808 3209173 115 1400
statrtup 0.605548 2282940 3209173 115 0
statrtup 0.61137 2183808 3209173 115 0
statrtup 0.614866 2183808 3209173 115 1400
statrtup 0.619519 2183808 3209173 115 2800
statrtup 0.620682 2183808 3209173 115 1400
statrtup 0.624172 2183808 3209173 115 0
statrtup 0.625335 2183808 3209173 115 0
statrtup 0.629988 2183808 3209173 115 0
statrtup 0.634641 2183808 3209173 115 0
statrtup 0.64162 2183808 3209173 115 0
statrtup 0.647436 2183808 3209173 115 0
statrtup 0.680006 2084544 3209173 115 1400
statrtup 0.683495 1985280 3209173 115 0
statrtup 0.685822 1985280 3209173 115 1400
statrtup 0.688148 1985280 3209173 115 1400
statrtup 0.693964 1985280 3209173 115 0
statrtup 0.695127 1985165 3209173 115 0
statrtup 0.69629 1985050 3209173 115 0
statrtup 0.697454 1985050 3209173 115 0
statrtup 0.69978 1984936 3209173 115 0
statrtup 0.706759 1962793 3209173 115 0
statrtup 0.710249 1998073 3209173 115 0
statrtup 0.712575 2050217 3209173 115 7000
statrtup 0.713738 2119733 3209173 115 1400
statrtup 0.716065 2168277 3209173 115 1400
statrtup 0.717228 2234877 3209173 115 0
statrtup 0.718391 2300298 3209173 115 1400
statrtup 0.726534 2527619 3209173 115 0
statrtup 0.75445 1886016 3209173 115 0
statrtup 0.760266 1886016 3209173 115 8400
statrtup 0.792836 1886016 3209173 115 1400
statrtup 0.798652 1786752 3209173 115 1400
statrtup 0.800978 1786752 3209173 115 1400
statrtup 0.806794 1786752 3209173 115 4200
statrtup 0.807958 1786752 3209173 115 0
statrtup 0.809121 1786752 3209173 115 1400
statrtup 0.810284 1786752 3209173 115 0
statrtup 0.81261 1786442 3209173 115 0
statrtup 0.81959 1682394 3209173 115 0
statrtup 0.823079 1634787 3209173 115 0
statrtup 0.825406 1604518 3209173 115 1400
statrtup 0.826569 1589064 3209173 115 1400
statrtup 0.828895 1561159 3209173 115 1400
statrtup 0.830058 1546525 3209173 115 1400
statrtup 0.831222 1532163 3209173 115 1400
statrtup 0.839364 1786752 3209173 115 1400
drain 0.867281 1786752 3209173 115 1400
drain 0.917298 1389696 3209173 115 1400
drain 0.918462 1389696 3209173 115 1400
drain 0.919625 1389696 3209173 115 1400
drain 0.920788 1389696 3209173 115 1400
drain 0.923114 1488960 3209173 115 1400
drain 0.925441 1485095 3209173 115 1400
drain 0.92893 1540577 3209173 115 1400
drain 0.930094 1620657 3209173 115 0
drain 0.931257 1699166 3209173 115 0
drain 0.93242 1786752 3209173 115 0
drain 0.933583 1866771 3209173 115 0
drain 0.934746 1886016 3209173 115 0
drain 0.937073 1965022 3209173 115 0
drain 1.03013 573429 3209173 115 0
drain 1.03594 191151 3209173 115 0
drain 1.05223 286726 3209173 115 0
drain 1.07317 329183 3209173 115 0
drain 1.0941 356615 3209173 115 0
drain 1.10341 403997 3209173 115 0
drain 1.12435 418635 3209173 115 1400
drain 1.13482 453111 3209173 115 0
drain 1.14529 778069 3209173 115 1400
drain 1.186 586089 3209173 115 0
drain 1.20577 513912 3209173 115 0
drain 1.21624 481792 3209173 115 4200
drain 1.22671 453452 3209173 115 1400
drain 1.24648 405720 3209173 115 1400
drain 1.25695 385434 3209173 115 0
drain 1.26742 641907 3209173 115 1400
drain 1.29301 606526 3209173 115 0
drain 1.2965 734160 3209173 115 1400
drain 1.30581 825930 3209173 115 2800
drain 1.31162 825930 3209173 115 0
drain 1.32209 825930 3209173 115 1400
drain 1.32791 825930 3209173 115 1400
drain 1.34187 917700 3209173 115 1400
drain 1.34536 917700 3209173 115 1400
drain 1.34652 917700 3209173 115 0
drain 1.34768 917700 3209173 115 0
drain 1.34885 1009470 3209173 115 0
drain 1.35748 865260 3209173 115 0
drain 1.36765 1001128 3209173 115 1400
drain 1.37782 1101241 3209173 115 1400
drain 1.38799 1101241 3209173 115 1400
drain 1.39816 1101241 3209173 115 0
drain 1.40833 1101241 3209173 115 0
drain 1.4185 963585 3209173 115 0
drain 1.42867 1101241 3209173 115 0
drain 1.43884 1101241 3209173 115 0
drain 1.44901 1101241 3209173 115 0
drain 1.45918 1101241 3209173 115 0
drain 1.46947 1099431 3209173 115 0
drain 1.47952 1101241 3209173 115 0
drain 1.48969 1101241 3209173 115 0
drain 1.49986 1101241 3209173 115 0
drain 1.51003 1101241 3209173 115 0
drain 1.5202 1101241 3209173 115 0
drain 1.53037 1101241 3209173 115 0
drain 1.54054 1101241 3209173 115 0
drain 1.55071 1101241 3209173 115 0
drain 1.56088 1101241 1965022 115 0
drain 1.57105 1101241 1965022 115 0
drain 1.58122 1101241 1965022 115 0
probe_bw 1.59139 1101241 1965022 115 1400
probe_bw 1.60156 1101241 1965022 115 1400
probe_bw 1.61173 1101241 1965022 115 1400
probe_bw 1.6219 1101241 1965022 115 1400
probe_bw 1.64914 824483 1965022 115 1400
probe_bw 1.66559 699762 1965022 115 1400
probe_bw 1.67055 811797 1965022 115 1400
probe_bw 1.6763 867280 1965022 115 1400
probe_bw 1.68206 955537 1965022 115 1400
probe_bw 1.7104 900105 1965022 115 1400
probe_bw 1.72684 902550 1965022 115 1400
probe_bw 1.73178 835728 1965022 115 1400
probe_bw 1.74329 835728 1965022 67 0
probe_bw 1.78807 914284 1965022 78 0
probe_bw 1.80342 937999 1965022 69 0
probe_bw 1.81877 890301 1965022 69 0
probe_bw 1.83445 982926 1965022 69 0
probe_bw 1.8525 1390503 1390503 72 0
probe_bw 1.86297 1495209 1495209 68 0
probe_bw 1.87251 1577327 1577327 67 0
probe_bw 1.88518 1535819 1577327 68 0
probe_bw 1.89554 1750833 1750833 67 0
probe_bw 1.90794 1490071 1750833 67 0
probe_bw 1.91957 1945371 1945371 68 0
probe_bw 1.93436 1658827 1945371 69 0
probe_bw 1.94861 1734001 1945371 68 0
probe_bw 1.96296 1418885 1945371 68 0
probe_bw 1.97964 1562078 1945371 71 0
probe_bw 2.01453 1179402 1945371 93 0
probe_bw 2.05176 954063 1945371 119 0
probe_bw 2.09247 691795 1945371 148 0
probe_bw 2.09713 667292 1945371 148 0
probe_bw 2.09945 747812 1114269 148 7000
probe_bw 2.10294 817480 1114269 148 0
probe_bw 2.10527 891491 1114269 148 0
probe_bw 2.1076 962811 1114269 148 0
probe_bw 2.11109 1022456 1114269 148 0
probe_bw 2.11341 1245973 1114269 148 0
probe_bw 2.1169 1312908 1114269 148 0
probe_bw 2.11923 1390712 1114269 148 0
probe_bw 2.12155 1465133 1114269 148 0
probe_bw 2.12388 1536388 1114269 148 0
probe_bw 2.12737 1588132 1114269 148 0
probe_bw 2.1297 1444437 1114269 148 0
probe_bw 2.13435 1540733 1114269 148 0
probe_bw 2.13784 1637029 1114269 148 0
probe_bw 2.14249 1733325 1114269 148 0
probe_bw 2.14482 1829621 1114269 148 0
probe_bw 2.15878 1780766 1114269 148 0
probe_bw 2.16576 1780766 1114269 148 0
probe_bw 2.16808 1762646 1114269 148 1400
probe_bw 2.17506 1693760 1114269 148 1400
probe_bw 2.18669 1781820 1114269 148 1400
probe_bw 2.19833 1286881 1114269 148 1400
probe_bw 2.20413 1405286 1114269 148 1400
probe_bw 2.22275 1007949 1114269 78 0
probe_bw 2.24019 1103126 1114269 75 0
probe_bw 2.25997 1103126 1114269 74 0
probe_bw 2.27858 1203576 1114269 73 0
probe_bw 2.29785 1193065 1114269 72 0
probe_bw 2.31909 1135664 1114269 73 0
probe_bw 2.33933 1129062 1114269 73 0
probe_bw 2.36259 1066531 1114269 76 0
probe_bw 2.38469 1031729 1114269 77 0
probe_bw 2.40912 995248 1114269 82 0
probe_bw 2.43238 962861 1114269 85 0
probe_bw 2.45681 950973 1114269 88 0
probe_bw 2.48124 928058 1114269 93 0
probe_bw 2.5045 939376 1114269 96 0
probe_bw 2.5266 950973 1114269 98 0
probe_bw 2.55103 950973 1114269 102 0
probe_bw 2.57429 953327 1114269 105 0
probe_bw 2.59639 972586 1114269 107 0
probe_bw 2.62082 962861 1114269 110 0
probe_bw 2.64292 962861 1114269 112 0
probe_bw 2.66502 982511 1114269 115 0
probe_bw 2.68712 919271 1114269 116 0
probe_bw 2.70922 992640 1114269 118 0
probe_bw 2.73132 1002841 1114269 120 0
probe_bw 2.75459 1004724 1114269 122 0
probe_bw 2.77436 1022507 1114269 122 0
probe_bw 2.81624 867398 1114269 144 0
probe_bw 2.82671 857947 1114269 144 0
probe_bw 2.84533 785919 1114269 144 2800
probe_bw 2.85696 802300 1114269 144 0
probe_bw 2.86511 837188 1114269 144 1400
probe_bw 2.87325 709152 1114269 144 0
probe_bw 2.88488 787947 1114269 144 0
probe_bw 2.89302 763702 1114269 144 0
probe_bw 2.90116 848558 1114269 144 0
probe_bw 2.9128 889955 1114269 144 0
probe_bw 2.9221 909709 1114269 144 0
probe_bw 2.93257 1011198 1114269 144 0
probe_bw 2.94537 1011198 1114269 144 0
probe_bw 2.95467 1050340 1114269 144 0
probe_bw 2.95584 1202764 1114269 144 1400
probe_bw 2.96746 1089365 1114269 144 1400
probe_bw 2.97792 1006534 1114269 144 1400
probe_bw 3.00002 1089365 1114269 123 0
probe_bw 3.0198 1089365 1114269 122 0
probe_bw 3.03957 935408 1114269 122 0
probe_bw 3.06167 1155562 1114269 123 0
probe_bw 3.08145 1080824 1114269 123 0
probe_bw 3.10122 1090031 1114269 123 0
probe_bw 3.12217 1008657 1114269 123 0
probe_bw 3.13264 1013488 1114269 123 0
probe_bw 3.14194 1008657 1114269 123 1400
probe_bw 3.16288 908263 1114269 123 0
probe_bw 3.17219 928985 1114269 123 0
probe_bw 3.18266 919271 1114269 123 1400
probe_bw 3.19313 937205 1114269 123 0
probe_bw 3.2036 916912 1114269 123 0
probe_bw 3.21407 928985 1114269 123 0
probe_bw 3.22337 848558 1114269 123 0
probe_bw 3.23384 928985 1114269 123 0
probe_bw 3.24315 1011198 1114269 123 0
probe_bw 3.25478 933414 1114269 123 0
probe_bw 3.27572 991016 1114269 123 0
probe_bw 3.28618 909325 1114269 123 0
probe_bw 3.29548 991016 1114269 123 1400
probe_bw 3.31643 891125 1114269 123 0
probe_bw 3.35715 589473 1114269 123 0
probe_bw 3.36761 591906 1114269 123 1400
probe_bw 3.38506 595584 1114269 123 4200
probe_bw 3.39553 654335 1114269 123 0
probe_bw 3.40367 595584 1114269 123 0
probe_bw 3.41182 673927 1114269 123 0
probe_bw 3.42112 694848 1114269 123 0
probe_bw 3.43275 770245 1114269 123 0
probe_bw 3.463 795587 1114269 123 0
probe_bw 3.47463 857995 1114269 123 0
probe_bw 3.48625 821689 1114269 123 1400
probe_bw 3.49789 893427 1114269 123 1400
probe_bw 3.50952 825942 1114269 123 1400
probe_bw 3.51998 866672 1114269 123 1400
probe_bw 3.53045 825942 1114269 123 0
probe_bw 3.54092 841426 1114269 123 0
probe_bw 3.55022 826620 1114269 123 0
probe_bw 3.56069 875417 1114269 123 0
probe_bw 3.58164 944033 1114269 123 0
probe_bw 3.59094 919271 1114269 123 0
probe_bw 3.60257 962861 1114269 123 1400
probe_bw 3.61188 982511 1114269 123 0
probe_bw 3.62119 999195 1114269 123 0
probe_bw 3.63165 1008711 1114269 123 0
probe_bw 3.64096 1011198 1114269 123 0
probe_bw 3.65259 1008657 1114269 123 0
probe_bw 3.66306 1008657 1114269 123 0
probe_bw 3.67237 1008657 1114269 123 0
probe_bw 3.68284 933414 1114269 123 0
probe_bw 3.6933 1013488 1114269 123 0
probe_bw 3.70145 1103126 1114269 123 0
probe_bw 3.71308 1100412 1114269 123 0
probe_bw 3.73285 1011198 1114269 123 0
probe_bw 3.74332 933414 1114269 123 0
probe_bw 3.75495 982511 1114269 123 0
probe_bw 3.7631 1008711 1114269 123 0
probe_bw 3.77124 1011198 1114269 123 0
probe_bw 3.78171 1011198 1114269 123 0
probe_bw 3.79101 1011198 1114269 123 0
probe_bw 3.79683 1011198 1114269 123 0
probe_bw 3.80381 1002841 1114269 123 0
probe_bw 3.80962 1103126 1114269 123 0
probe_bw 3.81544 1011198 1114269 123 0
probe_bw 3.82358 1103126 1114269 123 0
probe_bw 3.83172 1103126 1114269 123 0
probe_bw 3.83754 1103126 1114269 123 0
probe_bw 3.84568 1011198 1114269 123 0
probe_bw 3.85266 1103126 1114269 123 0
probe_bw 3.85964 1103126 1114269 123 0
probe_bw 3.86546 1103126 1114269 123 0
probe_bw 3.87011 1103126 1114269 123 0
probe_bw 3.87593 1002841 1114269 123 0
probe_bw 3.88639 992813 1114269 123 0
probe_bw 3.89558 1103126 1114269 123 0
probe_bw 3.90573 1103126 1114269 123 0
probe_bw 3.9162 1103126 1114269 123 0
probe_bw 3.92604 1103126 1114269 123 0
probe_bw 3.93619 1103126 1114269 123 0
probe_bw 3.94634 1103126 1114269 123 0
probe_bw 3.95737 1103126 1114269 123 0
probe_bw 3.96704 1097095 1114269 123 0
probe_bw 3.9768 1103126 1114269 123 0
probe_bw 3.98696 1103126 1114269 123 0
probe_bw 3.99711 1103126 1114269 123 0
probe_bw 4.00814 1089596 1114269 123 0
probe_bw 4.01782 1096937 1114269 123 0
probe_bw 4.02757 1103126 1114269 123 0
probe_bw 4.03772 1103126 1114269 123 0
probe_bw 4.04787 1103126 1114269 123 0
probe_bw 4.05892 1089441 1114269 123 0
probe_bw 4.06859 1096779 1114269 123 0
probe_bw 4.07833 1103126 1114269 123 0
probe_bw 4.08849 1103126 1114269 123 0
probe_bw 4.09864 1103126 1114269 123 0
probe_bw 4.11086 1071961 1114269 123 1400
probe_bw 4.11894 1103126 1114269 123 1400
probe_bw 4.1291 175472 1114269 123 1400
probe_bw 4.13994 0 1114269 123 1400
probe_bw 4.1494 0 1114269 123 1400
probe_bw 4.15956 0 1114269 123 1400
probe_bw 4.16246 0 1114269 123 1400
probe_bw 4.17261 0 1114269 123 1400
probe_bw 4.18276 0 1114269 123 0
probe_bw 4.19291 0 1114269 123 0
probe_bw 4.20306 0 1114269 123 0
probe_bw 4.23384 365791 1114269 71 0
probe_bw 4.25415 549403 1114269 72 0
probe_bw 4.27445 659800 1114269 71 0
probe_bw 4.29476 733495 1114269 71 0
probe_bw 4.31507 1103126 1114269 72 0
probe_bw 4.33537 980556 1114269 72 0
probe_bw 4.35568 802273 1114269 71 0
probe_bw 4.37598 678846 1114269 71 0
probe_bw 4.39724 1090432 1114269 73 0
probe_bw 4.41677 1100827 1114269 71 0
probe_bw 4.4369 1103126 1114269 71 0
probe_bw 4.45757 1098299 1114269 72 0
probe_bw 4.47802 1103126 1114269 72 0
probe_bw 4.49885 1091618 1114269 72 0
probe_bw 4.51852 1097739 1114269 72 0
probe_bw 4.53843 1103126 1114269 71 0
probe_bw 4.55902 1103126 1114269 72 0
probe_bw 4.57986 1103126 1114269 72 0
probe_bw 4.59935 1103126 1114269 72 0
probe_bw 4.61966 1103126 1114269 71 0
probe_bw 4.64004 1103126 1114269 72 0
probe_bw 4.66086 1103126 1114269 72 0
probe_bw 4.68205 1083398 1114269 73 0
probe_bw 4.70648 1031972 1114269 77 0
probe_bw 4.72974 998821 1114269 80 0
probe_bw 4.75417 960187 1114269 84 0
probe_bw 4.7786 928058 1114269 88 0
probe_bw 4.8007 950973 1114269 90 0
probe_bw 4.82629 928058 1114269 95 0
probe_bw 4.85537 885389 1114269 104 0
probe_bw 4.88329 855876 1114269 112 0
probe_bw 4.9112 810830 1114269 120 0
probe_bw 4.93214 852089 1114269 120 0
probe_bw 4.95191 891538 1114269 119 0
probe_bw 4.97169 962861 1114269 119 0
probe_bw 4.99263 1024320 1114269 119 0
probe_bw 5.01589 1013537 1114269 122 0
probe_bw 5.03683 1069845 1114269 123 0
probe_bw 5.05777 1018270 1114269 123 0
probe_bw 5.07755 933414 1114269 123 0
probe_bw 5.08685 972531 1114269 123 0
probe_bw 5.1078 875229 1114269 123 1400
probe_bw 5.11827 891445 1114269 123 0
probe_bw 5.12873 905167 1114269 123 1400
probe_bw 5.13804 787947 1114269 123 0
probe_bw 5.14851 866741 1114269 123 0
probe_bw 5.15898 848558 1114269 123 0
probe_bw 5.16828 933414 1114269 123 0
probe_bw 5.17875 848558 1114269 123 0
probe_bw 5.18922 933414 1114269 123 0
probe_bw 5.19853 1011198 1114269 123 0
probe_bw 5.21947 928985 1114269 123 0
probe_bw 5.22063 1091904 1114269 123 1400
probe_bw 5.2311 999489 1114269 123 0
probe_bw 5.24156 921247 1114269 123 1400
probe_bw 5.25086 1086172 1114269 123 1400
probe_bw 5.26133 996935 1114269 123 0
probe_bw 5.2718 1086172 1114269 123 0
probe_bw 5.28227 996935 1114269 123 0
probe_bw 5.29274 1080824 1114269 123 0
probe_bw 5.30204 996935 1114269 123 0
probe_bw 5.31251 1080824 1114269 123 0
probe_bw 5.34276 917010 1114269 123 0
probe_bw 5.35323 917010 1114269 123 0
probe_bw 5.36254 924130 1114269 123 1400
probe_bw 5.37301 916961 1114269 123 1400
probe_bw 5.39395 825221 1114269 123 0
probe_bw 5.40209 831717 1114269 123 1400
probe_bw 5.41372 831717 1114269 123 1400
probe_bw 5.42419 825221 1114269 123 0
probe_bw 5.43117 831717 1114269 123 0
probe_bw 5.44397 852004 1114269 123 0
probe_bw 5.45327 875247 1114269 123 0
probe_bw 5.46025 1011198 1114269 123 0
probe_bw 5.46956 1011198 1114269 123 0
probe_bw 5.48002 1011198 1114269 123 1400
probe_bw 5.48816 1011198 1114269 123 0
probe_bw 5.49863 1069845 1114269 123 0
probe_bw 5.51026 1103126 1114269 123 1400
probe_bw 5.52073 1132902 1114269 123 0
probe_bw 5.52421 1189057 1114269 123 1400
probe_bw 5.54631 1167302 1114269 122 0
probe_bw 5.57772 1048777 1114269 133 0
probe_bw 5.58819 1038493 1114269 133 0
probe_bw 5.5975 1048718 1114269 133 1400
probe_bw 5.60797 1028354 1114269 133 0
probe_bw 5.61843 997575 1114269 133 0
probe_bw 5.62658 1059147 1114269 133 0
probe_bw 5.63472 1000013 1114269 133 0
probe_bw 5.64519 1018355 1114269 133 0
probe_bw 5.65566 1022456 1114269 133 0
probe_bw 5.66613 1011198 1114269 133 0
probe_bw 5.67659 1031585 1114269 133 0
probe_bw 5.68357 1060728 1114269 133 0
probe_bw 5.69055 1103126 1114269 133 0
probe_bw 5.69753 1103126 1114269 133 0
probe_bw 5.69869 1195878 1114269 133 1400
probe_bw 5.71265 1189195 1114269 105 0
probe_bw 5.72661 1189195 1114269 98 0
probe_bw 5.7394 1008073 1114269 91 0
probe_bw 5.75103 1091169 1114269 82 0
probe_bw 5.76499 1096305 1114269 75 0
probe_bw 5.7812 1103126 1114269 72 0
probe_bw 5.8015 1103126 1114269 71 0
probe_bw 5.82194 1103126 1114269 71 0
probe_bw 5.84258 1154741 1114269 72 0
probe_bw 5.86242 1103126 1114269 71 0
probe_bw 5.88272 1103126 1114269 71 0
probe_bw 5.90303 1104944 1114269 72 0
probe_bw 5.92334 1103126 1114269 72 0
probe_bw 5.94364 1103126 1114269 71 0
probe_bw 5.96395 1103126 1114269 71 0
probe_bw 5.98425 1103126 1114269 72 0
probe_bw 6.00456 1103126 1114269 71 0
probe_bw 6.02487 1103126 1114269 71 0
probe_bw 6.04517 1103126 1114269 72 0
probe_bw 6.06548 1103126 1114269 71 0
probe_bw 6.08693 1087818 1114269 72 0
probe_bw 6.10609 1103126 1114269 72 0
probe_bw 6.1264 1103126 1114269 71 0
probe_bw 6.14726 1095647 1114269 72 0
probe_bw 6.16814 1103126 1114269 73 0
probe_bw 6.18816 1091696 1114269 73 0
probe_bw 6.20875 1088002 1114269 72 0
probe_bw 6.22821 1103126 1114269 72 0
probe_bw 6.24824 1103126 1114269 72 0
probe_bw 6.26908 1103126 1114269 72 0
probe_bw 6.28884 1103126 1114269 71 0
probe_bw 6.30915 1103126 1114269 72 0
probe_bw 6.33057 1088296 1114269 72 0
probe_bw 6.35037 1102218 1114269 72 0
probe_bw 6.37075 1093907 1114269 72 0
probe_bw 6.39037 1103126 1114269 72 0
probe_bw 6.41068 1103126 1114269 71 0
probe_bw 6.43098 1103126 1114269 71 0
probe_bw 6.45129 1103126 1114269 72 0
probe_bw 6.4716 1103126 1114269 71 0
probe_bw 6.49201 1101643 1114269 72 0
probe_bw 6.51419 1076885 1114269 74 0
probe_bw 6.53745 1039913 1114269 76 0
probe_bw 6.55955 1018692 1114269 78 0
probe_bw 6.58398 974253 1114269 82 0
probe_bw 6.60841 950973 1114269 86 0
probe_bw 6.634 928058 1114269 91 0
probe_bw 6.65959 895684 1114269 97 0
probe_bw 6.68401 895684 1103126 102 0
probe_bw 6.71077 875328 1103126 107 0
probe_bw 6.7352 883358 1103126 112 0
probe_bw 6.76079 883358 1103126 117 0
probe_bw 6.78638 883358 1103126 122 0
probe_bw 6.83873 700226 1103126 154 0
probe_bw 6.87945 456561 1103126 154 0
probe_bw 6.88991 520412 1103126 154 4200
probe_bw 6.90038 455798 1103126 154 4200
probe_bw 6.91085 539865 1103126 154 0
probe_bw 6.93063 543476 1103126 154 0
probe_bw 6.9411 579091 1103126 154 0
probe_bw 6.94924 618907 1103126 154 1400
probe_bw 6.96088 728062 1103126 154 0
probe_bw 6.97134 760078 1103126 154 0
probe_bw 6.98065 789157 1103126 154 0
probe_bw 6.99112 808440 1103126 154 0
probe_bw 7.00275 999142 1103126 154 0
probe_bw 7.01322 988249 1103126 154 1400
probe_bw 7.02369 904681 1103126 154 1400
probe_bw 7.0644 545324 1103126 154 1400
probe_bw 7.0737 792722 1103126 154 1400
probe_bw 7.08417 726779 1103126 154 0
probe_bw 7.09347 678449 1103126 154 0
probe_bw 7.10394 628618 1103126 154 0
probe_bw 7.11558 791907 1103126 154 0
probe_bw 7.19235 398929 1103126 154 0
probe_bw 7.20863 382277 1103126 154 0
probe_bw 7.22375 372100 1103126 154 0
probe_bw 7.23771 365894 1103126 154 0
probe_bw 7.24818 422307 1103126 154 0
probe_bw 7.26098 462173 1103126 154 0
probe_bw 7.27493 491972 1103126 154 0
probe_bw 7.29006 513525 1103126 154 0
probe_bw 7.30401 802384 1103126 154 0
probe_bw 7.31681 809883 1103126 154 0
probe_bw 7.32611 857995 1103126 154 0
probe_bw 7.33542 893531 1103126 154 0
probe_bw 7.3424 943981 1103126 154 0
probe_bw 7.35054 936080 1103126 154 0
probe_bw 7.36101 862179 1103126 154 0
probe_bw 7.37264 799093 1103126 154 0
probe_bw 7.38311 744609 1103126 154 0
probe_bw 7.39474 819070 1103126 154 0
probe_bw 7.40405 720782 1103126 154 0
probe_bw 7.40986 1092094 1103126 154 0
probe_bw 7.41684 1191168 1191168 154 0
probe_bw 7.42382 1092094 1191168 154 0
probe_bw 7.42615 1092094 1191168 154 0
probe_bw 7.42848 1001086 1191168 154 0
probe_bw 7.4308 1092094 1191168 154 0
probe_bw 7.43197 1092094 1191168 154 0
probe_bw 7.4394 1092094 1191168 154 0
probe_bw 7.45017 1092094 1191168 154 0
probe_bw 7.45992 1001086 1191168 154 0
probe_bw 7.47017 1092094 1191168 154 0
probe_bw 7.48064 992812 1191168 154 0
probe_bw 7.48992 1102278 1191168 154 0
probe_bw 7.49942 1115654 1191168 154 0
probe_bw 7.50892 1127819 1191168 154 0
probe_bw 7.51842 1140253 1191168 154 0
probe_bw 7.52791 1152964 1191168 154 0
probe_bw 7.53741 1165962 1191168 154 0
probe_bw 7.54691 1179256 1191168 154 0
probe_bw 7.55681 1172079 1191168 154 0
probe_bw 7.5659 1179256 1191168 154 0
probe_bw 7.5754 1179256 1191168 154 0
probe_bw 7.5849 1179256 1191168 154 0
probe_bw 7.5944 1179256 1191168 154 0
probe_bw 7.60389 1179256 1191168 154 0
probe_bw 7.61339 1179256 1191168 154 0
probe_bw 7.62289 1179256 1191168 154 0
probe_bw 7.63239 1179256 1191168 154 0
probe_bw 7.64188 1179256 1191168 154 0
probe_bw 7.65138 1179256 1191168 154 0
probe_bw 7.66088 1179256 1191168 154 0
probe_bw 7.66848 1213940 1213940 154 0
probe_bw 7.67607 1250726 1250726 154 0
probe_bw 7.68367 1274871 1274871 154 0
probe_bw 7.69127 1310284 1310284 154 0
probe_bw 7.69887 1347721 1347721 154 0
probe_bw 7.70647 1387360 1387360 154 0
probe_bw 7.71407 1429401 1429401 154 0
probe_bw 7.72166 1434230 1434230 154 0
probe_bw 7.72926 1474070 1474070 154 0
probe_bw 7.74192 1360680 1474070 154 0
probe_bw 7.75398 1250124 1474070 154 0
probe_bw 7.76601 1167613 1474070 154 0
probe_bw 7.77669 1073067 1474070 154 0
probe_bw 7.78724 918321 1474070 154 1400
probe_bw 7.79776 981046 1474070 154 1400
probe_bw 7.80543 1058106 1474070 154 1400
probe_bw 7.81311 171751 1474070 154 1400
probe_bw 7.82078 0 1474070 154 1400
probe_bw 7.82846 0 1474070 154 1400
probe_bw 7.83613 0 1474070 154 1400
probe_bw 7.84381 0 1474070 154 1400
probe_bw 7.84761 0 1474070 154 1400
probe_bw 7.85529 0 1474070 154 1400
probe_bw 7.86296 0 1474070 154 1400
probe_bw 7.87063 0 1474070 154 0
probe_bw 7.87831 0 1474070 154 0
probe_bw 7.91652 548745 1474070 69 0
probe_bw 7.93598 613516 1474070 73 0
probe_bw 7.94761 793822 1474070 69 0
probe_bw 7.96414 885536 1474070 71 0
probe_bw 7.97792 1459329 1474070 68 0
probe_bw 7.99488 1429237 1474070 70 0
probe_bw 8.01349 1444875 1474070 74 0
probe_bw 8.03094 1216107 1474070 75 0
probe_bw 8.04839 1271416 1474070 78 0
probe_bw 8.067 1257243 1474070 82 0
probe_bw 8.08678 1218811 1474070 85 0
probe_bw 8.10771 1188717 1474070 91 0
probe_bw 8.12749 1160073 1474070 96 0
probe_bw 8.14726 1132777 1474070 100 0
probe_bw 8.16587 1132777 1474070 103 0
probe_bw 8.18448 1143993 1474070 107 0
probe_bw 8.20426 1143993 1474070 111 0
probe_bw 8.22287 1167104 1474070 114 0
probe_bw 8.24148 1179013 1474070 118 0
probe_bw 8.26009 1182460 1474070 121 0
probe_bw 8.27522 1137868 1474070 121 0
probe_bw 8.2822 1155368 1474070 121 0
probe_bw 8.28918 1180804 1474070 121 1400
probe_bw 8.29499 1214357 1474070 121 0
probe_bw 8.3078 1171066 1474070 121 0
probe_bw 8.31361 1214296 1474070 121 0
probe_bw 8.31943 1264219 1474070 121 1400
probe_bw 8.32641 1283677 1474070 121 0
probe_bw 8.33222 1312858 1474070 121 0
probe_bw 8.33804 1344118 1474070 121 0
probe_bw 8.34968 1324833 1474070 121 0
probe_bw 8.36713 1247958 1474070 121 0
probe_bw 8.37759 1098722 1474070 121 1400
probe_bw 8.39737 1166972 1474070 121 1400
probe_bw 8.40202 1127280 1474070 121 1400
probe_bw 8.40784 1074847 1474070 121 0
probe_bw 8.42878 1018533 1474070 121 1400
probe_bw 8.43575 1058843 1474070 121 1400
probe_bw 8.44273 993323 1474070 121 0
probe_bw 8.45088 988670 1474070 121 1400
probe_bw 8.45669 1038322 1474070 121 0
probe_bw 8.466 957763 1474070 121 0
probe_bw 8.47996 1087746 1474070 121 0
probe_bw 8.48926 1085486 1474070 121 1400
probe_bw 8.50787 1092141 1474070 121 1400
probe_bw 8.51717 1063302 1474070 121 0
probe_bw 8.53346 980691 1474070 121 0
probe_bw 8.5416 1087334 1474070 121 1400
probe_bw 8.54974 1080824 1474070 121 0
probe_bw 8.55672 1080824 1474070 121 1400
probe_bw 8.56486 1080886 1474070 121 1400
probe_bw 8.57184 1018355 1474070 121 0
probe_bw 8.57998 1080886 1474070 121 0
probe_bw 8.58812 1100530 1474070 121 0
probe_bw 8.5951 1164918 1474070 121 0
probe_bw 8.60324 1179148 1474070 121 0
probe_bw 8.60906 1215393 1474070 121 0
probe_bw 8.6172 1225584 1474070 121 0
probe_bw 8.62418 1348081 1474070 121 0
probe_bw 8.63349 1348081 1474070 121 0
probe_bw 8.64163 1349876 1474070 121 0
probe_bw 8.64861 1450416 1474070 121 0
probe_bw 8.65559 1459329 1474070 121 0
probe_bw 8.66373 1459329 1474070 121 0
probe_bw 8.67769 1362040 1474070 121 0
probe_bw 8.68467 1362040 1474070 121 0
probe_bw 8.69281 1362040 1474070 121 0
probe_bw 8.70095 1296172 1459329 121 0
probe_bw 8.70793 1389696 1459329 121 0
probe_bw 8.71607 1386765 1459329 121 0
probe_bw 8.72305 1298619 1459329 121 0
probe_bw 8.73003 1221008 1459329 121 0
probe_bw 8.73817 1375515 1459329 121 0
probe_bw 8.74632 1386765 1459329 121 0
probe_bw 8.75446 1298492 1459329 121 0
probe_bw 8.76144 1386620 1459329 121 0
probe_bw 8.76842 1386620 1459329 121 0
probe_bw 8.77772 1375515 1459329 121 0
probe_bw 8.78935 1404172 1459329 121 0
probe_bw 8.79866 1375515 1459329 121 0
probe_bw 8.81263 1290432 1459329 121 0
probe_bw 8.8196 1321501 1459329 121 0
probe_bw 8.82542 1325949 1459329 121 1400
probe_bw 8.83124 1348071 1459329 121 0
probe_bw 8.83822 1361544 1459329 121 0
probe_bw 8.84519 1361544 1459329 121 0
probe_bw 8.85101 1388666 1459329 121 0
probe_bw 8.86381 1334510 1459329 121 0
probe_bw 8.86847 1361824 1459329 121 0
probe_bw 8.87544 1375358 1459329 121 1400
probe_bw 8.88126 1389535 1459329 121 0
probe_bw 8.89173 1365194 1459329 121 0
probe_bw 8.9022 1389535 1459329 121 0
probe_bw 8.91267 1365633 1459329 121 0
probe_bw 8.92314 1349663 1459329 121 0
probe_bw 8.9336 1307734 1459329 121 0
probe_bw 8.9429 1330677 1459329 121 1400
probe_bw 8.95337 1257693 1459329 121 0
probe_bw 8.96268 1239326 1459329 121 0
probe_bw 8.96733 1164145 1459329 121 0
probe_bw 8.97315 1274766 1459329 121 0
probe_bw 8.9778 1257693 1459329 121 0
probe_bw 8.98361 1241071 1459329 121 1400
probe_bw 8.98942 1224883 1459329 121 0
probe_bw 8.9964 1252103 1459329 121 0
probe_bw 9.00106 1280560 1459329 121 0
probe_bw 9.00804 1379065 1459329 121 0
probe_bw 9.01385 1319105 1459329 121 0
probe_bw 9.01967 1238344 1459329 121 0
probe_bw 9.02665 1379065 1459329 121 0
probe_bw 9.03246 1477569 1477569 121 0
probe_bw 9.03944 1413327 1477569 121 0
probe_bw 9.04526 1444735 1477569 121 0
probe_bw 9.04991 1444735 1477569 121 0
probe_bw 9.05456 1444735 1477569 121 0
probe_bw 9.05922 1444735 1477569 121 0
probe_bw 9.06387 1444735 1477569 121 0
probe_bw 9.06969 1444735 1477569 121 0
probe_bw 9.07318 1444735 1477569 121 0
probe_bw 9.07899 1341539 1477569 121 0
probe_bw 9.0883 1444735 1477569 121 0
probe_bw 9.09528 1444735 1477569 121 0
probe_bw 9.10342 1333601 1477569 121 0
probe_bw 9.11272 1446222 1477569 121 0
probe_bw 9.1197 1447985 1477569 121 0
probe_bw 9.12552 1449615 1477569 121 0
probe_bw 9.13134 1451904 1477569 121 0
probe_bw 9.13715 1454711 1477569 121 0
probe_bw 9.14413 1456723 1477569 121 0
probe_bw 9.15116 1458741 1477569 121 0
probe_bw 9.15782 1460764 1477569 121 0
probe_bw 9.16607 1462793 1477569 121 0
probe_bw 9.17314 1606479 1606479 121 0
probe_bw 9.18175 1462793 1606479 121 0
probe_bw 9.18896 1462793 1606479 121 0
probe_bw 9.19678 1462793 1606479 121 0
probe_bw 9.20388 1462793 1606479 121 0
probe_bw 9.21242 1462793 1606479 121 0
probe_bw 9.21987 1444090 1606479 121 0
probe_bw 9.22778 1440903 1606479 121 0
probe_bw 9.23476 1300260 1606479 121 0
probe_bw 9.24143 1462793 1606479 121 0
probe_bw 9.24847 1489351 1606479 121 0
probe_bw 9.25624 1498265 1606479 121 0
probe_bw 9.26361 1508472 1606479 121 0
probe_bw 9.27059 1510998 1606479 121 0
probe_bw 9.27726 1545469 1606479 121 0
probe_bw 9.28423 1560166 1606479 121 0
probe_bw 9.28932 1435033 1606479 121 0
probe_bw 9.2963 1594481 1606479 121 0
probe_bw 9.30114 1687196 1687196 121 0
probe_bw 9.30696 1559229 1687196 121 0
probe_bw 9.31185 1767126 1767126 121 0
probe_bw 9.31883 1789350 1789350 121 0
probe_bw 9.32348 1832096 1832096 121 0
probe_bw 9.32981 1861011 1861011 121 0
probe_bw 9.33679 1861011 1861011 121 0
probe_bw 9.34144 1919484 1919484 121 0
probe_bw 9.34726 1954912 1954912 121 0
probe_bw 9.35656 1832160 1954912 121 0
probe_bw 9.36443 1754132 1954912 121 0
probe_bw 9.3745 1608959 1954912 121 0
probe_bw 9.38311 1564626 1954912 121 0
probe_bw 9.39034 1383583 1954912 121 0
probe_bw 9.40081 1395935 1954912 121 0
probe_bw 9.41244 1261928 1954912 121 0
probe_bw 9.41942 1241588 1954912 121 0
probe_bw 9.42524 1304676 1954912 121 0
probe_bw 9.42989 1368876 1954912 121 0
probe_bw 9.43687 1391604 1954912 121 0
probe_bw 9.44152 1504035 1954912 121 0
probe_bw 9.4485 1513536 1954912 121 0
probe_bw 9.45432 1572878 1954912 121 0
probe_bw 9.45897 1631967 1954912 121 0
probe_bw 9.46828 1580816 1954912 121 0
probe_bw 9.47758 1604768 1954912 121 0
probe_bw 9.48805 1540577 1954912 121 0
probe_bw 9.49619 1604768 1954912 121 0
probe_bw 9.5055 1561396 1954912 121 0
probe_bw 9.51713 1462573 1954912 121 0
probe_bw 9.52527 1409064 1954912 121 0
probe_bw 9.53574 1359333 1954912 121 0
probe_bw 9.54388 1312992 1954912 121 0
probe_bw 9.55435 1269706 1954912 121 0
probe_bw 9.56366 1229184 1954912 121 0
probe_bw 9.57064 1203576 1954912 121 1400
probe_bw 9.57994 104293 1954912 121 1400
probe_bw 9.58692 208586 1954912 121 1400
probe_bw 9.59274 0 1954912 121 1400
probe_bw 9.59972 0 1954912 121 1400
probe_bw 9.60437 0 1954912 121 1400
probe_bw 9.61135 0 1954912 121 1400
probe_bw 9.61716 0 1954912 121 1400
probe_bw 9.62298 0 1954912 121 1400
probe_bw 9.6288 0 1954912 121 1400
probe_bw 9.63461 0 1954912 121 1400
probe_bw 9.64043 0 1954912 121 1400
probe_bw 9.64624 0 1954912 121 1400
probe_bw 9.65206 0 1954912 121 1400
probe_bw 9.66835 0 1954912 121 1400
probe_bw 9.67765 0 1954912 121 1400
probe_bw 9.68347 0 1954912 121 0
probe_bw 9.70092 0 1954912 121 0
probe_bw 9.78467 104658 1954912 121 1400
probe_bw 9.79048 198539 1954912 121 1400
probe_bw 9.80327 356633 1954912 114 1400
probe_bw 9.89633 501519 1954912 196 0
probe_bw 9.9161 356633 1954912 126 0
probe_bw 9.93472 426023 1954912 126 0
probe_bw 9.94403 477407 1954912 126 0
probe_bw 9.94868 539153 1954912 126 4200
probe_bw 9.95334 597071 1272828 126 1400
probe_bw 9.96265 632458 1272828 126 0
probe_bw 9.9673 682798 1272828 126 0
probe_bw 9.97195 730361 1272828 126 1400
probe_bw 9.98126 755102 1272828 126 0
probe_bw 9.98475 802297 1272828 126 0
probe_bw 9.99057 837182 1272828 126 1400
probe_bw 9.99522 875238 1272828 126 0
probe_bw 9.99987 911493 1272828 126 0
probe_bw 10.0045 946071 1272828 126 0
probe_bw 10.0092 979087 1272828 126 0
probe_bw 10.0138 1620387 1272828 126 0
probe_bw 10.0208 1619511 1272828 126 0
probe_bw 10.029 1687195 1272828 126 0
probe_bw 10.0371 1666220 1272828 126 0
probe_bw 10.0476 1533684 1272828 126 0
probe_bw 10.0569 1432222 1272828 126 0
probe_bw 10.0615 1386395 1272828 126 1400
probe_bw 10.0755 1194644 1272828 126 1400
probe_bw 10.0836 1131540 1272828 126 1400
probe_bw 10.0929 1074768 1272828 126 1400
probe_bw 10.1011 963220 1272828 126 0
probe_bw 10.1104 861844 1272828 126 1400
probe_bw 10.1173 769310 1272828 126 0
probe_rtt 10.1243 1260769 1272828 126 0
probe_rtt 10.1336 1170669 1272828 126 0
probe_rtt 10.1429 1237536 1272828 126 0
probe_rtt 10.1534 1150612 1272828 126 0
probe_rtt 10.1639 1246449 1272828 126 0
probe_rtt 10.1732 1250990 1272828 126 0
probe_rtt 10.1825 1203706 1272828 126 0
probe_rtt 10.1895 1260099 1272828 126 0
probe_rtt 10.1964 1260099 1272828 126 0
probe_rtt 10.2057 1260099 1272828 126 0
probe_rtt 10.2139 1260099 1272828 126 0
probe_rtt 10.2244 1260099 1272828 126 0
probe_rtt 10.2348 1239326 1272828 126 0
probe_rtt 11.1707 11929 1272828 126 1400
probe_rtt 11.2928 183402 1272828 122 0
probe_bw 11.4057 91701 1272828 122 0
probe_bw 11.415 183392 1272828 122 0
probe_bw 11.5278 183392 1272828 122 2800
probe_bw 11.5546 150953 1272828 122 0
probe_bw 11.5627 226430 1272828 122 1400
probe_bw 11.6081 231999 1272828 122 2800
probe_bw 11.6139 281519 1272828 122 0
probe_bw 11.622 324539 1272828 122 5600
probe_bw 11.6313 362345 1272828 122 0
probe_bw 11.6395 692247 1272828 122 1400
probe_bw 11.6627 691663 1272828 122 1400
probe_bw 11.6732 641371 1272828 122 1400
probe_bw 11.6988 469863 1272828 122 1400
probe_bw 11.7034 446100 1272828 122 1400
probe_bw 11.7081 424625 1272828 122 1400
probe_bw 11.7116 405122 1272828 122 1400
probe_bw 11.7162 676911 1272828 122 1400
probe_bw 11.7244 724734 1272828 122 1400
probe_bw 11.76 864168 1272828 87 0
probe_bw 11.7778 767683 1272828 70 0
probe_bw 11.7956 943741 1272828 70 0
probe_bw 11.8134 1006941 1272828 70 0
probe_bw 11.8311 1260099 1272828 70 0
probe_bw 11.8489 1260099 1272828 70 0
probe_bw 11.8667 1260099 1272828 70 0
probe_bw 11.8845 1008079 1272828 70 0
probe_bw 11.9022 1260099 1272828 70 0
probe_bw 11.92 1260099 1272828 71 0
probe_bw 11.9381 1255160 1272828 71 0
probe_bw 11.9559 1254213 1272828 70 0
probe_bw 11.974 1248981 1272828 70 0
probe_bw 11.9911 1260099 1272828 70 0
probe_bw 12.0089 1260099 1272828 70 0
probe_bw 12.0267 1260099 1272828 70 0
probe_bw 12.0445 1260099 1272828 70 0
probe_bw 12.0622 1260099 1272828 70 0
probe_bw 12.08 1260099 1272828 71 0
probe_bw 12.0984 1249783 1272828 71 0
probe_bw 12.1156 1260099 1272828 70 0
probe_bw 12.1333 1260099 1272828 70 0
probe_bw 12.1511 1260099 1272828 71 0
probe_bw 12.169 1260099 1272828 70 0
probe_bw 12.1875 1245835 1272828 71 0
probe_bw 12.2044 1260099 1272828 70 0
probe_bw 12.2222 1260099 1272828 70 0
probe_bw 12.24 1260099 1272828 70 0
probe_bw 12.2585 1260099 1272828 71 0
probe_bw 12.2755 1260099 1272828 70 0
probe_bw 12.2933 1260099 1272828 70 0
probe_bw 12.3111 1260099 1272828 71 0
probe_bw 12.3289 1260099 1272828 70 0
probe_bw 12.347 1254527 1272828 70 0
probe_bw 12.3646 1256789 1272828 70 0
probe_bw 12.3822 1260099 1272828 70 0
probe_bw 12.4005 1250594 1272828 71 0
probe_bw 12.4178 1260099 1272828 70 0
probe_bw 12.4366 1245342 1272828 71 0
probe_bw 12.4533 1260099 1272828 70 0
probe_bw 12.4717 1259109 1272828 71 0
probe_bw 12.4889 1260099 1272828 70 0
probe_bw 12.5066 1120088 1272828 70 0
probe_bw 12.5248 1253490 1272828 70 0
probe_bw 12.5422 1260099 1272828 70 0
probe_bw 12.56 1260099 1272828 70 0
probe_bw 12.5777 1260099 1272828 70 0
probe_bw 12.5955 1260099 1272828 70 0
probe_bw 12.6133 1260099 1272828 70 0
probe_bw 12.6313 1255313 1272828 71 0
probe_bw 12.6488 1260099 1272828 70 0
probe_bw 12.6684 1229869 1272828 72 0
probe_bw 12.6916 1143719 1272828 77 0
probe_bw 12.7126 1103027 1272828 80 0
probe_bw 12.7335 1058309 1272828 84 0
probe_bw 12.7533 1055190 1272828 86 0
probe_bw 12.7742 1084913 1272828 89 0
probe_bw 12.7963 1069845 1272828 93 0
probe_bw 12.8184 1058089 1272828 98 0
probe_bw 12.8394 1058089 1272828 101 0
probe_bw 12.8615 1035334 1272828 105 0
probe_bw 12.8824 1035334 1272828 108 0
probe_bw 12.9045 1035334 1272828 112 0
probe_bw 12.9266 1035334 1272828 117 0
probe_bw 12.9487 1031636 1272828 121 0
probe_bw 12.9673 1050393 1272828 122 0
probe_bw 12.9941 1013488 1272828 131 0
probe_bw 13.0022 1028242 1272828 131 0
probe_bw 13.0115 1040878 1272828 131 1400
probe_bw 13.029 989753 1272828 131 0
probe_bw 13.0383 1004626 1272828 131 0
probe_bw 13.0476 1018300 1272828 131 1400
probe_bw 13.0546 1050286 1272828 131 0
probe_bw 13.0604 924072 1272828 131 0
probe_bw 13.065 1008079 1272828 131 0
probe_bw 13.0743 990077 1272828 131 0
probe_bw 13.0825 1080084 1272828 131 0
probe_bw 13.0906 1170091 1272828 131 0
probe_bw 13.1011 1163168 1272828 131 0
probe_bw 13.1104 1163168 1272828 131 0
probe_bw 13.1185 1104293 1272828 131 1400
probe_bw 13.1337 1194701 1272828 131 0
probe_bw 13.1441 1103427 1272828 131 0
probe_bw 13.1546 1185901 1272828 131 1400
probe_bw 13.1697 1087076 1272828 113 0
probe_bw 13.1895 1087076 1272828 115 0
probe_bw 13.2081 1099659 1272828 116 0
probe_bw 13.229 1114957 1272828 120 0
probe_bw 13.2476 1179081 1272828 120 0
probe_bw 13.2663 1192177 1272828 121 0
probe_bw 13.2849 1167104 1272828 121 0
probe_bw 13.3023 1191168 1272828 122 0
probe_bw 13.3198 1203576 1272828 121 0
probe_bw 13.3372 1092085 1272828 121 0
probe_bw 13.3465 1143929 1272828 121 0
probe_bw 13.3558 1148307 1272828 121 1400
probe_bw 13.3733 1069734 1272828 121 0
probe_bw 13.3826 990077 1272828 121 0
probe_bw 13.3919 1069734 1272828 121 1400
probe_bw 13.4082 990077 1272828 121 0
probe_bw 13.4163 969306 1272828 121 0
probe_bw 13.4256 999036 1272828 121 1400
probe_bw 13.4326 840066 1272828 121 0
probe_bw 13.4419 924072 1272828 121 0
probe_bw 13.4524 1066237 1272828 121 0
probe_bw 13.4605 1066237 1272828 121 0
probe_bw 13.4663 1013245 1272828 121 1400
probe_bw 13.4826 1096285 1272828 121 0
probe_bw 13.4931 1092229 1272828 121 0
probe_bw 13.5024 1008988 1272828 121 1400
probe_bw 13.5198 1102666 1272828 121 0
probe_bw 13.5303 1080886 1272828 121 0
probe_bw 13.5384 1021411 1272828 121 1400
probe_bw 13.5571 1021411 1272828 123 0
probe_bw 13.5733 1092093 1272828 121 0
probe_bw 13.592 1126752 1272828 121 0
probe_bw 13.6094 1140804 1272828 118 0
probe_bw 13.6292 1148425 1272828 120 0
probe_bw 13.649 1224772 1272828 121 0
probe_bw 13.6652 1236702 1272828 121 0
probe_bw 13.6838 1236702 1272828 121 0
probe_bw 13.7013 1225459 1272828 121 0
probe_bw 13.7281 1132715 1272828 130 0
probe_bw 13.7374 1137868 1272828 130 0
probe_bw 13.7467 1080084 1272828 130 1400
probe_bw 13.756 1148307 1272828 130 0
probe_bw 13.7641 1163168 1272828 130 0
probe_bw 13.7723 1180804 1272828 130 0
probe_bw 13.7816 1080084 1272828 130 0
probe_bw 13.7979 990077 1272828 130 0
probe_bw 13.8048 1080084 1272828 130 0
probe_bw 13.8095 990077 1272828 130 1400
probe_bw 13.813 1080084 1272828 130 0
probe_bw 13.8176 1170091 1272828 130 0
probe_bw 13.8223 1163168 1272828 130 0
probe_bw 13.8281 1080084 1272828 130 0
probe_bw 13.8304 1190005 1272828 130 1400
probe_bw 13.8362 1099420 1272828 130 0
probe_bw 13.8397 1185623 1272828 130 0
probe_bw 13.8444 1099420 1272828 130 0
probe_bw 13.849 1185623 1272828 130 0
probe_bw 13.8591 1213009 1272828 130 0
probe_bw 13.8685 1122928 1272828 130 0
probe_bw 13.8769 1111925 1272828 130 1400
probe_bw 13.8958 1162092 1272828 71 0
probe_bw 13.9124 1143752 1272828 70 0
probe_bw 13.9302 1260099 1272828 70 0
probe_bw 13.9485 1251539 1272828 71 0
probe_bw 13.9659 1260099 1272828 70 0
probe_bw 13.9835 1260099 1272828 70 0
probe_bw 14.0018 1250728 1272828 70 0
probe_bw 14.0191 1260099 1272828 71 0
probe_bw 14.0377 1247705 1272828 71 0
probe_bw 14.0557 1241718 1272828 71 0
probe_bw 14.0724 1260099 1272828 70 0
probe_bw 14.0902 1260099 1272828 70 0
probe_bw 14.108 1260099 1272828 70 0
probe_bw 14.1262 1120088 1272828 71 0
probe_bw 14.1435 1260099 1272828 70 0
probe_bw 14.1613 1260099 1272828 70 0
probe_bw 14.1791 1260099 1272828 71 0
probe_bw 14.1978 1250344 1272828 71 0
probe_bw 14.2146 1260099 1272828 70 0
probe_bw 14.2327 1255448 1272828 70 0
probe_bw 14.2502 1260099 1272828 70 0
probe_bw 14.2686 1120088 1272828 71 0
probe_bw 14.2864 1248211 1272828 71 0
probe_bw 14.3045 1247705 1272828 71 0
probe_bw 14.3213 1260099 1272828 70 0
probe_bw 14.339 1271120 1272828 71 0
probe_bw 14.3569 1260099 1272828 70 0
probe_bw 14.3746 1260099 1272828 70 0
probe_bw 14.3924 1260099 1272828 70 0
probe_bw 14.4102 1260099 1272828 70 0
probe_bw 14.4313 1205140 1272828 74 0
probe_bw 14.451 1172098 1272828 76 0
probe_bw 14.4743 1093594 1272828 81 0
probe_bw 14.4941 1067560 1272828 83 0
probe_bw 14.5197 1013537 1272828 91 0
probe_bw 14.5418 987549 1272828 95 0
probe_bw 14.565 982511 1272828 101 0
probe_bw 14.5848 1013537 1272828 102 0
probe_bw 14.6023 1035334 1272828 102 0
probe_bw 14.6197 1119605 1272828 102 0
probe_bw 14.6383 1160073 1272828 103 0
probe_bw 14.6523 1216245 1272828 99 0
probe_bw 14.6651 1163168 1272828 94 0
probe_bw 14.679 1260099 1272828 91 0
probe_bw 14.693 1260099 1272828 86 0
probe_bw 14.7139 1374653 1272828 89 0
probe_bw 14.7349 1374653 1272828 92 0
probe_bw 14.7558 1145544 1272828 95 0
probe_bw 14.7744 1145544 1272828 97 0
probe_bw 14.7953 1094160 1272828 100 0
probe_bw 14.8151 1106736 1272828 102 0
probe_bw 14.8361 1106736 1272828 105 0
probe_bw 14.857 1106736 1272828 108 0
probe_bw 14.8768 1094160 1272828 110 0
probe_bw 14.8977 1090031 1272828 113 0
probe_bw 14.9186 1090031 1272828 116 0
probe_bw 14.9396 1079844 1272828 120 0
probe_bw 14.9675 1022456 1272828 130 0
probe_bw 14.9768 1028242 1272828 130 0
probe_bw 14.9954 943877 1272828 130 1400
probe_bw 15.0129 810063 1272828 130 0
probe_bw 15.0222 899728 1272828 130 1400
probe_bw 15.0385 810063 1272828 130 1400
probe_bw 15.0489 859568 1272828 130 0
probe_bw 15.0652 756059 1272828 130 1400
probe_bw 15.0757 822839 1272828 130 0
probe_bw 15.0827 872376 1272828 130 1400
probe_bw 15.0931 866477 1272828 130 0
probe_bw 15.1013 899775 1272828 130 0
probe_bw 15.1083 989215 1272828 130 1400
probe_bw 15.1246 992035 1272828 130 0
probe_bw 15.1339 916494 1272828 130 1400
probe_bw 15.1501 1001564 1272828 130 1400
probe_bw 15.1618 915826 1272828 130 0
probe_bw 15.1757 1000767 1272828 130 1400
probe_bw 15.185 915160 1272828 130 0
probe_bw 15.1932 986830 1272828 130 1400
probe_bw 15.2141 915160 1272828 121 0
probe_bw 15.2374 992812 1272828 126 0
probe_bw 15.2548 1018575 1272828 121 0
probe_bw 15.2746 1091967 1272828 123 0
probe_bw 15.292 1155498 1272828 122 0
probe_bw 15.3106 1143993 1272828 122 0
probe_bw 15.3269 1191168 1272828 120 0
probe_bw 15.3455 1192925 1272828 122 0
probe_bw 15.3642 1236702 1272828 123 0
probe_bw 15.3816 1236702 1272828 122 0
probe_bw 15.3991 1169769 1272828 122 0
probe_bw 15.4072 1163168 1272828 122 0
probe_bw 15.4165 1169769 1272828 122 1400
probe_bw 15.4246 1163168 1272828 122 0
probe_bw 15.4351 1169769 1272828 122 0
probe_bw 15.4433 1155368 1272828 122 0
probe_bw 15.4526 1158939 1272828 122 0
probe_bw 15.4619 1008079 1272828 122 0
probe_bw 15.4688 1092085 1272828 122 0
probe_bw 15.477 1080084 1272828 122 0
probe_bw 15.4863 1170091 1272828 122 0
probe_bw 15.4968 1080084 1272828 122 0
probe_bw 15.5061 1169769 1272828 122 0
probe_bw 15.5235 1155368 1272828 122 0
probe_bw 15.5282 1106979 1272828 122 1400
probe_bw 15.5375 1191168 1272828 122 0
probe_bw 15.5468 1099420 1272828 122 1400
probe_bw 15.5561 1185623 1272828 122 0
probe_bw 15.5654 1099420 1272828 122 0
probe_bw 15.5747 1184693 1272828 122 0
probe_bw 15.5828 1098620 1272828 122 0
probe_bw 15.5921 1167104 1272828 122 0
probe_bw 15.6015 1098620 1272828 122 0
probe_bw 15.6096 1184693 1272828 122 0
probe_bw 15.6189 1098620 1272828 122 0
probe_bw 15.6363 1190582 1272828 122 0
probe_bw 15.641 1191168 1272828 122 0
probe_bw 15.6503 1191168 1272828 122 0
probe_bw 15.6573 1215261 1272828 122 0
probe_bw 15.6666 1211939 1272828 122 1400
probe_bw 15.6829 1211939 1272828 118 0
probe_bw 15.7003 1212838 1272828 119 0
probe_bw 15.7201 1212838 1272828 121 0
probe_bw 15.7387 1212838 1272828 121 0
probe_bw 15.755 1255563 1272828 119 0
probe_bw 15.7748 1170091 1272828 121 0
probe_bw 15.8015 1132715 1272828 131 0
probe_bw 15.8097 1148307 1272828 131 0
probe_bw 15.819 1132715 1272828 131 1400
probe_bw 15.8283 1137868 1272828 131 0
probe_bw 15.8376 1143929 1272828 131 0
probe_bw 15.8457 1158939 1272828 131 0
probe_bw 15.855 1155368 1272828 131 0
probe_bw 15.8643 1158939 1272828 131 0
probe_bw 15.8725 1143929 1272828 131 0
probe_bw 15.8806 1158939 1272828 131 0
probe_bw 15.8992 1079730 1272828 131 0
probe_bw 15.9085 1088345 1272828 131 0
probe_bw 15.9167 1163168 1272828 131 1400
probe_bw 15.926 1080084 1272828 131 0
probe_bw 15.9318 1191168 1374653 131 1400
probe_bw 15.9399 1102322 1374653 131 0
probe_bw 15.9446 1184625 1374653 131 0
probe_bw 15.9481 1098561 1374653 131 0
probe_bw 15.9527 1184625 1374653 131 0
probe_bw 15.9562 1097762 1374653 131 0
probe_bw 15.9597 1183696 1374653 131 0
probe_bw 15.9632 1097762 1374653 131 0
probe_bw 15.9714 1190514 1374653 131 0
probe_bw 15.976 1099854 1374653 131 0
probe_bw 15.9807 1186128 1374653 131 1400
probe_bw 15.9965 1156253 1255563 70 0
probe_bw 16.0096 1208959 1255563 68 0
probe_bw 16.0236 1268117 1268117 69 0
probe_bw 16.0362 1483969 1483969 68 0
probe_bw 16.0499 1616848 1616848 68 0
probe_bw 16.0623 1701133 1701133 68 0
probe_bw 16.0767 1669463 1701133 68 0
probe_bw 16.101 1382498 1701133 73 0
probe_bw 16.1215 1142761 1701133 72 0
probe_bw 16.1391 1076321 1701133 70 0
probe_bw 16.1574 1110256 1701133 71 0
probe_bw 16.1728 1247705 1701133 68 0
probe_bw 16.1857 1383805 1701133 68 0
probe_bw 16.1999 1428635 1701133 68 0
probe_bw 16.2125 1526884 1701133 68 0
probe_bw 16.2256 1403434 1701133 68 0
probe_bw 16.2395 1531019 1701133 68 0
probe_bw 16.2522 1684121 1701133 68 0
probe_bw 16.2655 1403434 1701133 68 0
probe_bw 16.2788 1531019 1701133 68 0
probe_bw 16.2931 1531019 1701133 69 0
probe_bw 16.3064 1674399 1701133 69 0
probe_bw 16.3187 1684121 1701133 68 0
probe_bw 16.3323 1677227 1701133 68 0
probe_bw 16.3453 1684121 1701133 68 0
probe_bw 16.3586 1684121 1701133 68 0
probe_bw 16.3719 1684121 1701133 67 0
probe_bw 16.3852 1684121 1701133 68 0
probe_bw 16.3996 1662807 1701133 69 0
probe_bw 16.4118 1684121 1701133 68 0
probe_bw 16.4255 1673289 1701133 68 0
probe_bw 16.4384 1684121 1701133 68 0
probe_bw 16.4526 1661672 1701133 69 0
probe_bw 16.465 1684121 1701133 67 0
probe_bw 16.4785 1678992 1701133 68 0
probe_bw 16.4916 1684121 1701133 68 0
probe_bw 16.5049 1684121 1701133 67 0
probe_bw 16.52 1662807 1701133 69 0
probe_bw 16.5315 1684121 1701133 68 0
probe_bw 16.5459 1662807 1701133 69 0
probe_bw 16.5581 1684121 1701133 68 0
probe_bw 16.5756 1585261 1701133 72 0
probe_bw 16.5942 1509220 1701133 78 0
probe_bw 16.6104 1418701 1701133 80 0
probe_bw 16.6244 1425888 1701133 81 0
probe_bw 16.636 1437106 1701133 81 0
probe_bw 16.65 1462573 1701133 83 0
probe_bw 16.6628 1540577 1701133 86 0
probe_bw 16.6756 1567448 1701133 88 0
probe_bw 16.6884 1664204 1701133 91 0
probe_bw 16.7012 1728212 1728212 93 0
probe_bw 16.714 1750656 1750656 94 0
probe_bw 16.7314 1643909 1750656 98 0
probe_bw 16.7477 1604768 1750656 96 0
probe_bw 16.7652 1329569 1750656 97 0
probe_bw 16.7791 1377917 1750656 93 0
probe_bw 16.7931 1462573 1750656 89 0
probe_bw 16.807 1444291 1750656 90 0
probe_bw 16.8221 1421486 1750656 92 0
probe_bw 16.8373 1362996 1750656 94 0
probe_bw 16.8536 1481324 1750656 97 0
probe_bw 16.8698 1497783 1750656 100 0
probe_bw 16.8873 1449468 1750656 105 0
probe_bw 16.9036 1418953 1750656 108 0
probe_bw 16.9187 1404172 1750656 111 0
probe_bw 16.9315 1434048 1750656 111 0
probe_bw 16.9443 1465223 1750656 111 0
probe_bw 16.9571 1495706 1750656 111 0
probe_bw 16.971 1525324 1750656 112 0
probe_bw 16.9838 1572018 1750656 111 0
probe_bw 16.999 1604768 1750656 113 0
probe_bw 17.0141 1621660 1750656 116 0
probe_bw 17.0304 1590045 1750656 119 0
probe_bw 17.042 1635047 1750656 117 0
probe_bw 17.056 1619766 1750656 118 0
probe_bw 17.0687 1619766 1750656 118 0
probe_bw 17.0827 1473176 1750656 118 0
probe_bw 17.0885 1525239 1750656 118 0
probe_bw 17.0943 1544129 1750656 118 1400
probe_bw 17.1013 1525239 1750656 118 0
probe_bw 17.1083 1529699 1750656 118 0
probe_bw 17.1141 1556050 1750656 118 0
probe_bw 17.1211 1558834 1750656 118 0
probe_bw 17.1339 1495543 1750656 118 0
probe_bw 17.1409 1501555 1750656 118 0
probe_bw 17.1467 1386519 1750656 118 1400
probe_bw 17.1537 1473176 1750656 118 0
probe_bw 17.1665 1386519 1750656 118 0
probe_bw 17.1723 1368275 1750656 118 0
probe_bw 17.1781 1459494 1750656 118 1400
probe_bw 17.1862 1368275 1750656 118 0
probe_bw 17.1921 1453144 1750656 118 0
probe_bw 17.1979 1540577 1750656 118 0
probe_bw 17.2037 1540577 1750656 118 0
probe_bw 17.2072 1513513 1750656 118 1400
probe_bw 17.213 1593530 1750656 118 0
probe_bw 17.2211 1500411 1750656 118 0
probe_bw 17.227 1586237 1750656 118 0
probe_bw 17.2339 1500411 1750656 118 0
probe_bw 17.2467 1588224 1750656 118 0
probe_bw 17.2537 1497089 1750656 118 0
probe_bw 17.2595 1588316 1750656 118 1400
probe_bw 17.2653 1498707 1750656 118 0
probe_bw 17.2758 1586054 1750656 118 0
probe_bw 17.2828 1595178 1750656 118 0
probe_bw 17.2898 1516658 1750656 118 1400
probe_bw 17.3037 1503501 1750656 117 0
probe_bw 17.3153 1605049 1750656 118 0
probe_bw 17.3258 1588408 1750656 117 0
probe_bw 17.3433 1538126 1750656 121 0
probe_bw 17.3619 1458963 1750656 121 0
probe_bw 17.37 1444372 1750656 121 0
probe_bw 17.3782 1389696 1750656 121 1400
probe_bw 17.3945 1303798 1750656 121 0
probe_bw 17.4014 1321501 1750656 121 0
probe_bw 17.4073 1331241 1750656 121 1400
probe_bw 17.4131 1362394 1750656 121 0
probe_bw 17.4212 1334510 1750656 121 0
probe_bw 17.427 1362394 1750656 121 0
probe_bw 17.434 1321428 1750656 121 0
probe_bw 17.4608 1048485 1750656 121 0
probe_bw 17.4805 1038265 1750656 121 0
probe_bw 17.4864 1059028 1750656 121 4200
probe_bw 17.491 1091777 1750656 121 1400
probe_bw 17.5143 945406 1750656 121 2800
probe_bw 17.5201 992582 1750656 121 1400
probe_bw 17.534 893324 1750656 121 0
probe_bw 17.541 848090 1750656 121 1400
probe_bw 17.5468 893324 1750656 121 1400
probe_bw 17.5736 890656 1750656 121 0
probe_bw 17.5992 788991 1750656 121 1400
probe_bw 17.6271 694807 1750656 121 1400
probe_bw 17.6329 694807 1750656 121 1400
probe_bw 17.6399 747853 1750656 121 1400
probe_bw 17.6469 794066 1750656 121 0
probe_bw 17.6527 849583 1750656 121 0
probe_bw 17.6585 794066 1750656 121 1400
probe_bw 17.6666 841380 1750656 121 1400
probe_bw 17.6794 844614 1750656 121 1400
probe_bw 17.6853 992640 1750656 121 0
probe_bw 17.6922 1038379 1750656 121 1400
probe_bw 17.7097 1098194 1750656 121 0
probe_bw 17.7597 794112 1750656 121 0
probe_bw 17.7667 751094 1750656 121 0
probe_bw 17.7795 740662 1750656 121 0
probe_bw 17.79 591807 1750656 121 1400
probe_bw 17.7958 698046 1750656 121 0
probe_bw 17.8027 660067 1750656 121 1400
probe_bw 17.8097 754363 1750656 121 1400
probe_bw 17.8155 817566 1750656 121 0
probe_bw 17.8225 893427 1750656 121 0
probe_bw 17.8295 934867 1750656 121 0
probe_bw 17.8376 962910 1750656 121 0
probe_bw 17.8679 1091904 1750656 121 0
probe_bw 17.8737 1179081 1750656 121 0
probe_bw 17.8783 1151594 1750656 121 0
probe_bw 17.8842 1239395 1750656 121 0
probe_bw 17.89 1275818 1750656 121 0
probe_bw 17.8958 1348081 1750656 121 0
probe_bw 17.9039 1325349 1750656 121 0
probe_bw 17.9098 1375594 1750656 121 0
probe_bw 17.9202 1240760 1750656 121 1400
probe_bw 17.926 1336203 1750656 121 0
probe_bw 17.9295 1228003 1750656 121 0
probe_bw 17.9365 1375594 1750656 121 0
probe_bw 17.9412 1321646 1750656 121 0
probe_bw 17.9505 1232160 1750656 121 0
probe_bw 17.9784 1419036 1750656 121 0
probe_bw 17.9877 1342610 1750656 121 0
probe_bw 17.9947 1265381 1750656 121 0
probe_bw 18.0051 1264434 1750656 121 0
probe_bw 18.0121 1193862 1750656 121 0
probe_bw 18.0203 1166733 1750656 121 0
probe_bw 18.0272 1239395 1750656 121 0
probe_bw 18.0342 1275336 1750656 121 0
probe_bw 18.0389 1218620 1750656 121 0
probe_bw 18.0458 1204505 1750656 121 0
probe_bw 18.0517 1190713 1750656 121 0
probe_bw 18.0586 1239326 1750656 121 0
probe_bw 18.0656 1242515 1750656 121 0
probe_bw 18.0912 1290432 1635047 121 0
probe_bw 18.1075 1191099 1635047 121 0
probe_bw 18.118 1191099 1635047 121 0
probe_bw 18.1249 1191099 1635047 121 1400
probe_bw 18.1331 1191099 1635047 121 0
probe_bw 18.1401 1155926 1635047 121 0
probe_bw 18.147 1191099 1635047 121 0
probe_bw 18.154 1167038 1635047 121 0
probe_bw 18.1598 1178946 1635047 121 0
probe_bw 18.1668 1167038 1635047 121 0
probe_bw 18.1715 1150809 1635047 121 0
probe_bw 18.1761 1216173 1635047 121 0
probe_bw 18.1936 1191168 1635047 121 0
probe_bw 18.2052 1191099 1635047 121 0
probe_bw 18.2133 1191099 1635047 121 0
probe_bw 18.218 1191099 1635047 121 1400
probe_bw 18.225 1290357 1635047 121 0
probe_bw 18.232 1228351 1635047 121 0
probe_bw 18.2401 1228974 1635047 121 0
probe_bw 18.2482 1229597 1635047 121 0
probe_bw 18.2552 1224871 1635047 121 0
probe_bw 18.2622 1220180 1635047 121 0
probe_bw 18.268 1186008 1635047 121 0
probe_bw 18.2762 1181245 1635047 121 0
probe_bw 18.2831 1279682 1635047 121 0
probe_bw 18.2971 1291642 1635047 121 0
probe_bw 18.3041 1119678 1635047 121 0
probe_bw 18.3087 1202109 1635047 121 0
probe_bw 18.3169 1186530 1635047 121 0
probe_bw 18.3227 1171351 1635047 121 0
probe_bw 18.3308 1170615 1635047 121 0
probe_bw 18.339 1169881 1635047 121 0
probe_bw 18.3471 1169881 1635047 121 0
probe_bw 18.3553 1168415 1635047 121 0
probe_bw 18.3634 1089118 1635047 121 0
probe_bw 18.3785 1337411 1419036 121 0
probe_bw 18.3878 1337307 1419036 121 0
probe_bw 18.3948 1301163 1419036 121 0
probe_bw 18.4029 1301163 1419036 121 0
probe_bw 18.4122 1250468 1419036 121 0
probe_bw 18.4204 1250468 1419036 121 0
probe_bw 18.4262 1291642 1419036 121 0
probe_bw 18.4332 1307589 1419036 121 0
probe_bw 18.4413 1307589 1419036 121 0
probe_bw 18.4471 1343527 1419036 121 0
probe_bw 18.4541 1359333 1419036 121 0
probe_bw 18.4611 1375515 1419036 121 0
probe_bw 18.4925 1146263 1419036 121 1400
probe_bw 18.5193 104833 1419036 121 1400
probe_bw 18.5309 209666 1419036 121 1400
probe_bw 18.5437 314499 1419036 121 1400
probe_bw 18.5565 0 1419036 121 1400
probe_bw 18.5681 0 1419036 121 1400
probe_bw 18.5798 0 1419036 121 1400
probe_bw 18.5914 0 1419036 121 1400
probe_bw 18.5995 0 1419036 121 1400
probe_bw 18.6112 0 1419036 121 0
probe_bw 18.6216 0 1419036 121 0
probe_bw 18.6298 0 1419036 121 0
probe_bw 18.6391 0 1419036 121 0
probe_bw 18.7193 93476 1419036 121 0
probe_bw 18.7286 173479 1419036 121 0
probe_bw 18.7368 244783 1045730 121 1400
probe_bw 18.7438 310586 1045730 121 0
probe_bw 18.7519 367488 1045730 121 0
probe_bw 18.7682 398394 1045730 121 0
probe_bw 18.7763 443390 1045730 121 0
probe_bw 18.7845 484424 1045730 121 1400
probe_bw 18.7926 521997 1045730 121 0
probe_bw 18.8008 556530 1045730 121 0
probe_bw 18.8159 569382 1045730 121 0
probe_bw 18.824 598617 1045730 121 0
probe_bw 18.8322 625807 1045730 121 1400
probe_bw 18.838 1217532 1045730 121 0
probe_bw 18.8473 1141436 1045730 121 0
probe_bw 18.8496 1126135 1045730 121 1400
probe_bw 18.8554 1068459 1045730 121 0
probe_bw 18.8647 989874 1045730 121 0
probe_bw 18.8787 906009 1045730 121 0
probe_bw 18.8892 848865 1045730 121 0
probe_bw 18.8996 798501 1045730 121 1400
probe_bw 18.9124 753779 1045730 121 0
probe_bw 18.9345 625707 1045730 121 0
probe_bw 18.945 546062 1045730 121 1400
probe_bw 18.9566 1038493 1045730 121 0
probe_bw 18.9671 949472 1045730 121 1400
probe_bw 18.9787 884310 1045730 121 0
probe_bw 18.988 908407 1045730 121 0
probe_bw 18.9985 934867 1045730 121 0
probe_bw 19.0101 925877 1045730 121 0
probe_bw 19.0218 917010 1045730 121 0
probe_bw 19.0322 934816 1045730 121 0
probe_bw 19.0439 937298 1045730 121 0
probe_bw 19.0543 1028354 1045730 121 0
probe_bw 19.0648 1028298 1045730 121 0
probe_bw 19.0764 1028298 1045730 121 0
probe_bw 19.0869 1028354 1045730 121 1400
probe_bw 19.1009 1005939 1045730 122 0
probe_bw 19.123 1091967 1045730 124 0
probe_bw 19.1451 1090924 1045730 124 0
probe_bw 19.1788 982511 1045730 135 0
probe_bw 19.1893 986696 1045730 135 0
probe_bw 19.2114 899775 1045730 135 1400
probe_bw 19.2207 834033 1045730 135 0
probe_bw 19.2311 859611 1045730 135 1400
probe_bw 19.2439 833155 1045730 135 0
probe_bw 19.2544 852004 1045730 135 0
probe_bw 19.2649 841243 1045730 135 0
probe_bw 19.2754 859611 1045730 135 0
probe_bw 19.287 868073 1045730 135 0
probe_bw 19.3079 847040 1045730 135 0
probe_bw 19.3196 859611 1045730 135 0
probe_bw 19.3242 988518 1045730 135 1400
probe_bw 19.3335 992640 1045730 135 1400
probe_bw 19.3533 888769 1045730 135 0
probe_bw 19.3626 811374 1045730 135 0
probe_bw 19.3731 888769 1045730 135 0
probe_bw 19.3835 811374 1045730 135 0
probe_bw 19.394 746378 1045730 135 0
probe_bw 19.4091 896100 1045730 135 0
probe_bw 19.4126 812121 1045730 135 0
probe_bw 19.4161 847040 1045730 135 0
probe_bw 19.4219 836407 1045730 135 1400
probe_bw 19.4266 929342 1045730 135 0
probe_bw 19.4312 932730 1045730 135 0
probe_bw 19.4349 932730 1045730 135 0
probe_bw 19.4464 932730 1045730 135 0
probe_bw 19.4565 932730 1045730 135 0
probe_bw 19.468 1036367 1045730 135 0
probe_bw 19.4782 1035272 1045730 135 0
probe_bw 19.4891 905863 1045730 135 0
probe_bw 19.4998 1035272 1045730 135 0
probe_bw 19.5106 1035272 1045730 135 0
probe_bw 19.5214 1035272 1045730 135 0
probe_bw 19.5327 887376 1045730 135 0
probe_bw 19.5431 1035272 1045730 135 0
probe_bw 19.5539 1035272 1045730 135 0
probe_bw 19.5647 1035272 1045730 135 0
probe_bw 19.5763 1022897 1045730 135 0
probe_bw 19.5863 1035272 1045730 135 0
probe_bw 19.5972 1035272 1045730 135 0
probe_bw 19.608 1035272 1045730 135 0
probe_bw 19.6199 1018017 1045730 135 0
probe_bw 19.6296 1035021 1045730 135 0
probe_bw 19.6405 1035272 1045730 135 0
probe_bw 19.6514 1032516 1045730 135 0
probe_bw 19.6635 1013183 1045730 135 0
probe_bw 19.6732 1030024 1045730 135 0
probe_bw 19.6841 1035272 1045730 135 0
probe_bw 19.695 1027791 1045730 135 0
probe_bw 19.7071 1009826 1045730 135 0
probe_bw 19.7168 1027791 1045730 135 0
probe_bw 19.7277 1035272 1045730 135 0
probe_bw 19.7386 1027791 1045730 135 0
probe_bw 19.7506 1011268 1045730 135 0
probe_bw 19.7604 1027791 1045730 135 0
probe_bw 19.7713 1035272 1045730 135 0
probe_bw 19.7822 1027791 1045730 135 0
probe_bw 19.7929 1031312 1045730 135 0
probe_bw 19.8027 1035272 1045730 135 0
probe_bw 19.8135 1035272 1045730 135 0
probe_bw 19.8244 1035272 1045730 135 0
probe_bw 19.8363 1033348 1045730 135 0
probe_bw 19.846 1035272 1045730 135 0
probe_bw 19.8568 1035272 1045730 135 0
probe_bw 19.8676 1035272 1045730 135 0
probe_bw 19.8784 1035272 1045730 135 0
probe_bw 19.8893 1035272 1045730 135 0
probe_bw 19.9001 1035272 1045730 135 0
probe_bw 19.9109 1035272 1045730 135 0
probe_bw 19.9226 1021488 1045730 135 0
probe_bw 19.9326 1034850 1045730 135 0
probe_bw 19.9434 1035272 1045730 135 0
probe_bw 19.9542 1035272 1045730 135 0
probe_bw 19.965 1035272 1045730 135 0
probe_bw 19.9766 1023341 1045730 135 0
probe_bw 19.9871 1035272 1045730 135 0
probe_bw 19.9974 1035272 1045730 135 0
probe_bw 20.0083 1035272 1045730 135 0
probe_bw 20.0199 1021911 1045730 135 0
probe_bw 20.0299 1035272 1045730 135 0
probe_bw 20.0407 1035272 1045730 135 0
probe_bw 20.0517 1035272 1045730 135 0
probe_bw 20.0633 1020730 1045730 135 0
probe_bw 20.0733 1032658 1045730 135 0
probe_bw 20.0861 1015061 1045730 135 0
probe_bw 20.0978 990199 1045730 135 0
probe_bw 20.1117 946410 1045730 135 0
probe_bw 20.1234 938338 1045730 135 0
probe_bw 20.1338 952592 1045730 135 0
probe_bw 20.1466 917010 1045730 135 0
probe_bw 20.1594 917010 1045730 135 0
probe_bw 20.1722 902682 1045730 135 0
probe_bw 20.1838 910814 1045730 135 0
probe_bw 20.1966 923291 1045730 135 0
probe_bw 20.2094 910814 1045730 135 0
probe_bw 20.2211 898670 1045730 135 0
probe_bw 20.2339 898670 1045730 135 0
probe_bw 20.2455 910814 1045730 135 0
probe_bw 20.2583 910814 1045730 135 0
probe_bw 20.2699 905863 1045730 135 0
probe_bw 20.2827 906222 1045730 135 0
probe_bw 20.2943 917010 1045730 135 0
probe_bw 20.3083 906222 1045730 135 0
probe_bw 20.3223 885389 1045730 135 0
probe_bw 20.3374 865493 1045730 135 1400
probe_bw 20.3502 113982 1045730 135 1400
probe_bw 20.3653 227964 1045730 135 1400
probe_bw 20.3758 0 1045730 135 1400
probe_bw 20.3839 0 1045730 135 1400
probe_bw 20.3921 0 1045730 135 1400
probe_bw 20.399 0 1045730 135 1400
probe_bw 20.4083 0 1045730 135 1400
probe_bw 20.4141 0 1045730 135 1400
probe_bw 20.4235 0 1045730 135 0
probe_bw 20.4351 0 1045730 135 0
probe_bw 20.4467 0 1045730 135 0
probe_bw 20.4584 0 1045730 135 0
probe_bw 20.5177 216373 1045730 103 0
probe_bw 20.5433 346976 1045730 108 0
probe_bw 20.5665 441005 1045730 109 0
probe_bw 20.5921 503456 1045730 113 0
probe_bw 20.6177 550206 1045730 117 0
probe_bw 20.6445 883358 1045730 122 0
probe_bw 20.6677 862726 1045730 124 0
probe_bw 20.7108 426288 1045730 124 0
probe_bw 20.7224 487186 1045730 124 0
probe_bw 20.7329 381416 1045730 124 4200
probe_bw 20.7433 435904 1045730 124 0
probe_bw 20.7538 490392 1045730 124 0
probe_bw 20.7654 690181 1045730 124 0
probe_bw 20.7759 766842 1045730 124 0
probe_bw 20.7852 690181 1045730 124 0
probe_bw 20.798 773688 1045730 124 0
probe_bw 20.8283 847040 1045730 124 0
probe_bw 20.8387 776454 1045730 124 0
probe_bw 20.8457 890667 1045730 124 1400
probe_bw 20.8562 815254 1045730 124 1400
probe_bw 20.8666 749661 1045730 124 1400
probe_bw 20.8783 889768 1045730 124 2800
probe_bw 20.8887 812207 1045730 124 0
probe_bw 20.8992 884260 1045730 124 0
probe_bw 20.9108 811459 1045730 124 0
probe_bw 20.9388 906501 1045730 124 0
probe_bw 20.9481 906501 1045730 124 0
probe_bw 20.9597 861348 1045730 124 0
probe_bw 20.9702 858783 1045730 124 0
probe_bw 20.9771 896153 1045730 124 0
probe_bw 20.9911 893376 1045730 124 1400
probe_bw 21.012 794112 1045730 124 0
probe_bw 21.0225 817523 1045730 124 0
probe_bw 21.0458 747011 1045730 124 0
probe_bw 21.0667 755102 1045730 124 0
probe_bw 21.0784 755102 1045730 124 1400
probe_bw 21.0888 755102 1045730 124 1400
probe_bw 21.0993 733530 1045730 124 0
probe_bw 21.1098 752925 1045730 124 0
probe_bw 21.1202 780619 1045730 124 0
probe_bw 21.1319 841243 1045730 124 0
probe_bw 21.1423 776454 1045730 124 0
probe_bw 21.154 852004 1045730 124 0
probe_bw 21.1598 941156 1045730 124 0
probe_bw 21.1656 1028242 1045730 124 0
probe_bw 21.1702 1035272 1045730 124 0
probe_bw 21.1749 1035272 1045730 124 1400
probe_bw 21.1807 1035272 1045730 124 1400
probe_bw 21.1865 1035272 1045730 124 0
probe_bw 21.1923 1035272 1045730 124 0
probe_bw 21.1982 948999 1045730 124 0
probe_bw 21.204 1035272 1045730 124 0
probe_bw 21.21 1035272 1045730 124 0
probe_bw 21.2212 948999 1045730 124 0
probe_bw 21.2316 1035272 1045730 124 0
probe_bw 21.2424 1035272 1045730 124 0
probe_bw 21.2532 1035272 1045730 124 0
probe_bw 21.2641 1035272 1045730 124 0
probe_bw 21.2749 1035272 1045730 124 0
probe_bw 21.2857 1035272 1045730 124 0
probe_bw 21.2969 1029107 1045730 124 0
probe_bw 21.3083 1019682 1045730 124 0
probe_bw 21.3182 1035272 1045730 124 0
probe_bw 21.329 1035272 1045730 124 0
probe_bw 21.3402 1029439 1045730 124 0
probe_bw 21.3506 1035272 1045730 124 0
probe_bw 21.362 1032418 1045730 124 0
probe_bw 21.3722 1035272 1045730 124 0
probe_bw 21.3831 1035272 1045730 124 0
probe_bw 21.3939 1035272 1045730 124 0
probe_bw 21.4047 1035272 1045730 124 0
probe_bw 21.4157 1032979 1045730 124 0
probe_bw 21.4273 1029240 1045730 124 0
probe_bw 21.4372 1035272 1045730 124 0
probe_bw 21.448 1035272 1045730 124 0
probe_bw 21.4588 1035272 1045730 124 0
probe_bw 21.4705 1021376 1045730 124 0
probe_bw 21.4808 1031178 1045730 124 0
probe_bw 21.4923 1033123 1045730 124 0
probe_bw 21.5021 1035272 1045730 124 0
probe_bw 21.513 1032748 1045730 124 0
probe_bw 21.5237 1035272 1045730 124 0
probe_bw 21.5345 1035272 1045730 124 0
probe_bw 21.546 1031178 1045730 124 0
probe_bw 21.5565 1035272 1045730 124 0
probe_bw 21.567 1035272 1045730 124 0
probe_bw 21.5778 1035272 1045730 124 0
probe_bw 21.5886 1035272 1045730 124 0
probe_bw 21.6008 1013438 1045730 124 0
probe_bw 21.6112 1031178 1045730 124 0
probe_bw 21.6211 1035272 1045730 124 0
probe_bw 21.6319 1035272 1045730 124 0
probe_bw 21.6434 1023940 1045730 124 0
probe_bw 21.6535 1035272 1045730 124 0
probe_bw 21.6648 1035272 1045730 124 0
probe_bw 21.6752 1035272 1045730 124 0
probe_bw 21.6869 1021037 1045730 124 0
probe_bw 21.6968 1035272 1045730 124 0
probe_bw 21.7076 1035272 1045730 124 0
probe_bw 21.7184 1035272 1045730 124 0
probe_bw 21.7303 1025811 1045730 124 0
probe_bw 21.7401 1035272 1045730 124 0
probe_bw 21.7509 1035272 1045730 124 0
probe_bw 21.7617 1035272 1045730 124 0
probe_bw 21.7725 1035272 1045730 124 0
probe_bw 21.7845 1017686 1045730 124 0
probe_bw 21.7942 1035272 1045730 124 0
probe_bw 21.805 1035272 1045730 124 0
probe_bw 21.8158 1035272 1045730 124 0
probe_bw 21.8266 1035272 1045730 124 0
probe_bw 21.8374 1035272 1045730 124 0
probe_bw 21.8492 1035272 1045730 124 1400
probe_bw 21.8608 161130 1045730 124 1400
probe_bw 21.8736 0 1045730 124 1400
probe_bw 21.8841 0 1045730 124 1400
probe_bw 21.8957 0 1045730 124 1400
probe_bw 21.9073 0 1045730 124 1400
probe_bw 21.9131 0 1045730 124 1400
probe_bw 21.9213 0 1045730 124 0
probe_bw 21.9329 0 1045730 124 0
probe_bw 21.9457 0 1045730 124 0
probe_bw 21.9573 0 1045730 124 0
probe_bw 21.998 263797 1045730 85 0
probe_bw 22.0248 401192 1045730 90 0
probe_bw 22.0515 485476 1045730 95 0
probe_bw 22.0771 546304 1045730 99 0
probe_bw 22.1051 837270 1045730 106 0
probe_bw 22.133 752925 1045730 111 0
probe_bw 22.1632 637090 1045730 121 0
probe_bw 22.1888 796363 1045730 124 0
probe_bw 22.2214 770245 1045730 135 0
probe_bw 22.2319 794981 1045730 135 0
probe_bw 22.2644 681603 1045730 135 1400
probe_bw 22.2749 710242 1045730 135 0
probe_bw 22.297 669718 1045730 135 2800
probe_bw 22.3075 557454 1045730 135 0
probe_bw 22.3168 637090 1045730 135 1400
probe_bw 22.3261 716726 1045730 135 0
probe_bw 22.3366 752925 1045730 135 0
probe_bw 22.347 690181 1045730 135 0
probe_bw 22.3598 776454 1045730 135 0
probe_bw 22.3703 809050 1045730 135 0
probe_bw 22.3761 988574 1045730 135 1400
probe_bw 22.3854 904954 1045730 135 0
probe_bw 22.4075 987521 1045730 135 1400
probe_bw 22.418 987521 1045730 135 1400
probe_bw 22.4308 901526 1045730 135 1400
probe_bw 22.4529 963023 1045730 123 0
probe_bw 22.475 901526 1045730 123 0
probe_bw 22.4959 934918 1045730 123 0
probe_bw 22.5168 937391 1045730 122 0
probe_bw 22.5389 1018465 1045730 122 0
probe_bw 22.5599 1040930 1045730 122 0
probe_bw 22.5808 1050393 1045730 121 0
probe_bw 22.6052 1031636 1045730 125 0
probe_bw 22.6262 1031636 1045730 124 0
probe_bw 22.6401 1035272 1045730 116 0
probe_bw 22.6506 1129387 1045730 105 0
probe_bw 22.6622 1035272 1045730 95 0
probe_bw 22.6739 1035272 1045730 84 0
probe_bw 22.6855 1035272 1045730 75 0
probe_bw 22.705 941156 1045730 73 0
probe_bw 22.7262 920241 1045730 72 0
probe_bw 22.7477 887376 1045730 72 0
probe_bw 22.7693 1035272 1045730 72 0
probe_bw 22.791 1035272 1045730 72 0
probe_bw 22.8126 1035272 1045730 72 0
probe_bw 22.8342 1035272 1045730 72 0
probe_bw 22.8566 1024286 1045730 73 0
probe_bw 22.8777 1031957 1045730 72 0
probe_bw 22.8992 1035272 1129387 72 0
probe_bw 22.9208 1035272 1129387 72 0
probe_bw 22.9424 1035272 1129387 72 0
probe_bw 22.9641 1035272 1129387 72 0
probe_bw 22.9841 1061481 1129387 72 0
probe_bw 23.0046 1080514 1129387 72 0
probe_bw 23.0242 1096169 1129387 72 0
probe_bw 23.0442 1118093 1129387 72 0
probe_bw 23.0642 1118093 1129387 72 0
probe_bw 23.0843 1124937 1129387 71 0
probe_bw 23.1043 993860 1129387 71 0
probe_bw 23.1243 1118093 1129387 71 0
probe_bw 23.1444 1118093 1129387 71 0
probe_bw 23.1644 1118093 1129387 71 0
probe_bw 23.185 1110121 1129387 72 0
probe_bw 23.2045 1118093 1129387 71 0
probe_bw 23.2245 1118093 1129387 71 0
probe_bw 23.2454 1106475 1129387 72 0
probe_bw 23.2646 1118093 1129387 71 0
probe_bw 23.2846 1118093 1129387 71 0
probe_bw 23.3026 1118093 1129387 69 0
probe_bw 23.3187 1176940 1176940 69 0
probe_bw 23.3347 1242325 1242325 69 0
probe_bw 23.3507 1176939 1242325 69 0
probe_bw 23.3679 1242325 1242325 70 0
probe_bw 23.3929 1206662 1242325 74 0
probe_bw 23.419 984860 1242325 74 0
probe_bw 23.4427 897911 1242325 74 0
probe_bw 23.4634 905654 1242325 70 0
probe_bw 23.4818 1054201 1242325 70 0
probe_bw 23.5016 1083595 1242325 72 0
probe_bw 23.5181 1135293 1242325 71 0
probe_bw 23.5373 1213216 1242325 72 0
probe_bw 23.5554 1217286 1242325 71 0
probe_bw 23.5768 1093245 1242325 74 0
probe_bw 23.6001 1092086 1242325 80 0
probe_bw 23.6234 1040722 1242325 85 0
probe_bw 23.6455 995320 1242325 89 0
probe_bw 23.6676 987549 1242325 92 0
probe_bw 23.6908 987549 1242325 97 0
probe_bw 23.7141 982511 1242325 103 0
probe_bw 23.7374 982511 1242325 108 0
probe_bw 23.7606 972586 1242325 112 0
probe_bw 23.7839 962861 1242325 117 0
probe_bw 23.8071 962861 1242325 123 0
probe_bw 23.8339 934765 1242325 131 0
probe_bw 23.842 962811 1242325 131 0
probe_bw 23.8525 972531 1242325 131 1400
probe_bw 23.8607 999142 1242325 131 0
probe_bw 23.8793 943877 1242325 131 0
probe_bw 23.8979 884108 1242325 131 0
probe_bw 23.9072 908215 1242325 131 1400
probe_bw 23.9246 851469 1242325 131 1400
probe_bw 23.934 883222 1242325 131 0
probe_bw 23.9433 905123 1242325 131 1400
probe_bw 23.9526 943877 1242325 131 0
probe_bw 23.9654 888911 1242325 131 1400
probe_bw 23.9723 829359 1242325 131 0
probe_bw 23.9886 893316 1242325 131 0
probe_bw 24.0061 890122 1242325 131 1400
probe_bw 24.0154 822531 1242325 131 1400
probe_bw 24.0351 894591 1242325 131 1400
probe_bw 24.0479 807568 1242325 131 0
probe_bw 24.0607 735976 1242325 131 1400
probe_bw 24.0735 827697 1242325 131 0
probe_bw 24.0863 786099 1242325 131 0
probe_bw 24.098 802467 1242325 131 0
probe_bw 24.1107 825397 1242325 131 0
probe_bw 24.1177 902840 1242325 131 1400
probe_bw 24.1375 917157 1242325 122 0
probe_bw 24.1538 1038493 1242325 120 0
probe_bw 24.1736 1091967 1242325 121 0
probe_bw 24.191 1135293 1242325 121 0
probe_bw 24.2073 1203641 1242325 119 0
probe_bw 24.2282 1229901 1242325 122 0
probe_bw 24.255 1054200 1242325 130 0
probe_bw 24.2655 1137868 1242325 130 0
probe_bw 24.2724 1132715 1242325 130 1400
probe_bw 24.2829 1127618 1242325 130 0
probe_bw 24.2922 1132715 1242325 130 0
probe_bw 24.3003 1148307 1242325 130 0
probe_bw 24.3097 1132715 1242325 130 0
probe_bw 24.319 1137868 1242325 130 0
probe_bw 24.3271 1054200 1242325 130 0
probe_bw 24.3352 1137868 1242325 130 0
probe_bw 24.3457 1135293 1242325 130 0
probe_bw 24.3562 1137868 1242325 130 0
probe_bw 24.3655 1142323 1242325 130 0
probe_bw 24.3748 1215261 1242325 130 0
probe_bw 24.3806 1142050 1242325 130 0
probe_bw 24.3818 1311513 1311513 130 1400
probe_bw 24.3934 1293322 1311513 111 0
probe_bw 24.405 1293322 1311513 104 0
probe_bw 24.4167 1293322 1311513 97 0
probe_bw 24.4283 1293322 1311513 91 0
probe_bw 24.4399 1109575 1311513 83 0
probe_bw 24.4527 1205726 1311513 78 0
probe_bw 24.4655 1233642 1311513 73 0
probe_bw 24.4807 1247604 1311513 71 0
probe_bw 24.4977 1261102 1311513 70 0
probe_bw 24.5107 1453243 1453243 68 0
probe_bw 24.5245 1545710 1545710 68 0
probe_bw 24.5395 1514851 1545710 69 0
probe_bw 24.5538 1530768 1545710 70 0
probe_bw 24.5711 1525632 1545710 74 0
probe_bw 24.5926 1198064 1545710 72 0
probe_bw 24.6121 1233140 1545710 72 0
probe_bw 24.6314 1154848 1545710 71 0
probe_bw 24.6485 1090341 1545710 69 0
probe_bw 24.6634 1265441 1545710 69 0
probe_bw 24.6781 1184711 1545710 69 0
probe_bw 24.6924 1394905 1545710 69 0
probe_bw 24.707 1434611 1545710 69 0
probe_bw 24.7217 1530252 1545710 68 0
probe_bw 24.7363 1530252 1545710 69 0
probe_bw 24.751 1537923 1545710 68 0
probe_bw 24.766 1391138 1545710 68 0
probe_bw 24.7811 1512954 1545710 70 0
probe_bw 24.7949 1530252 1545710 68 0
probe_bw 24.8095 1530252 1545710 69 0
probe_bw 24.8241 1530252 1545710 69 0
probe_bw 24.8388 1530252 1545710 68 0
probe_bw 24.8534 1530252 1545710 69 0
probe_bw 24.8681 1530252 1545710 69 0
probe_bw 24.8827 1530252 1545710 68 0
probe_bw 24.8973 1530252 1545710 69 0
probe_bw 24.912 1529400 1545710 69 0
probe_bw 24.9273 1516032 1545710 69 0
probe_bw 24.9422 1509970 1545710 70 0
probe_bw 24.9559 1530252 1545710 68 0
probe_bw 24.9713 1515259 1545710 70 0
probe_bw 24.9852 1530252 1545710 69 0
probe_bw 25.0015 1510436 1545710 70 0
probe_bw 25.0189 1460919 1545710 73 0
probe_bw 25.0352 1412468 1545710 75 0
probe_bw 25.0538 1356872 1545710 78 0
probe_bw 25.0701 1318987 1545710 81 0
probe_bw 25.0899 1266922 1545710 85 0
probe_bw 25.1061 1283814 1545710 87 0
probe_bw 25.1213 1301163 1545710 91 0
probe_bw 25.1375 1312992 1545710 95 0
probe_bw 25.1527 1359333 1545710 98 0
probe_bw 25.169 1359333 1545710 103 0
probe_bw 25.1841 1375515 1545710 107 0
probe_bw 25.1992 1434048 1545710 110 0
probe_bw 25.2248 1321574 1545710 120 0
probe_bw 25.2574 1121718 1545710 133 0
probe_bw 25.2864 857899 1545710 133 0
probe_bw 25.2934 899775 1545710 133 1400
probe_bw 25.3004 866477 1545710 133 2800
probe_bw 25.3155 770159 1545710 133 0
probe_bw 25.3307 766766 1545710 133 0
probe_bw 25.3376 809012 1545710 133 1400
probe_bw 25.3656 716078 1545710 133 1400
probe_bw 25.3737 765126 1545710 133 0
probe_bw 25.3807 817436 1545710 133 4200
probe_bw 25.3888 852004 1545710 133 0
probe_bw 25.3958 889955 1545710 133 0
probe_bw 25.4028 1052048 1545710 133 0
probe_bw 25.4051 1025335 1545710 133 1400
probe_bw 25.4109 1095141 1545710 133 1400
probe_bw 25.426 1090391 1545710 133 1400
probe_bw 25.4412 961684 1545710 133 0
probe_bw 25.4505 909711 1545710 133 1400
probe_bw 25.4772 1102252 1545710 133 1400
probe_bw 25.4923 934006 1545710 133 1400
probe_bw 25.5005 876945 1545710 133 1400
probe_bw 25.5086 829413 1545710 133 1400
probe_bw 25.5168 982623 1545710 133 0
probe_bw 25.5307 841380 1537923 133 0
probe_bw 25.5389 893427 1537923 133 1400
probe_bw 25.5679 760462 1537923 133 1400
probe_bw 25.5877 802478 1537923 133 0
probe_bw 25.597 804928 1537923 133 2800
probe_bw 25.604 802478 1537923 133 0
probe_bw 25.611 796650 1537923 133 0
probe_bw 25.618 896231 1537923 133 0
probe_bw 25.6238 841472 1537923 133 0
probe_bw 25.6331 934969 1537923 133 0
probe_bw 25.6412 934969 1537923 133 0
probe_bw 25.6436 992697 1537923 133 1400
probe_bw 25.6726 998656 1537923 133 1400
probe_bw 25.6959 1013418 1537923 133 0
probe_bw 25.7075 1013657 1537923 133 1400
probe_bw 25.7157 1003156 1537923 133 1400
probe_bw 25.7319 982680 1537923 120 0
probe_bw 25.7471 884361 1537923 120 0
probe_bw 25.7529 902787 1537923 120 0
probe_bw 25.7599 866623 1537923 120 1400
probe_bw 25.7843 902682 1537923 120 0
probe_bw 25.8087 893376 1537923 120 0
probe_bw 25.8145 943981 1537923 120 0
probe_bw 25.8192 1002980 1537923 120 0
probe_bw 25.8273 1002921 1537923 120 0
probe_bw 25.839 999142 1537923 120 0
probe_bw 25.8483 962807 1537923 120 0
probe_bw 25.8669 884209 1537923 120 0
probe_bw 25.8727 893376 1121718 120 1400
probe_bw 25.8878 902682 1121718 120 0
probe_bw 25.8994 893376 1121718 120 1400
probe_bw 25.9041 838696 1121718 120 0
probe_bw 25.9088 870670 1121718 120 0
probe_bw 25.9146 875525 1121718 120 0
probe_bw 25.9181 817480 1121718 120 0
probe_bw 25.925 892074 1121718 120 0
probe_bw 25.9367 900028 1121718 120 0
