1.02887	2169.86
2.03039	2125.87
3.03074	2531.2
4.03458	2702.29
5.03493	2710.4
6.04227	3069.71
7.04262	4233.6
8.04297	5196.8
9.04565	5007.58
10.046	5051.2
11.0498	5761.91
12.0537	3841.28
13.0552	2830.77
14.0707	1423.45
15.1013	946.019
16.1121	643.168
17.1148	681.836
18.1372	613.698
19.1794	580.422
20.1903	687.524
21.1925	3442.71
22.1929	2430.4
23.1967	2389.63
24.2017	2841.79
25.2033	5213.99
26.2036	7828.8
27.204	8411.2
28.2043	8523.2
29.2047	8411.2
30.2062	8425.17
31.2065	8500.8
32.208	8033.57
33.2084	7414.4
34.2088	6540.8
35.2126	5270.59
36.2141	4285.31
37.2238	2808.32
38.2323	1744.44
39.2512	1078.19
40.2551	982.652
41.281	797.658
42.3128	510.572
43.3492	497.297
44.3507	682.517
45.3544	1261.81
46.3622	3481.23
47.3672	2139.7
48.3676	2206.4
49.3679	3808
50.3706	6594.81
51.371	8422.4
52.3725	8581.82
53.374	8413.99
54.3755	8436.36
55.377	8402.8
56.3786	8369.23
57.3812	7679.04
58.3839	6874.25
59.3878	5627.92
60.3928	4257.11
61.4024	3585.33
62.4074	2139.7
63.4287	1085.99
64.436	533.862
65.4387	514.171
66.4682	631.292
67.4848	672.44
68.4915	890.656
69.4948	4857.43
70.5021	3514.6
71.5059	2847.46
72.5063	3998.4
73.5066	6630.4
74.507	8299.2
75.5073	8456
76.5077	8377.6
77.5092	8436.36
78.5107	8391.61
79.5111	8456
80.5126	7977.62
81.5153	7321.36
82.5179	6673.05
83.5195	5683.92
84.5221	4862.27
85.5248	3778.04
86.5321	3158.69
87.5569	1914.06
88.5782	998.237
89.5832	980.696
90.6022	880.157
91.6165	508.086
92.6599	515.436
93.6707	676.435
94.6757	668.656
95.6779	3185.63
96.6795	2360.84
97.6845	2139.7
98.6895	2942.09
99.6898	5544
100.69	8030.4
101.692	8604.2
102.693	8458.74
103.695	8447.55
104.695	8400
105.697	8514.68
106.698	8167.83
107.698	7537.6
108.7	6567.83
109.701	5639.16
110.703	4744.06
111.709	3740.75
112.721	2581.21
113.728	1445.88
114.73	973.426
115.762	684.384
116.792	521.941
117.809	485.039
118.817	588.888
119.839	438.785
120.846	500.496
121.87	722.58
122.873	4421.93
123.876	3051.5
124.881	3209.55
125.883	3252.69
126.884	4435.2
127.884	7000
128.887	8338.52
129.888	8436.36
130.889	8355.2
131.89	8413.99
132.892	8425.17
133.893	8413.99
134.894	7728
135.894	6955.2
136.898	5426.92
137.904	4063.62
138.905	2786.01
139.926	1482.35
140.936	1009.11
141.963	883.349
143.005	591.738
144.012	734.061
145.015	3785.44
146.021	1926.04
147.022	1926.4
148.027	2462.89
149.028	4878.32
150.031	7444.31
151.032	8302.1
152.033	8523.2
153.033	8232
154.033	8366.4
155.035	8447.55
156.036	8369.23
157.038	7854.54
158.039	7563.64
159.04	6148.8
160.045	4981.49
161.045	3864
162.052	2813.9
163.075	1534.25
164.103	610.116
165.138	627.632
166.166	599.805
167.209	590.604
168.239	630.679
169.269	631.292
170.271	1219.58
171.273	4867.13
172.278	3209.55
173.279	2853.15
174.281	3826.57
175.281	6641.6
176.284	8271.46
177.285	8458.74
178.288	8416.77
179.289	8559.44
180.292	8595.61
181.292	8344
182.293	7795.2
183.294	7116.08
184.296	6041.96
185.299	4683.43
186.301	3409.18
187.302	2262.4
188.304	5890.62
189.308	4366.1
190.309	3871.33
191.309	3908.8
192.314	4223.68
193.315	5958.4
194.315	7604.8
195.315	8344
196.316	8478.4
197.317	8503.5
198.318	8512
199.319	8615.38
