1.15928	4830.57
2.17708	4592.33
3.23557	4858.98
4.23708	5113.29
5.23744	4838.4
6.23779	4793.6
7.23814	4804.8
8.23849	4771.2
9.23884	4592
10.2404	5068.53
11.3175	4565.27
12.3865	4907.87
13.388	5146.85
14.3895	4565.03
15.391	5225.17
16.5065	4500.09
17.5069	5062.4
18.5084	5057.34
19.5087	4928
20.5104	4598.6
21.6003	4741.23
22.6518	4667.55
23.6847	3212.4
24.699	1988.17
25.8227	428.851
26.9254	294.736
27.992	682.926
29.011	440.078
30.0497	420.809
31.1001	544
32.1109	598.811
33.1869	573.023
34.1907	792.821
35.1958	891.542
36.2054	888.007
37.2116	1157.85
38.2363	2318.75
39.2425	1447.32
40.2487	1770.18
41.2502	2069.93
42.2506	2643.2
43.2916	2851.1
44.3408	3651.48
45.3412	3640
46.3427	3759.44
47.343	4043.2
48.3434	4827.2
49.3705	4078.68
50.3709	3729.6
51.3724	4162.24
52.3762	3751.94
53.3785	1922.55
54.4246	342.638
55.4703	2572.25
56.5393	2086.89
57.5536	1844.57
58.5586	1916.81
59.5601	1532.87
60.7001	1710.97
61.7679	1564.01
62.7717	1708.47
63.7895	1310.52
64.8562	1964.73
65.9868	1655.22
67.1058	1803.22
68.2143	1819.49
69.2926	1922.08
70.4163	2124.31
71.4213	2507.46
72.4647	2534.23
73.465	2833.6
74.4968	2618.04
75.6705	2501.62
76.6708	2038.4
77.6723	1958.04
78.6762	1931.8
79.6905	1667.85
80.692	2092.31
81.6947	1643.11
82.6985	1485.14
83.7675	1247.94
84.8039	1264.86
85.8066	2716.17
86.8127	1803.58
87.8829	1789.91
88.8856	2336.13
89.8859	2654.4
90.8874	2841.96
91.9099	3638.36
92.9126	3409.18
93.9141	4072.73
94.9144	3875.2
95.9148	4323.2
96.9535	4078.61
97.955	3737.06
98.9566	4005.59
99.9569	3326.4
101.022	3491.46
102.033	3459.8
103.037	3081.95
104.037	3595.2
105.039	3088.11
106.042	2604.39
107.157	2621.7
108.178	2413.32
109.18	2539.86
110.184	1875.97
111.264	1700.74
112.266	1689.51
113.271	1259.3
114.286	2504.83
115.324	1738.86
116.329	1916.81
117.439	1848.15
118.44	2226.57
119.464	2331.96
120.466	3107.39
121.467	3102.4
122.467	3404.8
123.468	3516.8
124.468	4155.2
125.586	2596.96
126.64	2914.34
127.642	3062.67
128.643	2284.8
129.644	2025.17
130.647	1699
131.649	1944.91
132.653	1485.14
133.656	1430.74
134.69	1873.89
135.723	1584.5
136.815	1538.46
137.848	1627.91
138.85	1767.83
139.89	2069.68
140.893	2869.79
141.894	2956.8
142.896	3140.92
143.898	3345.45
144.941	3275.17
145.964	3616.44
147.032	3075.54
148.033	2953.85
149.09	2553.64
150.14	2658.53
151.22	2354.07
152.225	2543.43
153.227	2025.17
154.228	2036.36
155.255	1744.89
156.26	3223.9
157.358	2050.27
158.36	2584.61
159.365	2251.14
160.434	2548.31
161.55	2661.88
162.552	2928.54
163.599	2923.14
164.599	2945.6
165.635	2975.84
166.693	4244.99
167.767	3423.67
168.808	3528.91
169.862	3541.88
170.888	3278.05
171.89	3543.31
172.924	3043.71
173.926	2953.85
174.955	2470.75
175.958	2514.97
176.961	3643.91
177.962	2685.31
178.967	2518.61
179.969	2595.8
181.012	2738.25
182.033	2479.14
183.035	2741.26
184.095	2866.1
185.178	2908.69
186.223	3000.96
187.225	3893.71
188.229	3461.61
189.229	2665.6
190.276	2655.45
191.276	2710.4
192.278	2506.29
193.282	2043.47
194.282	2184
195.283	1846.15
196.285	1913.29
197.288	1609.58
198.293	3078.88
199.295	2146.11
200.325	2307.48
201.327	2481.44
202.332	2563.18
203.336	2702.29
204.425	2964.71
205.434	3300
206.435	3233.57
207.438	3576.85
208.439	4274.12
209.442	3017.96
210.442	3203.2
211.443	2273.6
212.451	2111.11
213.591	2123.97
214.657	2029.67
215.657	1904
216.658	1790.21
217.716	1864.9
218.737	2084.23
219.808	2886.27
220.811	2224.35
221.815	2545.96
222.894	2314.74
223.895	2688
224.897	2783.23
225.898	3113.6
226.898	4793.6
227.898	5196.8
228.899	5208
229.899	7179.2
230.901	4341.26
231.903	4560.48
232.904	3584
233.912	3688.89
234.914	2830.77
235.92	2872.36
236.927	2124.33
237.957	2024.49
238.966	1953.62
239.991	3489.06
240.994	2950.9
241.994	2777.6
243.037	2802.68
244.039	3323.08
245.042	3722.16
246.043	4307.69
247.044	4592
248.045	4430.77
249.047	4822.38
250.047	4995.2
251.047	5152
252.05	4627.54
253.051	3793.01
254.075	3919.45
255.127	3772.41
256.129	3152.09
257.13	3270.4
258.146	2590.55
259.147	2844.8
260.147	2273.6
261.149	2204.2
262.162	1680.55
263.198	1664.86
264.198	907.2
265.352	77.642
266.39	529.218
267.469	280.259
268.545	83.348
269.545	11.2
270.68	276.543
271.782	335.39
272.868	701.935
273.872	1563.31
274.872	2699.2
275.872	3987.2
276.873	4032
277.876	4734.6
278.878	5907.69
279.888	5450.15
280.888	5689.6
281.889	4419.58
282.89	3729.6
283.937	3790.44
284.979	3751.25
286.005	3037.66
287.005	3337.6
288.01	2730.35
289.033	2673.97
290.035	2392.01
291.044	3722.22
292.09	2743.73
293.09	2934.4
294.132	3009.6
295.141	3100
296.145	3271.78
297.155	3348.91
298.156	3214.4
299.165	3241.23
300.166	3449.6
