1.12805	2600.58
2.14701	4433.79
3.20552	5674.1
4.20588	5028.8
5.20623	4816
6.20658	4793.6
7.20693	4793.6
8.20728	4726.4
9.20764	4480
10.208	5208
11.2863	4415.58
12.3564	4804.48
13.3568	5364.8
14.3571	4468.8
15.3575	5163.2
16.4753	4512.08
17.4757	5062.4
18.476	5028.8
19.4764	4838.4
20.7176	3709.27
21.8157	5742.81
22.9451	4107
23.9455	3057.6
24.9993	1446.53
26.2114	203.3
27.2606	693.994
28.2737	597.038
29.3113	356.412
30.3431	423.666
31.3434	593.6
32.3519	577.777
33.4011	565.872
34.4213	746.666
35.4891	839.737
36.5813	882.051
37.5828	2047.55
38.5855	1654.29
39.6289	1460.4
40.6607	1846.75
41.6971	2259.46
42.7253	2603.89
43.7641	2978.03
44.7761	3611.47
45.7764	3595.2
46.8163	3686.62
47.8388	4328.77
48.8403	4811.19
49.8464	3339.96
50.848	4609.79
51.8483	3819.2
53.4861	2463.04
54.5621	333.395
55.7078	2347.6
56.7826	2054.38
57.783	1993.6
58.7833	1680
59.7848	1734.27
60.9317	1544.15
61.9647	1606.2
62.965	1568
64.0154	1429.33
65.0506	1991.11
66.1906	1642.14
67.2979	1821.14
68.396	1836.06
69.4778	1916.74
70.6305	2070.83
71.6553	2460.94
72.6615	2560.64
73.6618	2609.6
74.7064	3068.2
75.9219	1862.06
77.0525	2230.09
78.1169	1905.26
79.144	2006.62
80.1443	1915.2
81.1447	1825.6
82.1601	1600
83.207	1466.92
84.262	1157.16
85.2624	1926.4
86.3139	2173.93
87.3154	1857.34
88.4054	1964.37
89.408	2425.55
90.4096	2539.86
91.4122	3308.58
92.4126	3393.6
93.4141	3737.06
94.4145	3852.8
95.4148	3752
96.4152	4636.8
97.4364	3609.01
98.4368	4200
99.4372	3617.6
100.439	3714.69
101.48	3184.63
102.548	3327.46
103.548	3505.6
104.646	2866.3
105.677	2946.8
106.679	2917.36
107.68	2464
108.682	2503.79
109.688	1725.65
110.692	2210.97
111.695	1699
112.784	1266.18
113.863	2387.4
114.882	1749.31
115.894	1772.5
116.896	2036.36
117.988	1835.9
118.992	2199.8
119.993	2841.96
120.994	2945.6
122.104	2885.76
123.105	3348.8
124.105	3740.8
125.107	3490.91
126.108	2965.03
127.11	2875.52
128.11	2766.4
129.11	2161.6
130.167	1421.21
131.317	2201.04
132.339	1676.71
133.341	1499.3
134.341	1332.8
135.457	2059.19
136.583	1493.33
137.609	1639.02
138.618	1687.21
139.641	1917.81
140.771	2309.38
141.821	2722.59
142.821	3292.8
143.828	3269.91
144.955	3855.9
145.957	3311.89
147	2953.02
148.003	3107.39
149.06	2500.66
150.11	2647.85
151.198	1935.29
152.2	3032.17
153.201	2159.44
154.203	1991.61
155.225	1347.94
156.226	3617.6
157.328	2002.18
158.33	2573.43
159.335	2251.14
160.403	2529.71
161.519	2599.28
162.522	2772.05
163.578	2259.09
164.579	3628.8
165.605	2851.9
166.662	4185.43
167.736	3423.67
168.777	3528.91
169.831	3509.97
170.858	3467.96
171.86	3398
172.911	2581.33
173.913	3487.43
174.925	1994.06
175.928	3017.96
176.931	3599.2
177.932	2685.31
178.937	2518.61
179.938	2564.8
180.982	2671.26
182.002	2591.37
183.005	2649.1
184.065	2813.22
185.148	2898.34
186.193	3000.96
187.194	3864
188.199	3399
189.199	2766.4
190.282	2297.97
191.386	2873.62
192.42	2447.97
193.467	2334.23
194.609	1775.13
195.68	2081.04
196.707	1886.66
197.708	2094.4
198.709	2875.52
199.711	2159.44
200.716	2362.59
201.716	2475.2
202.717	2632
203.72	2601.79
204.722	3200
205.723	3166.43
206.724	3393.6
207.726	3420.36
208.826	3648.41
209.826	3203.2
210.886	2337.3
211.888	2872.65
212.889	2262.4
213.891	2302.59
214.892	1825.6
215.894	1889.02
216.895	1747.2
217.922	1864.85
218.922	2699.2
220.027	2280.54
221.03	2246.71
222.03	2632
223.093	2254.75
224.094	2632
225.094	2632
226.113	3168.56
227.113	4939.2
228.135	4804.7
229.135	5308.8
230.312	5395.41
231.314	5549.65
232.449	3769.51
233.453	4198.6
234.454	3244.75
235.457	2895.01
236.46	2414.37
237.474	2209.07
238.479	1872.24
239.486	1913.01
240.489	4135.73
241.492	2637.92
242.494	2872.65
243.497	3062.67
244.541	3221.48
245.541	3942.4
246.544	4258.68
247.544	4446.4
248.606	4271.19
249.668	4819.58
250.668	5644.8
251.671	4493.41
252.937	3435.26
253.938	4923.08
254.94	3714.69
255.94	3360
256.944	3327.62
257.95	2571.77
258.954	2936.79
260.131	1988.79
261.132	2595.8
262.135	1754.89
263.167	1586.03
264.41	1018.18
265.557	78.184
266.629	376.47
267.713	196.309
269.577	42.06
270.649	282.352
271.751	304.9
272.838	629.097
273.84	1374.85
274.842	2405.59
275.842	3561.6
276.868	4195.9
277.87	4453.15
278.87	5801.6
279.87	5432
281.035	4608.93
282.036	5303.5
283.038	3871.33
284.039	3815.38
285.04	3684.8
286.041	3188.81
287.043	3155.24
288.043	2856
289.043	2620.8
290.074	2250.87
291.077	3722.16
292.105	2636.57
293.106	2920.28
294.107	3080
295.109	3073.85
296.113	3215.95
297.124	3238.02
298.124	3427.2
299.135	3093.86
300.136	3337.6
