1.02583	1776.55
2.02735	2047.55
3.0277	2508.8
4.03154	2702.29
5.03189	2710.4
6.03806	3017.1
7.03957	4151.05
8.03993	5174.4
9.0426	5041.12
10.043	5017.6
11.0456	5756.49
12.0495	3908.27
13.0522	2839.12
14.0676	1445.52
15.0982	913.398
16.1079	610.505
17.1571	672.64
18.1795	591.78
19.2218	558.925
20.3082	608.471
21.3105	3733.33
22.3132	2380.84
23.3147	2394.41
24.315	2990.4
25.3154	5432
26.3157	7828.8
27.3172	8380.42
28.3176	8500.8
29.3179	8456
30.3183	8422.4
31.3186	8467.2
32.319	7963.2
33.3193	7425.6
34.3197	6406.4
35.3235	5170.09
36.3285	4167.96
37.3382	2708.42
38.3444	1647.71
39.3447	1052.8
40.3649	977.254
41.3664	738.461
42.4005	498.259
43.4392	496.339
44.4419	659.481
45.4439	1654.29
46.4441	3225.6
47.4479	2132.8
48.4483	2240
49.4487	3964.8
50.449	6652.8
51.4494	8377.6
52.4497	8489.6
53.4501	8467.2
54.4516	8413.99
55.4519	8400
56.4523	8332.8
57.4526	7705.6
58.4541	6802.8
59.4545	5566.4
60.4583	4220.94
61.4622	3517.45
62.4625	2060.8
63.4664	1049.65
64.483	529.133
65.5217	517.919
66.5558	617.408
67.5678	653.61
68.5695	1208.39
69.5696	4849.6
70.5735	3327.62
71.5738	2900.8
72.5742	4076.8
73.5745	6686.4
74.5749	8243.2
75.5752	8366.4
76.5756	8456
77.5771	8391.61
78.5775	8388.8
79.579	8436.36
80.5793	7918.4
81.5797	7324.8
82.5812	6668.53
83.5839	5622.35
84.5866	4828.74
85.5881	3714.69
86.5884	3124.8
87.612	1839.3
88.6205	977.777
89.6314	975.841
90.6445	862.388
91.6565	509.594
92.6568	515.2
93.6677	643.168
94.6727	657.512
95.6737	3166.43
96.6764	2358.48
97.6814	2139.7
98.6864	2897.51
99.6868	5420.8
100.687	7817.6
101.689	8604.2
102.689	8523.2
103.689	8388.8
104.69	8400
105.69	8512
106.69	8164.8
107.691	7582.4
108.692	6612.59
109.694	5683.92
110.696	4750.5
111.699	3766.87
112.701	2584.61
113.714	1448.37
114.727	995.064
115.759	673.52
116.789	489.32
117.806	474.015
118.813	567.229
119.835	416.846
120.843	500
121.867	689.736
122.869	4392.81
123.873	3048.45
124.878	3209.55
125.879	3233.57
126.88	4368
127.88	6854.4
128.88	8276.8
129.881	8344
130.881	8422.4
131.881	8388.8
132.882	8411.2
133.882	8422.4
134.882	7840
135.884	6959.44
136.884	5443.2
137.886	4117.48
138.887	2718.88
139.899	1573.09
140.901	1040.56
141.913	875.173
142.913	537.6
144.009	715.981
145.011	3766.87
146.018	1924.13
147.019	1926.4
148.022	2423.13
149.023	4760
150.023	7246.4
151.023	8288
152.077	8477.11
153.078	8276.8
154.078	8366.4
155.078	8456
156.079	8332.8
157.079	7918.4
158.107	7430.35
159.108	6182.4
160.109	4945.45
161.11	3808
162.11	2744
163.18	1434.02
164.186	567.793
165.224	604.821
166.349	597.864
167.378	555.102
168.419	602.497
169.439	614.901
170.44	1948.8
171.441	4844.75
172.443	2794.41
173.445	2942.66
174.445	4166.4
175.446	6921.6
176.447	8246.15
177.447	8411.2
178.449	8503.5
179.449	8456
180.45	8624
181.451	8279.72
182.451	7750.4
183.453	6948.25
184.453	5835.2
185.458	4558.01
186.465	3273.16
187.474	2153.42
188.479	7016.73
189.484	3510.45
190.485	3871.33
191.487	3927.27
192.487	4379.2
193.487	6171.2
194.488	7784
195.489	8290.91
196.49	8467.2
197.49	8512
198.49	8512
199.491	8579.2
