1.09664 2963.0899000000004
2.1191 2936.3883000000005
3.11945 2915.3032000000007
4.1198 2879.6604
5.12015 2849.4955999999997
6.1205 2820.8298
7.12086 2789.4501
8.12121 2762.9060999999997
9.12156 2730.6338
10.2278 2714.5332000000003
11.2281 2691.4174000000003
12.2285 2663.6186000000002
13.2288 2642.2266
14.2362 2615.4342
15.2365 2596.9604000000004
16.3567 2576.5764
17.357 2558.3097000000002
18.3574 2548.1177000000002
19.3577 2533.7817
20.6164 2518.3525
21.6865 2520.7778000000003
22.7567 2490.8187000000003
23.7815 2486.0853999999995
25.0389 2476.9836
26.5255 2500.67745
27.6503 2527.15611
29.0938 2535.59151
30.143 2561.2875099999997
31.2946 2578.23586
32.3705 2606.61744
33.4337 2626.8958999999995
34.455 2644.90304
35.4553 2661.5988300000004
36.4615 2678.1258300000004
37.463 2697.2361000000005
38.4634 2710.1033000000007
39.5451 2716.9448
40.5804 2743.6641
41.6517 2758.4979
42.6672 2777.2729999999997
43.6675 2784.5843999999997
44.669 2782.438
45.6694 2778.5379
46.6767 2773.2164000000007
47.7376 2766.5099000000005
48.7554 2755.5907
49.8592 2745.3202
50.8677 2734.9846000000002
51.8855 2728.8121
52.9231 2723.0137999999997
53.9246 2722.1254999999996
54.925 2695.2191
55.9265 2673.2441
57.1618 2662.7064
58.1645 2661.8201
59.1741 2649.3295000000003
60.1745 2656.9253
61.176 2649.0551
62.181 2653.5625000000005
63.1825 2662.0795000000003
64.1829 2671.7656
65.1844 2673.3804
66.1871 2661.7655
67.1874 2652.8461999999995
68.268 2643.8532999999998
69.3463 2632.7865999999995
70.349 2618.4063
71.3505 2599.1943
72.3625 2577.7497000000003
73.364 2562.3042000000005
74.3667 2538.9387
75.4613 2516.9186999999997
76.464 2484.8261
77.4666 2463.3223000000007
78.467 2445.0622000000003
79.5499 2436.4188
80.5503 2434.9295000000006
81.8077 2424.4608000000003
82.8104 2427.2825000000003
83.87 2430.2167
84.9123 2445.0267
86.0243 2454.4714
87.0246 2463.4153
88.025 2469.2174000000005
89.0661 2471.3532000000005
90.0757 2475.9958000000006
91.0772 2475.5036
92.109 2464.0623000000005
93.2082 2459.3363
94.2144 2443.3846
95.2834 2432.8136
96.2837 2419.1842
97.4248 2400.4054000000006
98.4554 2385.5986000000003
99.5174 2379.8778
100.518 2371.7168000000006
101.624 2364.8814
102.764 2368.6133000000004
103.782 2368.8898000000004
104.797 2382.4712000000004
105.801 2390.787300000001
106.801 2404.5186000000003
107.883 2406.7602000000006
108.993 2421.3895000000007
110.009 2430.1258000000007
111.332 2438.3499
112.332 2448.0016
113.334 2449.2336
114.348 2455.6112
115.39 2441.4743999999996
116.392 2435.9076999999993
117.392 2435.4824999999996
118.475 2428.1701
119.534 2423.8265
120.534 2413.8482000000004
121.543 2404.3282
122.543 2402.0507999999995
123.543 2381.4843999999994
124.816 2346.9388199999994
125.937 2315.26879
126.939 2282.1052799999998
127.939 2256.9267999999997
128.939 2231.60854
129.999 2208.86828
131.001 2185.76687
132.05 2166.30282
133.051 2153.88713
134.054 2133.0622900000003
135.092 2120.4027000000006
136.093 2095.3605000000002
137.093 2084.3195000000005
138.098 2071.52121
139.11 2059.28341
140.176 2043.31619
141.177 2027.37939
142.243 2007.85729
143.243 2001.57579
144.244 1977.3837899999999
145.345 1964.8004899999999
146.346 1945.45149
147.381 1939.29149
148.459 1929.5658899999999
149.462 1919.36809
150.513 1908.65849
151.53 1900.23369
152.53 1892.1596900000002
153.546 1882.7364900000002
154.558 1876.00239
155.558 1872.8690900000001
156.56 1861.7956900000001
157.676 1852.0789900000002
158.678 1841.7352900000003
159.68 1833.1414900000002
160.733 1822.4882200000004
161.735 1811.3413200000002
162.735 1790.9733300000003
163.737 1767.2966500000002
164.737 1743.9725300000002
165.737 1720.2285299999999
166.812 1704.1974300000002
167.89 1680.83093
168.948 1667.36193
170.004 1656.7264300000002
171.007 1650.87203
172.008 1649.84723
173.067 1652.29363
174.068 1638.6590400000002
175.075 1635.3023400000004
176.082 1636.4131400000003
177.082 1640.5226400000006
178.085 1633.34264
179.088 1631.59294
180.093 1630.2439399999998
181.152 1627.6156400000002
182.153 1618.1226100000001
183.154 1612.6125100000004
184.227 1603.7547700000002
185.301 1591.5937900000001
186.348 1585.8354900000002
187.361 1575.05649
188.634 1558.20179
189.634 1551.00079
190.636 1535.4684900000002
191.78 1531.7761900000003
192.848 1528.0221900000001
193.848 1535.1884900000005
194.859 1540.4686900000002
