22.4764 2971.9616900000005
23.6931 2979.8557900000005
24.9505 2985.27601
26.0916 2963.0563099999995
27.0919 2939.74421
28.0946 2875.79441
29.095 2823.6397100000004
30.0953 2784.6519100000005
31.0957 2745.2279100000005
32.0972 2702.4183100000005
33.0975 2660.8252100000004
34.099 2622.2657100000006
35.1006 2574.4841100000003
36.1021 2552.63811
37.1048 2527.07181
38.1063 2493.03391
39.1066 2483.9183100000005
40.107 2455.22291
41.112 2429.62691
42.1123 2401.1618099999996
43.1138 2386.9475099999995
44.1479 2373.56271
45.1506 2362.7769000000003
46.1742 2361.3587
47.1781 2365.2808
48.1807 2373.0470000000005
49.1846 2386.1034700000005
50.1873 2394.9249700000005
51.1934 2404.36717
52.1938 2413.07767
53.1941 2423.4350700000005
54.1945 2432.55757
55.196 2433.21297
56.1975 2432.20597
57.199 2434.41457
58.2017 2432.28867
59.223 2429.32237
60.2234 2430.76937
61.2237 2413.74537
62.2241 2402.9522699999998
63.2244 2385.1275699999997
64.2399 2370.3406699999996
65.2414 2358.2103700000002
66.2429 2338.48732
67.2468 2325.41492
68.2471 2316.4410199999998
69.2498 2308.37702
70.2501 2302.70372
71.2528 2299.7917199999997
72.2555 2293.6216200000003
73.2593 2307.99742
74.2632 2308.43802
75.2635 2326.3044200000004
76.265 2335.33722
77.2689 2338.2463199999997
78.2716 2341.81952
79.4906 2342.29422
80.491 2337.31512
81.4948 2328.61842
82.4951 2319.8455199999994
83.4955 2304.36632
84.4958 2297.0286200000005
85.4997 2265.38302
86.5024 2254.4806200000007
87.5039 2229.2413200000005
88.5042 2212.5903200000002
89.5058 2198.45742
90.5108 2190.35422
91.5111 2188.22202
92.515 2187.1094200000002
93.5246 2199.9509200000007
94.525 2215.98192
95.5265 2235.51442
96.5338 2248.7172199999995
97.5365 2274.989139999999
98.5368 2290.779139999999
99.5407 2304.3879399999996
100.545 2316.47424
101.55 2325.3214399999997
102.757 2332.7497399999997
103.757 2340.4342399999996
104.76 2335.1149399999995
105.764 2328.1102399999995
106.764 2327.9336399999997
107.876 2315.9390399999997
108.878 2315.4394399999996
109.878 2303.6716399999996
110.878 2298.27484
111.881 2288.4911400000005
112.935 2289.2735400000006
113.94 2287.759040000001
114.943 2298.0459400000004
115.944 2300.53394
116.946 2307.85414
117.946 2311.1826399999995
118.95 2312.1132399999997
119.976 2319.0364400000003
120.976 2327.8060400000004
121.976 2339.17234
122.981 2348.54264
124.034 2357.9991400000004
125.036 2369.73284
126.041 2376.8725400000003
127.041 2377.5497400000004
128.046 2383.12314
129.046 2372.36894
130.183 2375.0932399999997
131.183 2381.2398399999993
132.188 2375.61114
133.189 2378.26434
134.19 2381.9731399999996
135.197 2377.24914
136.2 2404.60214
137.204 2416.64184
138.204 2430.0416399999995
139.208 2430.2384399999996
140.21 2437.56384
141.213 2446.9952399999997
142.448 2458.3359399999995
143.464 2474.96344
144.47 2480.10574
145.475 2487.02194
146.476 2494.1976500000005
147.477 2493.8807500000003
148.478 2489.29335
149.482 2476.77723
150.485 2472.56833
151.486 2467.0434299999997
152.491 2461.96053
153.493 2456.43063
154.496 2445.9044299999996
155.577 2445.52933
156.578 2443.03053
157.581 2448.8193300000003
158.582 2448.48403
159.583 2454.5584299999996
160.585 2460.9576300000003
161.586 2472.0592300000003
162.588 2479.1635300000003
163.59 2508.66063
164.596 2534.9543299999996
165.598 2557.8751299999994
166.603 2585.4674299999997
167.603 2602.47658
168.608 2627.01348
169.608 2644.4738800000005
170.625 2659.22188
171.625 2669.47808
172.714 2672.46218
173.714 2676.2778799999996
174.826 2657.5272799999993
175.83 2649.2414799999997
176.868 2626.71348
177.869 2616.15458
178.873 2597.2369799999997
179.875 2585.28888
180.875 2571.04478
181.879 2567.19248
182.88 2560.8453799999997
183.882 2551.18228
184.895 2554.11748
185.899 2555.62728
186.9 2553.05498
187.901 2567.01528
188.901 2575.5999800000004
189.903 2581.0105800000006
190.907 2584.3671800000006
191.908 2584.7657800000006
193.0 2583.377380000001
194.004 2585.5643800000003
195.006 2573.41358
196.008 2559.3354799999997
197.153 2546.1869800000004
198.157 2538.92938
199.158 2522.18008
