1.1676	4850.56
2.16795	8030.4
3.1683	6977.6
4.16865	7145.6
5.17017	7507.69
6.17052	7638.4
7.17204	7731.47
8.17239	7974.4
9.17274	8220.8
10.1731	7638.4
11.1734	8657.6
12.1738	8052.8
13.1753	7272.73
14.1757	7616
15.176	7392
16.2252	5840.23
17.2267	7865.73
18.2283	6579.02
19.2286	6137.6
20.229	5969.6
21.2293	5443.2
22.2308	5269.93
23.2323	6444.75
24.2327	5118.4
25.2342	4867.13
26.238	4511.27
27.2384	4435.2
28.2388	3987.2
29.2391	3908.8
30.2406	3502.1
31.2433	3375.65
32.2436	2934.4
33.2448	3390.21
34.2462	3927.27
35.2512	3387.86
36.2515	3494.4
37.2554	3617.95
38.2557	3707.2
39.2584	3945.71
40.2588	4625.6
41.2591	5308.8
42.3118	5450.95
43.3122	7033.6
44.4707	6325.39
45.4722	7060.14
46.4737	5818.18
47.4764	5421.16
48.4768	5308.8
49.4771	4804.8
50.4775	4692.8
51.4778	4244.8
52.4782	3998.4
53.4844	3117.3
54.4872	5845.91
55.4899	4415.17
56.4926	4806.39
57.4929	5040
58.4933	5196.8
59.4948	5370.63
60.4975	5566.47
61.4978	6036.8
62.4982	6697.6
63.4985	6708.8
64.4989	6988.8
65.4992	7257.6
66.4996	6070.4
67.4999	5633.6
68.5026	5454.69
69.503	5118.4
70.5033	4636.8
71.5037	4446.4
72.5052	4050.35
73.6882	3107.95
74.692	3562.11
75.6924	5353.6
76.6928	4043.2
77.6954	4202.79
78.6958	4401.6
79.6961	4592
80.6965	5073.6
81.6968	5857.6
82.7751	5381.82
83.7766	7709.09
84.777	7078.4
85.7773	8220.8
86.7789	6858.74
87.7792	6899.2
88.7807	6780.42
89.7811	6372.8
90.7826	6276.92
91.7829	5790.4
92.7833	5689.6
93.7883	4424.28
94.7887	5835.2
95.7902	4844.75
96.7905	4222.4
97.7955	4212.54
98.7959	3617.6
99.7962	5510.4
100.798	4262.94
101.802	4377.27
102.802	4513.6
103.802	4648
104.803	4883.2
105.803	5387.2
106.803	5667.2
107.804	5588.8
108.804	5924.8
109.804	6339.2
110.805	7560
111.805	6283.2
112.805	6014.4
113.806	5980.8
114.806	5465.6
115.807	5286.4
116.81	4232.1
117.812	5337.06
118.995	3742.81
119.996	4665.73
121	6108.08
122.004	4477.77
123.007	4560.48
124.007	4726.4
125.009	4755.24
126.01	5001.4
127.012	5325.87
128.014	5790.02
129.015	5208
130.016	5169.23
131.017	6350.4
132.018	5135.66
133.02	4833.57
134.033	4743.14
135.034	4475.52
136.039	4123.38
137.042	3990.42
138.042	3684.8
139.045	3599.2
140.215	2986.67
141.216	5028.8
142.216	4748.8
143.216	4289.6
144.218	4453.15
145.221	4605.19
146.221	4771.2
147.224	5253.49
148.224	5824
149.352	5530.5
150.353	7705.6
151.354	7015.38
152.366	6746.59
153.367	7403.2
154.367	6059.2
155.368	5538.46
156.369	5420.8
157.369	4928
158.372	4649.9
159.387	3784.83
160.475	3884.45
161.475	3841.6
162.476	5297.6
163.479	4053.44
164.483	4310.27
165.486	4415.17
166.486	4648
167.489	4940.52
168.49	5650.35
169.511	5457.25
170.511	7056
171.511	6641.6
172.512	7526.4
173.512	7268.8
174.512	6619.2
175.521	5233.33
176.521	7112
177.523	5896.5
178.523	5264
179.523	5107.2
180.524	4782.4
181.524	4200
182.528	3930.61
183.53	3524.48
184.53	3516.8
185.533	2895.01
186.537	4328.29
187.54	3330.94
188.541	3535.66
189.545	3640.28
190.548	3688.62
191.548	3830.4
192.548	4345.6
193.549	5017.6
194.549	5980.8
195.55	6059.2
196.55	7044.8
197.553	6438.32
198.553	5577.6
199.554	5135.66
