1.13788	2802.48
2.13895	5806.99
3.13983	5835.2
4.14155	5594.4
5.14262	5751.05
6.14292	6328
7.14366	6451.2
8.14477	6053.15
9.14618	6030.77
10.1465	5577.6
11.1474	5174.4
12.1488	2707.69
13.149	4155.2
14.1533	5388.05
15.1547	5448.95
16.1575	6058.28
17.159	5907.69
18.159	6462.4
19.1606	6623.78
20.161	6619.2
21.1612	6675.2
22.1621	3808
23.163	4312
24.1649	5471.33
25.1664	5493.71
26.168	4609.79
27.1697	4509.09
28.1721	4795.21
29.1737	4632.17
30.174	4614.4
31.1758	4408.39
32.1768	3524.48
33.1776	4524.8
34.1778	5409.6
35.178	7022.4
36.1789	8444.8
37.1801	8984.62
38.1801	9027.2
39.1806	9464
40.1808	9497.6
41.1817	9307.2
42.1824	9049.6
43.1829	9441.6
44.1836	9240
45.1839	9217.6
46.1843	9240
47.1855	9241.96
48.1866	9241.96
49.1876	9251.2
50.1886	9085.31
51.1901	6713.29
52.1905	7112
53.1908	7201.6
54.1915	7168
55.1936	5667.06
56.1969	2780.46
57.1978	1579.2
58.2022	1427.89
59.2078	1593.63
60.2198	1573.09
61.2259	1447.32
62.2298	1931.8
63.2312	2853.15
64.2329	3804.2
65.2335	5588.8
66.2342	6888
67.2347	8120
68.2353	8948.8
69.2363	8993.6
70.2368	9240
71.237	9016
72.2376	8948.8
73.2379	8982.4
74.2386	8624
75.24	4699.3
76.2419	4721.68
77.2436	3345.45
78.2448	1756.64
79.25	1560.2
80.2546	1427.89
81.2578	1563.31
82.2589	1454.55
83.2664	1479.24
84.2752	1500
85.2756	1500.8
86.2793	2244.47
87.2798	2990.4
88.2811	3401.4
89.3499	2432.96
90.3512	5001.4
91.3522	6417.6
92.3526	8019.2
93.3528	8915.2
94.353	9060.8
95.3531	9038.4
96.3533	8960
97.3537	9150.4
98.3542	9430.4
99.3549	9452.8
100.357	861.538
101.358	3121.68
102.358	3931.2
103.358	4312
104.361	3979.24
105.366	1974.5
106.37	1550.6
107.376	1402.78
108.383	1490.37
109.387	1518.64
110.392	1472.51
111.398	1347.12
112.403	1671.64
113.404	2640.56
114.405	4144
115.405	6104
116.406	7246.4
117.407	8537.06
118.408	9027.2
119.408	9016
120.408	9004.8
121.409	8993.6
122.439	2457.48
123.44	7784
124.441	7697.9
125.442	7537.6
126.444	5695.1
127.452	2922.22
128.458	1705.07
129.459	1443.36
130.461	1555.24
131.463	1430.74
132.479	1478.62
133.484	1561.75
134.485	2707.69
135.487	4285.31
136.488	6344.06
137.489	7720.28
138.49	8814.4
139.491	8995.8
140.893	4189.01
141.894	7787.41
142.895	7697.9
143.895	7403.2
144.896	5236.36
145.898	2595.8
146.904	1727.36
147.907	1440.48
148.911	1395.81
149.917	1347.12
150.929	1473.39
151.932	1552.14
152.935	2481.44
153.935	3796.8
154.936	5219.2
155.936	7112
156.937	8702.4
157.937	9217.6
158.938	9464
159.938	9497.6
160.939	9544.05
161.94	9542.4
163.262	4032.68
164.262	8310.4
165.283	3619.98
166.289	1794.23
167.297	1679.44
168.297	1657.6
169.298	1657.6
170.298	1579.2
171.304	1482.19
172.307	1552.14
173.313	1369.38
174.318	1628.69
175.318	2800
176.318	3505.6
177.319	4558.4
178.32	6041.96
179.321	7134.4
180.322	7944.06
181.322	8724.8
182.323	9262.4
183.324	9465.73
184.325	9374.4
185.325	9329.6
186.325	9531.2
187.326	9486.4
188.326	9172.8
189.326	9531.2
190.327	9486.4
191.327	9452.8
193.067	5245.98
194.068	8422.4
195.069	6791.61
196.071	3770.63
197.075	1662.15
198.081	1458.45
199.089	1566.67
200.089	1534.4
