1.14797	2498.84
2.14832	5678.4
3.14867	5824
4.14902	5588.8
5.14937	5723.2
6.15205	6337.72
7.1524	6451.2
8.15508	6058.28
9.15543	6025.6
10.1558	5566.4
11.1573	5090.91
12.16	2805.59
13.1627	4091.02
14.1653	5354.09
15.1657	5465.6
16.1684	5935.33
17.1687	5880
18.1691	6440
19.1694	6608
20.1698	6630.4
21.1701	6664
22.1705	3931.2
23.1708	4244.8
24.1712	5465.6
25.1727	5460.14
26.1742	4654.54
27.1746	4468.8
28.1749	4793.6
29.1753	4625.6
30.1756	4614.4
31.176	4401.6
32.1798	3506.28
33.1813	4419.58
34.1817	5320
35.182	6932.8
36.1998	8061.36
37.2002	9195.2
38.2168	8940.16
39.2172	9374.4
40.2175	9497.6
41.2318	8725.84
42.2322	9475.2
43.2325	9206.4
44.2562	8791.4
45.2716	9026.21
46.2848	9032.97
47.2968	9106.23
48.3122	9070.34
49.3277	9081.38
50.3513	9218.38
51.352	6540.8
52.3523	7156.8
53.3527	7190.4
54.3542	7071.33
55.3557	5225.17
56.3561	2486.4
57.3599	1563.31
58.3626	1419.56
59.3641	1600
60.3668	1564.87
61.3695	1453.09
62.3733	2021.14
63.3748	2886.71
64.3763	3983.22
65.4116	5746.09
66.4119	6932.8
67.4123	8243.2
68.4126	8915.2
69.413	8904
70.4134	9049.6
71.416	8964.47
72.4164	8814.4
73.4167	8982.4
74.4182	8055.94
75.4202	4755.24
76.4229	4605.19
77.4267	2936.79
78.4271	1691.2
79.4402	1503.65
80.4406	1456
81.4502	1520.71
82.4517	1476.92
83.4591	1445.88
84.4617	1508.98
85.4644	1587.22
86.4729	2366.67
87.4744	2920.28
89.3681	2774.85
90.3696	4811.19
91.37	6395.2
92.3715	7932.87
93.3719	8848
94.3722	9004.8
95.3737	8660.14
96.3741	9161.6
97.3744	8926.4
98.3748	9352
100.225	5427.37
101.228	2839.12
102.228	3908.8
103.23	4151.05
104.238	4144.44
105.241	2179.64
106.241	1601.6
107.246	1393.03
108.254	1490.37
109.257	1496.31
110.259	1499.3
111.262	1330.14
112.314	1511.79
113.316	2528.67
114.351	3938.94
115.351	5902.4
116.353	7082.52
117.353	8388.8
118.359	8717.3
119.36	9251.2
120.36	8859.2
121.36	8870.4
122.444	2688.83
123.444	7649.6
124.446	7709.09
125.446	7548.8
126.451	5694.73
127.491	2921.27
128.492	1689.51
129.5	1457
130.504	1540.98
131.505	1443.36
132.515	1465.21
133.515	1545.6
134.517	2685.31
135.519	4247.5
136.546	6085.3
137.547	7985.6
138.547	8747.2
139.547	8982.4
140.899	3854.92
141.899	7672
142.9	7705.6
143.9	7414.4
144.902	5258.74
145.904	2637.92
146.906	1723.08
147.911	1437.61
148.913	1386.03
149.918	1326.17
150.926	1479.24
151.926	1512
152.928	2416.78
153.93	3688.62
154.933	5108.18
155.951	6794.89
156.951	8836.8
157.952	9072
158.952	9296
159.959	8986.69
160.96	9777.6
161.96	9620.8
163.266	3807.66
164.267	8201.4
165.28	3670.68
166.284	1797.81
167.288	1674.97
168.291	1665.47
169.293	1654.29
170.296	1576.05
171.298	1488.11
172.307	1542.91
173.325	1354.57
174.327	1611.19
175.329	2749.7
176.332	3409.18
177.333	4397.2
178.338	5694.73
179.341	6997.21
180.341	8120
181.342	8624
182.342	9049.6
183.343	9340.8
184.343	9150.4
185.344	8827.97
186.345	9643.2
187.345	9542.4
188.345	8960
189.346	9408
190.346	9497.6
191.385	9290.17
193.072	5078.84
194.073	8332.8
195.073	6809.6
196.076	3789.22
197.077	1667.13
198.097	1438.43
199.098	1568
200.098	1523.2
