1.06157	8167.83
2.06306	7116.08
3.0669	6979.06
4.06842	7261.54
5.06877	7459.2
6.06912	7571.2
7.07064	7753.85
8.07215	8044.75
9.07367	8380.42
10.0752	7910.49
11.0779	8886.23
12.0782	8198.4
13.0809	7388.42
14.0824	7765.03
15.0839	7462.94
16.0843	7056
17.087	6594.81
18.0885	6713.29
19.09	5930.07
20.0927	6125.35
21.093	5275.2
22.0957	5376.45
23.0984	6348.9
24.0987	5264
25.1014	4918.16
26.1041	4392.81
27.1044	4580.8
28.1048	3908.8
29.1075	3979.24
30.109	3502.1
31.1093	3472
32.1108	2965.03
33.117	2972.56
34.1204	4276.77
35.1207	3382.4
36.1222	3468.53
37.1226	3606.4
38.1229	3707.2
39.1233	3976
40.1248	4676.92
41.1263	5460.14
42.1627	6248.65
43.1642	6254.54
44.1669	7757.29
45.1708	5672.58
46.1723	6019.58
47.1761	5304.09
48.1776	5493.71
49.1792	4911.89
50.1818	4716.97
51.1845	4448.7
52.1895	3949
53.1934	3986.44
54.1939	4390.4
55.1966	4895.81
56.1981	4777.62
57.2019	4957.93
58.2046	5164.07
59.2073	5354.09
60.2111	5594.42
61.2126	5986.01
62.213	6742.4
63.2134	6854.4
64.2149	6869.93
65.2164	7641.96
66.2167	6249.6
67.2171	5488
68.2198	5622.35
69.2224	5264.67
70.2251	4683.43
71.229	4555.93
72.2328	4165.1
73.2355	3733.33
74.2405	3120.4
75.2432	4951.7
76.2436	3908.8
77.2474	4198.6
78.2489	4307.69
79.2493	4536
80.2496	4939.2
81.25	5633.6
82.2503	6574.4
83.2507	6283.2
84.2534	7064.27
85.2537	7392
86.2552	8111.89
87.2567	6702.1
88.2594	7053.09
89.2621	6203.59
90.2648	6516.57
91.2675	6214.77
92.2678	5443.2
93.2682	5712
94.2685	4916.8
95.2724	5047.26
96.2739	4397.2
97.2742	4278.4
98.2792	3878.21
99.2796	3673.6
100.282	5845.91
101.283	4323.2
102.283	4412.8
103.284	4598.6
104.286	4777.62
105.286	5264
106.288	5840.56
107.289	5370.63
108.29	5880
109.29	6137.6
110.292	7675.52
111.293	6288.11
112.296	6203.59
113.3	5840.08
114.301	5986.01
115.303	5124.48
116.305	5231.14
117.309	4544.77
118.314	4669.45
119.319	3967.36
120.321	4408.39
121.322	5974.83
122.327	4535.72
123.329	4632.17
124.33	4710.49
125.333	4895.81
126.337	5147.76
127.337	5779.2
128.339	5325.87
129.339	5432
130.341	4867.13
131.341	6608
132.341	4961.6
133.345	4868.59
134.348	4359.28
135.349	4609.79
136.351	3860.14
137.353	3979.24
138.356	3476.25
139.359	3699.8
140.364	3387.86
141.366	5135.66
142.371	4279.4
143.374	4287.94
144.377	4448.7
145.38	4661.08
146.383	4906.99
147.385	5521.76
148.387	6209.79
149.388	6590.21
150.39	6746.85
151.391	7172.03
152.393	7574.83
153.393	6473.6
154.396	6136.53
155.396	5353.6
156.398	5504.9
157.4	4750.5
158.403	4806.39
159.405	4520.28
160.406	3569.23
161.409	3207.98
162.409	5308.8
163.412	4068.66
164.413	4274.12
165.416	4415.17
166.419	4672.25
167.419	5062.4
168.421	5795.8
169.428	6072.69
170.431	6438.32
171.432	6769.23
172.432	7313.6
173.437	7266.07
174.44	6796.01
175.442	6086.71
176.442	6227.2
177.446	5951.74
178.448	5063.47
179.45	5225.17
180.454	4846.26
181.455	4173.43
182.456	3942.4
183.456	3584
184.456	3561.6
185.459	2917.36
186.467	4200
187.473	3362.23
188.478	3521.59
189.48	3647.55
190.48	3696
191.482	3893.71
192.482	4379.2
193.482	5208
194.486	6119.24
195.489	6102.99
196.489	6865.6
197.491	6567.83
198.493	5711.78
199.495	4945.45
