1.09545 2154.29067
3.01979 2153.4440699999996
4.02242 2170.5696
5.02742 2164.7803
6.09175 2170.8444
7.09327 2179.0478
8.09711 2177.5932
9.09863 2183.9581
10.1036 2191.4546
11.1063 2198.4308000000005
12.2207 2207.6207000000004
13.2268 2213.9560000000006
14.2313 2219.4333000000006
15.2351 2222.2452000000003
16.2355 2224.8368
17.244 2225.506
18.2478 2225.8022
19.2516 2227.6538
20.2532 2230.1750999999995
21.2547 2234.7850000000003
22.2597 2239.5068
23.2623 2244.3883000000005
24.2663 2249.7763000000004
25.2679 2259.2907000000005
26.2705 2265.175
27.2709 2271.2559000000006
28.2736 2272.8239
29.2739 2277.1159
30.2766 2281.2374999999997
31.2816 2285.0153
32.2866 2289.4551
33.2881 2294.433
34.2885 2298.6947000000005
35.292 2302.7864
36.2935 2310.1199999999994
37.2973 2312.8674999999994
38.2977 2316.604599999999
39.3027 2314.7915999999996
40.3054 2316.4782999999998
41.3069 2317.957
42.3107 2318.4046000000003
43.3134 2318.429
44.3149 2318.0937000000004
45.3169 2318.4294
46.3196 2323.3277
47.3199 2325.7276000000006
48.3203 2327.295600000001
49.3218 2322.773600000001
50.3221 2323.0238000000004
51.3236 2323.083
52.3252 2322.0236
53.3267 2321.1884
54.3293 2320.5171
55.3295 2319.9847000000004
56.331 2323.7665
57.3325 2322.1740999999997
58.334 2321.3909
59.3344 2317.0486
60.3347 2317.6086
61.3363 2319.4006000000004
62.3401 2321.2766
63.3439 2323.6746999999996
64.3466 2325.5994
65.3985 2329.6505999999995
66.4016 2337.2099999999996
67.4031 2346.0315
68.4046 2353.2757999999994
69.4061 2358.5389000000005
70.4088 2360.3524999999995
71.4103 2364.8759
72.4153 2369.3777999999993
73.4192 2372.7713
74.423 2374.2960000000003
75.4257 2373.9891000000002
76.4267 2372.6961000000006
77.4271 2376.3636000000006
78.4275 2374.7229
79.429 2372.3709000000003
80.4375 2366.0321000000004
81.4413 2363.1805000000004
82.4428 2360.723900000001
83.4432 2358.800600000001
84.4459 2356.6299000000004
85.4497 2354.4425
86.4522 2352.7748
87.4561 2354.8297000000002
88.4576 2353.4470000000006
89.4614 2352.6212000000005
90.4653 2348.7489
91.4691 2348.547
92.4706 2349.0378
93.471 2349.7091
94.476 2351.7900999999997
95.4763 2355.6803
96.4805 2360.2209
97.4828 2369.4235
98.4866 2376.4925
99.4905 2384.1139999999996
100.491 2388.6079
101.494 2390.0156
102.496 2392.5613000000003
103.497 2393.7909000000004
104.498 2393.7212000000004
105.502 2392.8489000000004
106.505 2391.7323
107.506 2389.8107
108.51 2390.7262
109.511 2387.2841
110.514 2382.9953
111.52 2376.544
112.522 2373.4088
113.527 2369.9219
114.53 2367.1358
115.533 2363.6740999999993
116.538 2361.3477999999996
117.543 2359.6762
118.543 2363.9838
119.543 2365.9998
120.544 2368.3440000000005
121.544 2366.5313000000006
122.545 2369.7536000000005
123.547 2372.9121000000005
124.55 2376.2687
125.553 2379.1148
126.554 2381.8715
127.554 2385.627
128.555 2391.9349
129.556 2395.4069000000004
130.56 2398.651700000001
131.562 2398.8608000000013
132.564 2398.9256000000005
133.569 2398.0795
134.572 2397.0380999999998
135.572 2395.2983999999997
136.576 2395.0245
137.578 2394.291
138.579 2392.388900000001
139.579 2396.0319000000004
140.581 2396.3165
141.582 2397.8320999999996
142.585 2394.4967
143.588 2395.5027000000005
144.589 2396.6459
145.592 2397.8511
146.592 2399.0546
147.593 2398.9759
148.595 2399.2859
149.596 2404.1439
150.598 2403.6699000000003
151.602 2402.5774
152.606 2396.6081
153.607 2394.4390000000003
154.609 2391.5947
155.61 2387.6335000000004
156.613 2383.4037000000008
157.615 2378.1915999999997
158.615 2372.5768000000003
159.616 2371.0611999999996
160.616 2364.3412
161.619 2356.8933
162.62 2346.3707
163.623 2338.0908999999997
164.624 2329.7439
165.626 2321.7227999999996
166.63 2313.9601999999995
167.632 2307.9760999999994
168.672 2302.9228999999996
169.673 2299.8509
170.673 2299.962900000001
171.673 2297.9469000000004
172.677 2296.9389
173.678 2292.3106000000002
174.69 2292.6219
175.69 2292.1951
176.693 2291.1639
177.696 2288.8615
178.697 2286.1342
179.702 2284.9022000000004
180.704 2287.9536000000003
181.707 2287.7994
182.71 2287.7291999999998
183.713 2283.2248
184.718 2281.9235
185.731 2281.4699
186.731 2281.1702
187.736 2281.509
188.74 2281.9084000000003
189.742 2283.6524000000004
190.744 2288.6841000000004
191.746 2290.1143
192.747 2291.1445000000003
193.75 2287.2284000000004
194.751 2286.1107000000006
195.754 2282.5085000000004
196.757 2278.6399000000006
197.758 2272.805700000001
198.761 2268.5769000000005
199.777 2263.077
200.779 2261.5104000000006
201.783 2263.8842
202.785 2267.5150000000003
203.789 2273.4693
204.794 2274.4985000000006
205.798 2282.8673000000003
206.802 2289.2322000000004
207.802 2295.1777
208.805 2300.5537000000004
209.809 2305.6954000000005
210.81 2311.3421000000008
211.811 2319.9171
212.814 2325.1757999999995
213.819 2330.5411000000004
214.823 2330.5067
215.824 2334.2383
216.829 2337.2352
217.831 2340.5896
218.831 2342.1805
219.836 2343.1144999999997
220.837 2343.7696999999994
221.839 2347.3743999999997
222.839 2345.0247
223.841 2342.3797000000004
224.841 2335.2189
225.841 2331.6125999999995
226.844 2327.2021
227.848 2322.1025999999997
228.848 2318.0134
229.85 2313.7663000000002
230.883 2309.7383
231.887 2308.4125
232.887 2306.5142
233.89 2304.2089
234.89 2301.6802000000002
235.893 2296.1544
236.895 2292.7322999999997
237.896 2290.2491
238.9 2287.7441
239.903 2284.9089
240.91 2281.2659999999996
241.911 2276.0627
242.913 2276.8467
243.915 2273.3136999999997
244.917 2269.7551999999996
245.921 2261.8191
246.925 2257.2623000000003
247.927 2253.0849999999996
248.927 2250.2647
249.929 2248.1773000000003
250.93 2246.4113
251.931 2244.3741
252.936 2247.2861000000003
253.939 2246.9573000000005
254.943 2247.2448000000004
255.944 2244.6566000000003
256.944 2246.7605
257.947 2249.4251
258.95 2252.5548
259.951 2257.9903999999997
260.955 2264.5474
261.958 2271.3843
262.959 2280.9512000000004
263.959 2288.2844999999998
264.964 2295.6608999999994
265.968 2298.0139999999997
266.97 2299.0632999999993
267.973 2298.4817
268.977 2297.0738
269.978 2295.0638000000004
270.978 2293.3402
271.978 2291.4812
272.979 2287.7418000000002
273.98 2289.0420000000004
274.982 2286.3127
275.983 2283.8728
276.984 2278.4138
277.984 2276.9645
278.984 2276.9644999999996
279.988 2277.636499999999
280.992 2281.2844999999998
281.994 2286.3356
282.998 2293.944
283.999 2307.3905
284.999 2317.1047000000003
286.0 2327.123
287.005 2330.1684
288.008 2336.1579
289.009 2343.1167
290.015 2347.4847
291.019 2351.1802
292.019 2353.9369
293.02 2355.1689000000006
294.023 2360.7873000000004
295.025 2362.9110000000005
296.026 2365.0109
297.029 2362.9291
298.03 2364.9629
299.034 2365.2989
300.036 2364.8966999999993
301.038 2364.3378
