1.11057 2257.2267999999995
2.26214 2258.4444
3.32451 2274.36042
4.3295 2297.1029000000003
5.33335 2282.3402000000006
6.37674 2269.4114
7.45619 2264.4588
8.45654 2259.3169
9.45689 2253.9309
10.4887 2253.0348999999997
11.4937 2256.951
12.5091 2260.4748000000004
13.5118 2263.6880000000006
14.5151 2263.3885
15.5154 2259.3219
16.517 2256.1165999999994
17.5231 2251.7760000000003
18.527 2244.6875
19.5285 2243.6372
20.5335 2240.4633000000003
21.5408 2237.4941
22.5412 2235.5738
23.545 2236.1338000000005
24.5478 2236.9798
25.5505 2242.6804
26.5555 2245.2733000000003
27.5559 2248.9079
28.5597 2247.6926000000003
29.5612 2249.8611000000005
30.5639 2249.3017000000004
31.5643 2248.8322000000003
32.5693 2247.7592000000004
33.5719 2245.0773000000004
34.5731 2241.5209
35.5758 2241.4806000000003
36.5785 2237.9548
37.5812 2235.5868
38.5815 2228.6567
39.5854 2225.1652999999997
40.5869 2223.0436999999997
41.5907 2221.1416
42.5922 2220.7171000000003
43.5949 2220.694
44.5976 2220.6940000000004
45.5984 2219.6661000000004
46.5987 2223.4522
47.6026 2223.9686
48.6052 2224.0326000000005
49.6079 2220.5675
50.6153 2221.7735
51.6156 2223.1635999999994
52.6183 2224.9308999999994
53.6221 2225.8252
54.626 2226.3836
55.6296 2227.9726
56.6334 2233.2208
57.6373 2235.0074
58.6376 2235.5906999999997
59.638 2231.1106999999997
60.6418 2230.9262999999996
61.6457 2230.9507999999996
62.6495 2231.6712
63.6499 2232.1683000000003
64.6525 2232.6782
65.6548 2232.2792000000004
66.6563 2236.5025
67.659 2238.0688999999998
68.6605 2242.3696
69.6655 2241.6072
70.667 2249.7195
71.672 2258.4168999999997
72.6724 2266.3066
73.6739 2272.6906
74.6743 2280.3821
75.6752 2288.7242
76.6792 2298.3821000000003
77.6807 2308.962
78.6857 2318.1078
79.686 2327.9005
80.6899 2333.6988
81.6926 2343.1083000000003
82.6941 2349.4515
83.6979 2354.934
84.7006 2359.5385
85.7021 2362.6940999999997
86.7035 2364.3231
87.7038 2370.1308
88.7088 2371.5627
89.7139 2373.2405
90.7165 2369.8788000000004
91.718 2369.7892
92.7231 2367.8645000000006
93.7257 2368.3208999999993
94.7272 2367.7861
95.7311 2367.3149000000008
96.7314 2366.6049000000003
97.7329 2369.8296000000005
98.746 2368.6176
99.7487 2366.6587999999997
100.749 2361.2003999999997
101.749 2358.8950999999997
102.752 2355.5845
103.757 2351.4488000000006
104.759 2346.8691000000003
105.761 2342.4647999999997
106.811 2338.1454999999996
107.815 2337.3386999999993
108.82 2333.9197999999997
109.821 2329.5217999999995
110.823 2324.0554999999995
111.826 2320.0508
112.826 2317.6828
113.837 2314.7300999999998
114.842 2310.8212
115.846 2307.3542
116.846 2304.0239
117.851 2301.0717
118.851 2302.502
119.855 2300.4257000000002
120.859 2300.0393000000004
121.863 2296.7393
122.863 2296.4755000000005
123.863 2295.6309
124.866 2294.3291000000004
125.868 2293.0191000000004
126.87 2292.1028000000006
127.875 2292.6383000000005
128.877 2298.4829000000004
129.878 2301.8664000000003
130.882 2306.23
131.886 2305.7833
132.887 2309.2449
133.888 2313.0529
134.892 2317.0218
135.897 2321.202
136.901 2325.5348
137.903 2328.9964000000004
138.905 2337.0930000000003
139.909 2341.0279
140.91 2343.3729000000003
141.913 2341.4329
142.915 2340.1125
143.918 2339.3537
144.922 2339.2419
145.923 2340.2010999999998
146.926 2341.3857000000003
147.926 2342.8853
148.929 2344.6079999999997
149.933 2349.8615
150.933 2349.7732
151.935 2350.396
152.937 2345.8286999999996
153.941 2345.9775
154.944 2346.0268
155.948 2345.3312
156.952 2344.7729000000004
157.954 2342.387
158.955 2340.5099000000005
159.959 2343.8006000000005
160.961 2342.6181000000006
161.963 2340.2033000000006
162.964 2332.2844000000005
163.967 2327.7260000000006
164.967 2324.1538000000005
165.971 2321.8485000000005
166.973 2319.1900000000005
167.973 2316.3928000000005
168.974 2311.6888
169.976 2312.2537999999995
170.979 2303.6958
171.982 2295.2008000000005
172.982 2282.9054
173.985 2275.7446
174.987 2268.0321000000004
175.991 2261.1917
176.992 2256.9483999999998
177.994 2255.2684000000004
179.05 2253.3410999999996
180.051 2251.1505
181.054 2252.9406999999997
182.058 2252.0431999999996
183.059 2252.8826
184.062 2249.3022
185.063 2251.4543
186.067 2253.8875000000003
187.073 2256.5674000000004
188.075 2258.7304000000004
189.075 2260.2105
190.075 2261.7785
191.077 2267.4417999999996
192.08 2269.5820999999996
193.08 2271.4192999999996
194.081 2266.5248
195.084 2264.5341
196.084 2262.9014999999995
197.086 2260.2135
198.091 2258.1994999999997
199.094 2256.3691
200.095 2254.2937
201.099 2256.8940000000002
202.102 2255.3307000000004
203.105 2254.1023000000005
204.106 2249.5510000000004
205.109 2248.8398999999995
206.11 2249.1954999999994
207.112 2250.5872
208.115 2251.9714
209.118 2253.9147000000003
210.123 2255.3678
211.125 2258.9771
212.129 2260.9962
213.131 2261.3312
214.132 2262.9399000000003
215.132 2260.725
216.135 2261.733
217.137 2263.5429999999997
218.142 2264.9745000000003
219.146 2266.5991
220.147 2267.8700000000003
221.147 2269.5963
222.152 2274.8165000000004
223.155 2277.0459000000005
224.165 2279.7945000000004
225.171 2278.3147
226.174 2281.2783000000004
227.178 2284.2085
228.182 2286.4674
229.182 2288.5042
230.183 2288.8401999999996
231.187 2289.1211999999996
232.191 2294.5632
233.191 2297.0750000000003
234.2 2300.3230000000003
235.201 2298.7266
236.203 2302.4469999999997
237.206 2304.5728
238.207 2307.3644
239.212 2309.2421
240.216 2312.0205
241.22 2315.5937
242.221 2323.0162000000005
243.233 2327.9133999999995
244.236 2331.8280999999993
245.241 2333.926999999999
246.245 2334.3310999999994
247.245 2339.1043999999997
248.249 2342.8853
249.252 2346.6236999999996
250.254 2350.8740999999995
251.257 2355.0099
252.257 2358.112
253.262 2365.7843
254.264 2368.7931000000003
255.268 2371.0578000000005
256.272 2368.6011000000008
257.272 2369.5201
258.273 2371.2360000000003
259.277 2373.25
260.279 2374.8625999999995
261.279 2376.1567999999997
262.285 2378.6834
263.29 2385.4352
264.298 2389.3848999999996
265.301 2392.5591999999997
266.304 2391.0670999999998
267.306 2394.5072999999998
268.306 2399.3184999999994
269.311 2403.3504999999996
270.316 2407.7135
271.319 2411.1054
272.321 2414.7689000000005
273.327 2423.4017000000003
274.329 2428.3224999999998
275.333 2434.0231
276.337 2435.3864
277.337 2433.4880999999996
278.341 2431.312
279.342 2427.7387000000003
280.343 2423.4827
281.349 2418.4252999999994
282.351 2412.3926999999994
283.352 2405.0080999999996
284.353 2402.6373
285.356 2394.8051
286.36 2387.2953
287.36 2377.4094000000005
288.361 2372.0390000000007
289.361 2367.4052000000006
290.364 2363.9149
291.369 2361.142
292.369 2357.9523999999997
293.373 2354.8644
294.378 2356.2448999999997
295.379 2355.3264999999997
296.379 2354.5211999999997
297.381 2350.4204999999993
298.383 2350.6014999999993
299.388 2351.4734
300.393 2352.7888000000003
301.397 2353.9927000000007
