1.12033	1747.2
2.28934	1427.54
3.29435	1783.08
4.29935	1549.05
5.30087	1488.11
6.30587	1426.47
7.30739	1219.58
8.31355	1191.25
9.32205	1011.11
10.3224	918.4
11.3321	710.406
12.3359	1094.32
13.3409	1303.88
14.3447	1306.48
15.3474	1453.09
16.3536	1558.65
17.49	1695.77
18.4904	1814.4
19.4931	1889.02
20.4934	2049.6
21.4938	1288
22.4999	2204.37
23.5015	2539.86
24.503	2763.64
25.5068	2914.46
26.5095	3342.11
27.7471	2833.95
28.7475	4569.6
29.749	3893.71
30.7517	4236.33
31.8369	3365.16
32.8385	3323.08
33.8388	3640
34.8427	3416.95
35.843	3259.2
36.8457	2906.19
37.8635	2632.05
38.8836	2020.39
39.8875	2545.96
40.8925	2072.83
41.8951	1978.44
42.9013	1280.32
43.9028	2159.44
44.9067	2266.8
46.0198	1841.51
47.0225	3230.34
48.0275	2852.94
49.029	3043.36
50.0294	3024
51.0332	3271.78
52.0336	3337.6
53.0374	2199.8
54.0413	2925.62
55.0416	2643.2
56.042	2654.4
57.0458	2534.79
58.0497	2456.63
59.05	2217.6
60.0527	1911.38
61.0565	1630.31
62.0569	1724.8
63.248	1156.68
64.2507	1386.03
65.2522	1790.21
66.3526	1914.18
67.3529	2060.8
68.3568	2110.47
69.3629	2271.17
70.3668	2378.46
71.459	1958.97
72.4594	3281.6
73.4632	2679.96
74.4636	2934.4
75.4651	3076.92
76.4666	3367.83
77.4693	2336.13
78.4696	3024
79.47	2990.4
80.4715	2853.15
81.4742	2693.81
82.478	2467.8
83.604	1841.78
84.6044	2576
85.6105	1903.78
86.612	1846.15
87.7578	1320.52
88.7593	1678.32
89.7597	1971.2
90.7623	1967.27
91.7871	1673.44
92.7886	2651.75
93.8948	1822.78
94.8975	2861.48
95.9118	2463.12
96.9145	2693.81
97.9149	2788.8
98.9164	1834.96
99.919	2447.9
100.919	2363.2
101.938	2321.41
102.939	2139.2
103.94	1902.1
104.952	1639.56
105.955	1598.4
106.955	1803.2
107.957	1588.81
108.962	1014.13
109.967	1760.8
110.968	1969.23
111.973	1972.54
112.976	2213.17
114.105	2142.78
115.108	2716.17
116.207	2201.27
117.209	3323.08
118.212	2760.88
119.24	2680.16
120.242	2067.86
121.244	2953.85
122.244	2912
123.246	2920.28
124.249	2939.72
125.251	3029.14
126.254	3029.14
127.257	3006.79
128.258	3009.79
129.262	2925.62
130.265	1587.22
131.265	2788.8
132.326	2472.45
133.327	4386.01
134.415	2730.45
135.416	4665.73
136.576	2744.43
137.58	4812.76
138.584	3696.11
139.585	4016.78
140.586	2654.4
141.587	3311.89
142.588	3214.4
143.59	3230.34
144.594	2992.62
145.594	2822.4
146.596	2372.03
147.789	1980.89
148.827	2062.87
149.831	1719.64
150.885	1276.35
151.885	1612.8
152.885	2027.2
153.888	2101.4
154.89	2081.12
155.89	2094.4
156.891	2349.65
158.178	2151.17
159.181	3252.69
160.181	3035.2
161.182	3334.26
162.184	3669.93
163.185	3625.17
164.197	3234.82
165.201	2858.62
166.205	2746.96
167.207	2595.8
168.208	2360.84
169.209	2318.4
170.21	2058.74
171.214	1708.47
172.214	1243.2
173.248	1072.34
174.25	1040.56
175.256	656.858
176.259	1263.07
177.265	1324.85
178.439	1193.52
179.445	1892.64
180.449	1552.14
181.454	1771.94
182.455	1812.59
183.455	1971.2
184.459	2021.14
185.469	1753.81
186.47	2696.5
187.471	2296
188.471	2564.8
189.471	1657.6
190.585	1992.45
191.585	3203.2
192.585	2688
193.586	2710.4
194.587	2685.31
195.589	2752.45
196.6	2727.92
197.6	2844.8
198.601	2864.33
199.639	2538.09
200.641	2304.9
201.643	2649.1
202.645	2562.24
203.645	2497.6
204.65	2373.73
205.65	2251.2
206.654	1496.31
207.655	2632
208.661	1937.18
209.662	1913.29
210.665	994.81
211.79	1654.09
212.791	2562.24
213.794	2146.11
214.797	2436.73
215.885	1873.53
216.888	3207.98
217.89	2662.94
218.893	2735.79
219.897	2813.96
220.899	1913.29
221.902	2436.73
222.903	2416.78
223.903	2172.8
224.907	2646.46
225.909	2976.22
226.913	2668.79
227.915	2593.21
228.988	1932.83
229.989	3200
230.99	2430.4
231.992	1296.61
232.996	2545.96
234	2523.63
235.004	2612.96
236.004	2766.4
237.181	2807.14
238.182	2956.8
239.252	2313.27
240.257	4000.8
241.356	2456.05
242.358	2931.47
243.361	2735.79
244.362	2497.6
245.364	2526.15
246.366	2338.46
247.37	2222.13
248.385	1864.83
249.388	1609.58
250.393	1315.02
251.398	1326.17
252.522	757.969
253.523	1465.73
254.529	1614.31
255.533	1663.81
256.537	1786.64
257.537	1881.6
258.545	2024.23
259.546	2047.55
260.549	2302.59
261.589	2263.72
262.591	2447.9
263.642	1834.67
264.643	2439.16
265.645	2774.82
266.646	2651.75
267.647	2497.6
268.651	2333.8
269.656	2095.12
270.658	1922.55
271.666	1534.86
272.669	1652.64
273.674	1404.18
274.678	882.153
275.683	1571.34
276.931	1346.15
277.935	2378.46
278.936	1915.2
279.939	2311.47
281.148	1947.02
282.152	3070.79
283.156	2523.63
284.158	2928.54
285.187	2309.73
286.189	2649.1
287.19	2553.6
288.191	2584.61
289.191	2587.2
290.194	2425.55
291.194	2307.2
292.202	1824.03
293.478	1457.05
294.484	1502.98
295.552	1049.67
296.558	1246.92
297.561	1631.94
298.561	1724.8
299.561	1915.2
300.765	1964.42
301.767	2282.52
302.771	2255.63
303.774	2534.79
304.776	2539.86
305.778	2651.75
306.779	2841.96
307.781	2953.85
308.857	3063.07
309.858	3211.19
310.861	3297.41
311.899	2654.33
312.9	4300.8
314.006	2400
315.239	2472.73
316.387	4302.44
317.387	3595.2
318.501	3783.65
319.57	2831.46
320.57	4726.4
321.697	3001.24
322.697	4883.2
323.829	3188.68
324.831	4262.94
325.832	3647.55
326.833	3718.4
327.834	3781.82
328.836	3647.55
329.84	3227.12
330.84	2576
331.841	2002.8
332.846	1571.34
333.85	1451.65
334.852	1152.45
335.91	1058.6
336.911	1691.2
337.929	1795.08
338.931	2079.04
339.934	2067.86
340.935	2416.78
341.939	2456.63
342.94	2654.4
343.941	2897.9
344.946	3365.57
345.95	2076.97
346.951	2909.09
347.954	2772.05
348.954	2688
349.955	2598.4
350.963	2255.55
351.965	2148.25
352.965	2217.6
353.968	1978.44
354.971	1821.96
356.11	1435.65
357.113	1508.98
358.117	1462.81
359.119	2450.35
360.12	1980.42
361.122	2148.25
362.127	2083.98
363.284	1713.4
364.288	2970.29
365.29	2492.61
366.292	2819.58
367.296	1652.64
368.301	2786.07
369.302	2606.99
370.305	2637.92
371.308	2593.21
372.308	2430.4
373.31	2472.73
374.31	2441.6
375.313	2302.59
376.315	2548.5
377.321	1558.65
378.322	2408
379.323	2707.69
380.391	2739.64
381.391	2900.8
382.403	3323.44
383.406	3465.07
384.416	2608.52
385.417	4889.51
386.418	4200
387.439	3861.31
388.441	2897.9
389.441	3304
390.442	3076.92
391.443	2878.4
392.451	2411.11
393.461	2020.22
394.464	1430.74
395.465	1253.15
396.466	1153.6
397.473	900.893
398.757	479.75
399.762	1537.91
400.768	1669.98
