1.1052	1887.02
2.11254	945.382
3.11289	840
4.12138	622.222
5.13337	288.031
6.15349	274.509
7.15966	322.862
8.16583	345.129
9.17549	299.702
10.4352	204.606
11.4356	313.6
12.4545	374.066
13.477	460.273
14.4843	456.007
15.5056	526.542
16.5199	552.268
17.5354	640
18.5497	651.676
19.564	773.175
20.8075	837.972
21.8102	659.481
22.8175	912.015
23.8306	1083.51
24.8415	1131.09
25.8709	968.707
26.8712	1702.4
27.8797	1555.56
28.8813	1566.43
29.8863	1749.65
30.8866	1836.8
31.887	1467.2
32.8885	1655.94
33.8888	1724.8
34.8927	1764.31
35.893	1702.4
36.8934	1713.6
37.8949	1600
38.9022	1457
39.9084	1592.05
40.9099	1476.92
41.9103	1500.8
42.9153	991.84
44.0494	1185.19
45.0509	2170.63
46.0547	1507.48
47.0551	2475.2
48.0589	2155.13
49.0628	2255.63
50.0643	2349.65
51.067	2682.63
52.0696	2660.28
53.0723	2011.98
54.0727	2598.4
55.0754	2514.97
56.078	2459.08
57.0784	2340.8
58.0787	2228.8
59.0791	2038.4
60.0818	1766.07
61.1066	1531.25
62.1127	1491.85
63.2643	1196.87
64.2693	1270.45
65.2731	1686.14
66.3177	1512.64
67.3215	2289.13
68.3254	1976.47
69.3269	2137.06
70.3284	2248.95
71.4765	1843.9
72.4768	2979.2
73.4807	2434.3
74.4822	2629.37
75.4837	2808.39
76.4841	3147.2
77.4844	2049.6
78.4848	2844.8
79.4851	2777.6
80.4901	2763.78
81.494	2646.46
82.4943	2419.2
83.4982	2065.8
84.4985	2318.4
85.4989	1982.4
86.5015	1889.02
87.645	1655.99
88.6465	1186.01
89.6468	2072
90.6483	2304.9
91.651	2548.5
92.6537	2850.3
93.8053	2286.71
94.8056	4233.6
95.8327	2715.48
96.8331	4928
97.8346	3938.46
98.8349	2553.6
99.8353	3628.8
100.838	3420.36
101.838	3259.2
102.839	2878.4
103.839	2396.8
104.845	1992.84
105.848	2146.11
106.854	2026.24
107.858	1686.14
108.971	1137.11
110.171	1745.33
111.176	1950.25
112.421	1476.53
113.424	2716.17
114.428	2434.3
115.428	2508.8
116.431	2704.99
117.435	2702.29
118.437	2738.52
119.439	1834.96
120.441	2425.55
121.445	2590.63
122.448	2671.46
123.448	2632
124.452	2769.29
125.456	2802.79
126.457	2808.39
127.458	2822.4
128.459	2808.39
129.461	2774.82
130.465	1529.81
131.47	2596.62
132.47	2665.6
133.47	2732.8
134.473	2023.15
135.477	3550.95
136.478	2774.82
137.48	2998.6
138.484	2947.96
139.486	3118.56
140.541	2208.15
141.544	2481.44
142.546	2551.05
143.546	2486.4
144.546	2464
145.547	2318.4
146.551	2076.97
147.792	1362.77
148.796	2132.8
149.802	1514.11
150.888	1082.87
151.891	1330.14
152.896	1682.79
153.896	1948.8
154.898	2047.55
155.898	2139.2
156.902	2356.13
158.13	2389.58
159.134	2780.46
160.139	2953.23
161.144	2908.66
162.144	3113.6
163.149	3042.39
164.196	2698.28
165.2	2467.8
166.201	2452.8
167.203	2392.01
168.205	2304.9
169.207	2213.17
170.214	2037.38
171.215	1756.64
172.221	1335.98
173.229	989.87
174.234	1203.58
175.241	667.328
176.246	1393.03
177.251	1415.32
178.251	1568
179.255	1663.81
180.255	1702.4
181.259	1864.81
182.263	1998.8
183.265	2092.31
184.266	2260.14
185.396	1904.69
186.396	3001.6
187.398	2495.1
188.4	2772.05
189.401	1937.6
190.568	2620.05
191.569	2956.8
192.569	2800
193.571	2763.64
194.83	2108.34
195.831	3214.4
196.832	2629.37
197.834	2640.56
198.871	2721.7
199.872	2016
200.875	2523.63
201.878	2537.32
202.88	2506.29
203.881	2506.29
204.884	2425.55
205.885	2282.52
206.888	2280.24
207.89	2304.9
208.89	2105.6
209.891	2215.38
210.895	1105.48
211.919	2310.07
212.923	2389.63
213.923	2340.8
214.925	2752.45
215.928	2813.96
216.93	3043.36
217.932	3099.3
218.932	3192
219.936	3249.45
220.938	2213.17
221.94	2931.47
222.943	2883.83
224.179	2645.95
225.182	3398
226.186	3394.62
227.186	3192
228.186	3024
229.187	3102.4
230.187	3001.6
231.225	2505.69
232.227	1900.2
233.231	2858.62
234.234	2805.59
235.234	2889.6
236.234	2878.4
237.241	2916.9
238.243	2928.54
239.245	3076.92
240.247	3196.81
241.441	2581.73
242.445	2657.63
243.456	2617.03
244.457	2439.16
245.46	2403.19
246.462	2280.24
247.464	2181.82
248.467	1866.67
249.471	1462.81
250.477	1380.52
251.479	1307.78
252.52	785.398
253.529	1488.89
254.536	1545.98
255.537	1691.2
256.54	1753.14
257.541	1948.8
258.541	2049.6
259.624	1697.6
260.628	2914.46
261.636	2744.44
262.64	2858.62
263.756	2651.84
264.762	2349.1
265.763	3255.94
266.764	3113.6
267.766	3029.14
268.767	2766.4
269.768	2606.99
270.773	2228.85
271.78	2015.11
272.782	2034.33
273.785	1553.69
274.786	1107.69
275.788	2058.74
276.881	1895.7
277.884	2783.23
278.886	2450.35
279.886	2676.8
281.129	2459.85
282.131	3625.17
283.132	3166.43
284.136	3472.78
285.205	2579.77
286.206	3102.4
287.207	2965.03
288.211	2769.29
289.211	2688
290.214	2537.32
291.218	2177.47
292.219	1913.29
293.467	1139.74
294.47	1721.36
295.596	1055.29
296.601	1014.13
297.606	1437.61
298.612	1491.85
299.613	1691.2
300.619	1736.78
301.621	2045.51
302.625	1965.3
303.626	2128
304.632	2048.51
305.636	2132.8
306.639	2177.47
307.643	2467.8
308.644	2497.6
309.646	2660.28
310.647	2822.4
311.771	2351.6
312.772	3998.4
313.816	2596.17
314.819	5231.14
315.907	3214.72
317.008	4587.83
318.009	5913.6
319.01	4721.68
320.01	4760
321.011	5118.4
322.011	4816
323.011	5174.4
324.013	5057.34
325.015	3267.13
326.017	4627.54
327.018	4569.6
328.019	4374.83
329.021	4027.97
330.021	3393.6
331.069	2650.38
332.069	1892.8
333.07	1612.8
334.07	1400
335.185	764.093
336.191	1647.71
337.192	1633.57
338.195	1799.6
339.196	1935.66
340.2	1976.47
341.204	2423.13
342.485	2170
343.485	3393.6
344.485	3147.2
345.515	3254.42
346.518	2470.26
347.523	3231.84
348.526	3137.79
349.528	2953.85
350.528	2822.4
351.776	1875.64
352.781	3086.97
353.784	2269.06
354.786	2137.06
355.788	2079.04
356.792	1083.15
358.067	1696.7
359.069	2696.5
360.069	2273.6
361.069	2564.8
362.075	2560.64
363.258	2131.98
364.26	3714.69
365.261	2942.66
366.263	3155.24
367.263	1915.2
368.265	2730.07
369.267	2738.52
370.269	2730.07
371.272	2526.15
372.274	2380.84
373.276	2439.16
374.279	2425.55
375.281	2224.35
376.284	2492.61
377.29	1580.91
378.293	2347.3
379.297	2635.29
380.297	2632
381.473	2811.91
382.474	2864.33
383.475	3024
384.477	3152.09
385.707	2487.88
386.711	4120.44
387.711	2576
388.715	2880.96
389.715	2833.6
390.717	2685.31
391.719	2517.48
392.72	2215.38
393.724	1708.47
394.727	1307.78
395.733	1246.92
396.734	1141.26
397.74	901.789
398.777	508.108
399.782	1582.49
400.782	1769.6
