1.15755 2753.5208
2.18349 2756.7172
3.18501 2742.4800999999998
4.24584 2722.8628
5.24736 2704.9655000000007
6.24771 2686.2013000000006
7.25272 2662.1213000000002
8.25423 2638.8642
9.25458 2611.7529
10.3131 2588.9317
11.3739 2573.7676
12.4464 2540.9242999999997
13.4468 2513.1371999999997
14.4774 2488.0718999999995
15.5033 2469.3555
16.5665 2453.2895000000008
17.611 2436.7918000000004
18.6114 2418.2054000000003
19.621 2403.5334
20.74 2392.7321
21.8288 2390.3042000000005
22.871 2375.3975
23.8714 2369.5555000000004
24.8717 2363.760300000001
25.8825 2360.6922000000004
26.8829 2363.1241999999997
27.8856 2375.5562
28.8871 2376.6011000000003
29.9386 2374.2139
30.9494 2371.2848
31.9509 2366.0915999999997
32.9525 2350.0878000000002
33.9993 2338.7954
35.08 2331.5589999999997
36.0803 2318.3067
37.0993 2299.5908
38.1089 2304.3366
39.1256 2294.9683000000005
40.1259 2288.1069
41.2077 2282.3949000000007
42.208 2276.9477
43.2875 2260.6565000000005
44.3821 2257.005600000001
45.3975 2259.4300000000003
46.3979 2264.3709999999996
47.3982 2272.7987999999996
48.3986 2289.8228
49.4327 2295.7588
50.4854 2303.3335
51.488 2317.3733
52.5186 2319.9817000000003
53.5946 2334.7969
54.6508 2333.6598999999997
55.6977 2337.8729
56.7085 2339.3109
57.7088 2335.7631
58.7441 2331.1316
59.7456 2323.2861
60.746 2310.6591
61.7475 2307.6374
62.7478 2300.118
63.8622 2292.9004000000004
64.8637 2287.0067000000004
65.864 2283.762
66.9505 2283.1726000000003
67.9508 2289.4547000000002
68.9523 2294.5605
69.955 2309.1449
70.9577 2325.4283
71.958 2343.562
73.0724 2361.93
74.196 2383.5330999999996
75.1976 2399.9601000000002
76.206 2414.5376
77.2518 2431.5723
78.358 2443.4305999999997
79.3606 2457.5431999999996
80.4122 2469.8999
81.5393 2482.4371
82.5397 2494.4606
83.6494 2499.1646
84.652 2504.5701
85.6524 2497.5039
86.7656 2498.3533
87.7811 2503.3074
88.8791 2500.7205000000004
89.8795 2498.0063999999998
90.8798 2496.6701999999996
91.8918 2498.3255
93.0364 2505.3447
94.1007 2507.0463
95.1034 2515.4071000000004
96.1061 2515.5616000000005
97.1122 2521.4162000000006
98.1126 2537.7658000000006
99.1164 2545.9168
100.208 2545.2735000000002
101.244 2550.8025000000007
102.334 2556.9374000000003
103.334 2559.3447000000006
104.567 2548.5229
105.625 2552.7236
106.627 2550.4585
107.759 2543.0753
108.759 2560.3492
109.76 2557.8942
110.86 2559.7982
111.877 2565.3389
112.945 2566.07
114.071 2564.2266999999997
115.186 2559.4688000000006
116.247 2555.5927
117.333 2557.6995
118.338 2553.3993000000005
119.356 2555.1298
120.413 2562.0593
121.48 2561.5272000000004
122.48 2569.8997000000004
123.481 2567.7904
124.484 2549.8187300000004
125.484 2547.71383
126.488 2549.07913
127.499 2555.58443
128.535 2561.2676299999994
129.595 2566.7489299999997
130.595 2590.17163
131.595 2577.84633
132.599 2585.12633
133.603 2590.8840300000006
134.625 2598.3286300000004
135.634 2597.59853
136.732 2604.78693
137.734 2605.75043
138.737 2610.35753
139.847 2612.33053
140.85 2630.2624299999998
141.855 2624.8323299999997
142.856 2633.42513
143.857 2641.17373
144.858 2646.1562299999996
145.96 2653.34583
146.962 2658.1306299999997
147.994 2662.3294299999993
149.003 2664.59283
150.054 2671.20443
151.054 2676.77663
152.055 2672.1508299999996
153.061 2669.66083
154.064 2673.79643
155.2 2678.2221300000006
156.269 2687.41643
157.299 2694.16663
158.37 2694.1035300000003
159.37 2705.69693
160.398 2703.52733
161.419 2715.07653
162.422 2717.10463
163.423 2743.44333
164.477 2759.9073299999995
165.479 2760.27593
166.482 2764.2148299999994
167.485 2764.239629999999
168.486 2765.916329999999
169.546 2766.6167299999993
170.61 2767.62603
171.619 2767.14143
172.619 2763.67863
173.619 2766.9266300000004
174.705 2759.42263
175.705 2746.92763
176.705 2738.07963
177.707 2724.95053
178.707 2713.3353300000003
179.777 2702.8073299999996
180.842 2692.37353
181.842 2678.2234300000005
182.842 2665.30783
183.843 2649.0784300000005
184.844 2647.5104300000003
185.845 2638.69263
186.947 2631.57283
188.081 2628.81723
189.092 2626.4907299999995
190.094 2625.72703
191.096 2618.78423
192.132 2628.15063
193.198 2638.16783
194.277 2647.31123
195.31 2651.80133
196.377 2670.62513
197.38 2677.37363
198.38 2681.56613
199.381 2691.2731300000005
200.424 2699.1670300000005
201.426 2698.1881300000005
202.428 2693.9819300000004
203.502 2701.31563
204.502 2701.02843
205.506 2691.3926299999994
206.521 2683.96833
207.521 2681.51853
208.521 2667.18253
209.527 2652.2214300000005
210.528 2634.83613
211.557 2606.4559299999996
212.558 2584.0104599999995
213.559 2565.1061599999994
214.559 2540.2636199999997
215.561 2518.35902
216.566 2496.34236
217.569 2479.4272800000003
218.571 2460.4246200000007
219.573 2440.94597
220.623 2420.76579
221.625 2398.51272
222.626 2367.66745
223.627 2344.6707299999994
224.827 2317.68761
225.989 2302.0609400000003
226.991 2308.4311500000003
228.041 2306.7769500000004
229.091 2311.16915
230.092 2313.90035
231.094 2333.9483499999997
232.097 2344.7075499999996
233.147 2334.7362500000004
234.148 2349.05695
235.153 2348.01335
236.153 2358.24735
237.159 2361.21715
238.16 2370.5856500000004
239.209 2370.9216499999998
240.214 2376.84565
241.36 2368.46385
242.36 2370.34235
243.36 2369.0542499999997
244.414 2362.8847499999993
245.414 2358.4990499999994
246.426 2351.40055
247.427 2345.81005
248.431 2342.0701500000005
249.431 2341.92855
250.431 2336.80915
251.432 2332.55845
252.432 2326.95435
253.434 2324.34295
254.533 2318.9439500000003
255.542 2319.7539500000003
256.543 2312.5919500000005
257.543 2300.30285
258.566 2293.82245
259.639 2285.33705
260.64 2281.7029500000003
261.642 2266.8764500000007
262.645 2264.1505500000003
263.685 2262.3069499999997
264.691 2263.3423500000004
265.691 2241.97885
266.695 2231.0378499999997
267.697 2227.57805
268.698 2223.8154499999996
269.701 2222.56075
270.701 2217.55385
271.703 2212.35925
272.705 2208.0126499999997
273.722 2205.14815
274.722 2202.8591499999998
275.723 2180.0950499999994
276.723 2168.7400499999994
277.723 2165.65645
278.725 2153.26855
279.725 2153.2435499999997
280.726 2148.88665
281.726 2143.14805
282.858 2135.694749999999
283.928 2130.7936499999996
284.967 2137.1012500000006
285.967 2141.6204500000003
286.967 2137.0284500000002
287.977 2133.8244500000005
289.033 2133.31115
290.091 2131.6078500000003
291.092 2131.5442500000004
292.106 2131.12255
293.124 2129.69855
294.125 2121.8086500000004
295.126 2108.56035
296.323 2106.8011500000002
