1.1052 1813.5000500000003
2.11254 1823.4138500000004
3.11289 1837.9280300000003
4.12138 1849.4564300000002
5.13337 1864.69531
6.15349 1882.0774000000001
7.15966 1896.1937100000002
8.16583 1904.3361900000004
9.17549 1918.3382000000004
10.4352 1934.8436800000002
11.4356 1947.56292
12.4545 1971.5886200000002
13.477 1992.1909600000004
14.4843 2012.6762300000003
15.5056 2035.1660600000005
16.5199 2056.9235400000002
17.5354 2078.7860600000004
18.5497 2090.7356600000003
19.564 2108.4744000000005
20.8075 2126.6489500000007
21.8102 2144.9838300000006
22.8175 2164.7090200000007
23.8306 2183.28177
24.8415 2200.4745700000003
25.8709 2217.2475700000005
26.8712 2235.7845
27.8797 2246.8444000000004
28.8813 2259.0370000000003
29.8863 2258.6708000000003
30.8866 2267.1405
31.887 2275.4285
32.8885 2288.0845
33.8888 2291.7566
34.8927 2310.0181
35.893 2320.1232
36.8934 2333.0852
37.8949 2345.4288
38.9022 2360.6144
39.9084 2368.1259
40.9099 2377.0198
41.9103 2387.7610999999997
42.9153 2397.6171
44.0494 2412.3387
45.0509 2423.6708000000003
46.0547 2422.7342
47.0551 2421.2871
48.0589 2417.8631
49.0628 2411.4528999999998
50.0643 2399.7252999999996
51.067 2389.5301999999997
52.0696 2379.5317999999997
53.0723 2372.416999999999
54.0727 2372.7726999999995
55.0754 2368.1807
56.078 2366.5923
57.0784 2365.8972999999996
58.0787 2370.293899999999
59.0791 2377.5381999999995
60.0818 2386.2407999999996
61.1066 2399.7161
62.1127 2414.8275
63.2643 2426.8918
64.2693 2439.6011
65.2731 2451.4245999999994
66.3177 2458.4833
67.3215 2466.4058999999997
68.3254 2465.6462999999994
69.3269 2466.2553999999996
70.3284 2462.4512
71.4765 2453.3215
72.4768 2444.7812000000004
73.4807 2427.0250000000005
74.4822 2409.3552800000007
75.4837 2396.9918800000005
76.4841 2383.06118
77.4844 2367.26918
78.4848 2363.41128
79.4851 2351.98728
80.4901 2342.85938
81.494 2335.2095799999997
82.4943 2329.6680799999995
83.4982 2328.07748
84.4985 2326.46638
85.4989 2333.2983799999997
86.5015 2338.42538
87.645 2347.2556799999998
88.6465 2350.07178
89.6468 2364.4121800000003
90.6483 2373.2601800000007
91.651 2378.2111800000002
92.6537 2380.36258
93.8053 2372.94298
94.8056 2382.21988
95.8327 2366.17758
96.8331 2365.4283800000003
97.8346 2343.36538
98.8349 2324.14078
99.8353 2323.84108
100.838 2312.9262799999997
101.838 2303.78558
102.839 2296.2564800000005
103.839 2291.7279800000006
104.845 2290.5851800000005
105.848 2293.4591800000003
106.854 2295.0470800000007
107.858 2295.8406800000002
108.971 2301.13308
110.171 2300.81678
111.176 2306.4641800000004
112.421 2310.85798
113.424 2319.5006799999996
114.428 2319.8634799999995
115.428 2323.6600799999997
116.431 2329.0056799999998
117.435 2332.9487799999997
118.437 2337.84588
119.439 2342.95518
120.441 2346.73728
121.445 2351.7964799999995
122.448 2354.7284799999993
123.448 2354.4733799999995
124.452 2362.1333799999998
125.456 2368.38668
126.457 2372.2787799999996
127.458 2374.43488
128.459 2377.2348799999995
129.461 2379.1669799999995
130.465 2376.4756799999996
131.47 2380.17958
132.47 2382.7995800000003
133.47 2384.19948
134.473 2385.7674800000004
135.477 2394.31998
136.478 2387.9794800000004
137.48 2389.5166800000006
138.484 2390.2998800000005
139.486 2392.7883800000004
140.541 2387.420080000001
141.544 2391.9148800000007
142.546 2393.2707800000007
143.546 2392.151880000001
144.546 2391.3197800000007
145.547 2389.4821800000004
146.551 2388.1163800000004
147.792 2386.013380000001
148.796 2387.0137800000007
149.802 2379.49098
150.888 2377.42768
151.891 2374.4529599999996
152.896 2376.0404599999997
153.896 2374.67236
154.898 2372.0963599999995
155.898 2369.15226
156.902 2367.2482599999994
158.13 2364.182959999999
159.134 2357.2631599999995
160.139 2358.60316
161.144 2356.51526
162.144 2356.01486
163.149 2351.39726
164.196 2344.46436
165.2 2350.04096
166.201 2356.49896
167.203 2362.26236
168.205 2366.00626
169.207 2369.02716
170.214 2369.1839600000003
171.215 2368.9612600000005
172.221 2371.7381600000003
173.229 2373.91526
174.234 2375.09346
175.241 2383.64506
176.246 2395.92878
177.251 2409.83078
178.251 2420.1810799999994
179.255 2431.2690799999996
180.255 2439.22948
181.259 2458.4571799999994
182.263 2471.47338
183.265 2486.2131799999997
184.266 2491.08778
185.396 2499.51038
186.396 2510.11378
187.398 2507.79068
188.4 2509.71968
189.401 2507.37238
190.568 2509.77108
191.569 2502.70348
192.569 2484.53288
193.571 2473.7464800000002
194.83 2456.66298
195.831 2445.72088
196.832 2427.95298
197.834 2416.57778
198.871 2407.08418
199.872 2397.2349799999997
200.875 2397.53008
201.878 2391.9467799999998
202.88 2387.8535800000004
203.881 2383.2757800000004
204.884 2379.54088
205.885 2377.06008
206.888 2378.9128799999994
207.89 2381.08648
208.89 2384.64028
209.891 2391.80828
210.895 2393.17048
211.919 2422.0996800000007
212.923 2424.96068
213.923 2453.37578
214.925 2462.11498
215.928 2480.4687799999997
216.93 2511.46518
217.932 2528.24838
218.932 2544.85538
219.936 2564.11938
220.938 2579.7848800000006
221.94 2609.3971800000004
222.943 2630.6558800000007
224.179 2634.4888800000003
225.182 2654.3047800000004
226.186 2666.0207800000003
227.186 2675.82288
228.186 2684.18258
229.187 2687.8785800000005
230.187 2683.3583800000006
231.225 2672.27038
232.227 2663.34148
233.231 2658.33948
234.234 2637.3942100000004
235.234 2625.81541
236.234 2613.25511
237.241 2602.4671100000005
238.243 2592.6547100000003
239.245 2583.1340100000007
240.247 2576.5961100000004
241.441 2566.32801
242.445 2574.4467099999997
243.456 2579.3424099999997
244.457 2585.71631
245.46 2586.0273100000004
246.462 2594.31381
247.464 2602.88931
248.467 2610.60961
249.471 2620.1669100000004
250.477 2624.29521
251.479 2641.3597100000006
252.52 2650.9725100000005
253.529 2664.489130000001
254.536 2670.39063
255.537 2665.7623299999996
256.54 2665.81733
257.541 2675.25093
258.541 2678.4989299999997
259.624 2683.6509300000002
260.628 2692.2813300000003
261.636 2684.4565300000004
262.64 2694.1590300000007
263.756 2694.9994300000003
264.762 2700.0334300000004
265.763 2695.69443
266.764 2690.4357299999997
267.766 2686.68493
268.767 2683.6942299999996
269.768 2681.29173
270.773 2679.03023
271.78 2681.133329999999
272.782 2685.2377300000003
273.785 2687.1379300000003
274.786 2696.5271300000004
275.788 2701.2593300000003
276.881 2704.14493
277.884 2711.54083
278.886 2710.0285299999996
279.886 2713.6441299999997
281.129 2715.5194300000003
282.131 2721.16093
283.132 2716.4301299999997
284.136 2709.64463
285.205 2716.1212299999997
286.206 2716.0835300000003
287.207 2713.8691300000005
288.211 2712.55483
289.211 2711.71503
290.214 2710.0098299999995
291.218 2706.790429999999
292.219 2702.1004299999995
293.467 2696.0453299999995
294.47 2697.11713
295.596 2691.31613
296.601 2689.78112
297.606 2684.7209
298.612 2686.1697
299.613 2688.9472
