statrtup 0.126053 169923 169923 66 0
statrtup 0.130706 476157 476157 70 0
statrtup 0.135359 744505 744505 75 0
statrtup 0.140055 981057 981057 80 0
statrtup 0.144708 1191960 1191960 84 0
statrtup 0.189567 1699232 1699232 129 0
statrtup 0.196546 1587190 1699232 68 0
statrtup 0.203525 1845663 1845663 71 0
statrtup 0.210505 1748471 1845663 73 0
statrtup 0.215157 1657855 1845663 74 0
statrtup 0.222137 1576169 1845663 77 0
statrtup 0.231442 1807815 1845663 82 0
statrtup 0.239585 1888762 1888762 86 0
statrtup 0.24889 1935065 1935065 90 0
statrtup 0.280297 2221987 2221987 118 0
statrtup 0.291929 2188320 2221987 100 0
statrtup 0.298908 2188320 2221987 103 0
statrtup 0.305887 2253504 2253504 105 0
statrtup 0.312866 2253504 2253504 108 0
statrtup 0.319845 2253504 2253504 111 0
statrtup 0.326825 2310866 2310866 114 0
statrtup 0.333804 2265555 2310866 117 0
statrtup 0.340783 2265555 2310866 119 0
statrtup 0.350089 2275853 2310866 125 0
statrtup 0.359394 2275853 2310866 130 0
statrtup 0.367537 2304282 2310866 134 0
statrtup 0.376842 2284755 2310866 139 0
statrtup 0.381495 2367691 2367691 139 0
statrtup 0.395453 2299369 2367691 149 0
statrtup 0.400106 2370119 2370119 150 0
statrtup 0.444308 2185216 2370119 190 0
statrtup 0.458266 2139691 2370119 176 0
statrtup 0.474551 2085176 2370119 189 0
statrtup 0.483857 2100787 2370119 190 0
statrtup 0.491999 2088132 2370119 194 0
statrtup 0.503631 2078904 2370119 203 0
statrtup 0.505957 2127251 2370119 201 0
statrtup 0.517589 2078904 2370119 210 0
statrtup 0.529221 2032706 2370119 215 0
statrtup 0.540853 1988517 2370119 219 0
statrtup 0.547833 2027075 2370119 219 0
statrtup 0.554812 2027075 2370119 223 0
statrtup 0.566444 1985280 2370119 231 0
statrtup 0.582729 1925722 2370119 240 0
statrtup 0.599013 1869633 2370119 248 0
statrtup 0.614135 1816719 2370119 253 0
statrtup 0.628093 1783076 2370119 259 0
statrtup 0.632746 1783076 2370119 254 0
statrtup 0.65601 1719394 2370119 273 0
statrtup 0.660663 1719394 2370119 263 0
statrtup 0.722313 1611482 2370119 321 0
statrtup 0.736271 1611482 2370119 291 0
statrtup 0.752556 1611482 2370119 293 0
statrtup 0.761861 1611482 2370119 285 0
statrtup 0.767677 1625081 2370119 282 0
statrtup 0.781636 1611482 2370119 288 0
statrtup 0.783962 1611482 2370119 278 0
statrtup 0.795601 1571158 2370119 278 0
statrtup 0.79909 1591468 2370119 278 0
statrtup 0.807233 1571158 2370119 278 1400
statrtup 0.808396 1604730 2370119 278 0
statrtup 0.818865 1571158 2370119 278 0
statrtup 0.820028 1604730 2370119 278 0
statrtup 0.825844 1571158 2370119 278 0
statrtup 0.829333 1591468 2370119 278 0
statrtup 0.83166 1577760 2370119 278 0
statrtup 0.836313 1591468 2370119 278 0
statrtup 0.843292 1577760 2370119 278 0
statrtup 0.845618 1604730 2370119 278 0
statrtup 0.859577 1577760 2370119 278 0
statrtup 0.861903 1604730 2370119 278 0
statrtup 0.877025 1571158 2370119 278 0
statrtup 0.878188 1604730 2370119 278 0
statrtup 0.890983 1577760 2370119 278 0
statrtup 0.893309 1604730 2370119 278 0
statrtup 0.904941 1577760 2370119 278 0
statrtup 0.907268 1604730 2370119 278 0
statrtup 0.909594 1577760 2370119 278 0
statrtup 0.911921 1604730 2370119 278 0
statrtup 0.932858 1577760 2370119 278 0
statrtup 0.935185 1604730 2370119 278 0
statrtup 0.937511 1577760 2370119 278 0
statrtup 0.939837 1604730 2370119 278 0
statrtup 0.996834 1571195 2370119 278 0
statrtup 0.999161 1611482 2370119 278 0
statrtup 1.00847 1571195 2370119 278 0
statrtup 1.00963 1611482 2370119 278 0
statrtup 1.01777 1571195 2370119 278 0
statrtup 1.0201 1611482 2370119 278 0
statrtup 1.02242 1571195 2370119 278 0
statrtup 1.02475 1611482 2370119 278 0
statrtup 1.02591 1584454 2370119 278 0
statrtup 1.02708 1625081 2370119 278 0
statrtup 1.03755 1571195 2370119 278 0
statrtup 1.03871 1611482 2370119 278 0
statrtup 1.03987 1571195 2370119 278 0
statrtup 1.04336 1611482 2370119 278 0
statrtup 1.05267 1611445 2370119 278 0
statrtup 1.05616 1591468 2370119 278 0
drain 1.06429 1611445 2370119 278 1400
drain 1.07476 1611445 2370119 266 0
drain 1.08058 1611445 2370119 260 0
drain 1.08523 1618215 2370119 256 0
drain 1.09337 1618215 2370119 257 0
drain 1.10617 1618215 2370119 261 0
drain 1.12129 1611445 2370119 260 0
drain 1.13525 1618215 2370119 257 0
drain 1.14921 1618215 2370119 256 0
drain 1.15386 1618215 2370119 246 0
drain 1.17712 1618215 2370119 266 0
drain 1.18178 1618215 2370119 246 0
drain 1.26553 1631929 2370119 326 0
drain 1.276 1645876 2370119 276 0
drain 1.28646 1667332 2370119 276 0
drain 1.29112 1667332 2370119 271 0
drain 1.29461 1667332 2370119 270 0
drain 1.30624 1667332 2370119 278 0
drain 1.30857 1667332 2370119 269 0
drain 1.3202 1674581 2370119 277 0
drain 1.33183 1674540 2370119 275 0
drain 1.35509 1494094 2370119 277 0
drain 1.37487 1417198 2370119 269 0
drain 1.39697 1369402 2370119 263 0
drain 1.41907 1266922 2370119 259 0
drain 1.43768 1225459 2370119 249 0
drain 1.46211 1198582 2370119 247 0
drain 1.51678 1069845 2370119 273 0
drain 1.53772 1216687 2370119 267 0
drain 1.55633 908178 2370119 258 0
drain 1.59122 813316 2370119 266 0
drain 1.62496 813316 2370119 271 0
drain 1.65636 795752 2370119 275 0
drain 1.68428 760153 2370119 276 0
drain 1.71569 725167 2370119 279 0
drain 1.74593 710307 2370119 282 0
drain 1.78082 702818 2370119 289 0
drain 1.81107 677763 2370119 293 0
drain 1.83666 719149 2370119 290 0
drain 1.86574 723955 2370119 292 0
drain 1.89365 740662 2370119 292 0
drain 1.91925 761154 2370119 291 0
drain 1.94833 728842 2370119 291 0
drain 1.96113 734992 2370119 291 0
drain 1.97509 731757 2370119 291 1400
drain 1.99021 732198 2370119 291 0
drain 2.003 740645 2370119 291 0
drain 2.01812 740646 2370119 291 0
drain 2.03092 735857 2370119 291 0
drain 2.04255 755168 2370119 291 0
drain 2.05767 754464 2370119 291 0
drain 2.07279 677763 2370119 291 0
drain 2.08559 711651 2370119 291 0
drain 2.09955 739378 2370119 291 0
drain 2.10769 776347 2370119 291 0
drain 2.11816 774586 2370119 291 0
drain 2.13212 796048 2370119 291 0
drain 2.14259 707231 2370119 291 0
drain 2.15189 742592 2370119 291 0
drain 2.16236 739378 2370119 291 0
drain 2.17283 776347 2370119 291 0
drain 2.1833 739378 2370119 291 0
drain 2.1926 776347 2370119 291 0
drain 2.2054 813316 2370119 291 0
drain 2.20889 776347 2370119 291 0
drain 2.21005 848068 2370119 291 1400
drain 2.22168 843958 2370119 231 0
drain 2.25192 842823 2370119 233 0
drain 2.27984 767114 2370119 234 0
drain 2.30775 803188 2370119 234 0
drain 2.33567 803188 2370119 235 0
drain 2.36242 803188 2370119 234 0
drain 2.38685 844354 2370119 231 0
drain 2.41012 802137 2370119 227 0
drain 2.43222 811933 2370119 222 0
drain 2.46013 813316 2370119 222 0
drain 2.49619 825309 2370119 231 0
drain 2.52644 817523 2370119 233 0
drain 2.55086 829258 2370119 229 0
drain 2.57994 825309 2370119 231 0
drain 2.60902 806585 2370119 233 0
drain 2.63578 794112 2370119 232 0
drain 2.66253 778069 2370119 231 0
drain 2.69277 770288 2370119 234 0
drain 2.72069 722947 2370119 234 0
drain 2.74977 765473 2370119 236 0
drain 2.77652 765473 2370119 235 0
drain 2.80328 765473 2370119 235 0
drain 2.83352 798226 2370119 237 0
drain 2.85911 802384 2370119 235 0
drain 2.88819 794112 2370119 237 0
drain 2.91727 798226 2370119 238 0
drain 2.94868 787795 2370119 242 0
drain 2.97892 780698 2370119 244 0
drain 3.00451 791392 2370119 243 0
drain 3.02894 798686 2370119 239 0
drain 3.05802 791392 2370119 242 0
drain 3.08477 802384 2370119 240 0
drain 3.11385 791392 2370119 242 0
drain 3.14177 795022 1674581 242 0
drain 3.16969 798686 1674581 243 0
drain 3.1976 770509 1674581 243 0
drain 3.22319 813316 1674581 241 0
drain 3.25344 809883 1674581 244 0
drain 3.28252 795022 1674581 245 0
drain 3.31392 787795 1674581 249 0
drain 3.343 780698 1674581 251 0
drain 3.37092 784230 1674581 251 0
drain 3.40349 770288 1674581 256 0
drain 3.4442 713198 1674581 258 0
drain 3.48142 693953 1674581 256 0
drain 3.52097 635848 1674581 256 0
drain 3.55819 607659 1674581 255 0
drain 3.59891 581864 1674581 256 0
drain 3.63962 583552 1674581 258 0
drain 3.678 571188 1674581 258 0
drain 3.71639 576070 1674581 257 0
drain 3.75245 574639 1674581 254 0
drain 3.79083 581036 1674581 253 0
drain 3.83271 571188 1674581 256 0
drain 3.87342 571188 1674581 258 0
drain 3.91413 571188 1674581 260 0
drain 3.95136 573619 813316 258 0
drain 3.9909 571188 813316 258 0
drain 4.02929 566388 813316 258 0
drain 4.07117 559338 813316 261 0
drain 4.10955 566388 813316 261 0
drain 4.1491 568778 813316 262 0
drain 4.18749 573619 813316 261 0
drain 4.24913 490482 813316 284 0
drain 4.32707 405335 813316 281 0
drain 4.40617 321593 813316 280 0
drain 4.48526 300894 813316 279 0
drain 4.56436 279092 813316 278 0
drain 4.64695 279090 813316 279 0
drain 4.72605 239221 813316 279 0
drain 4.80514 279090 813316 278 0
drain 4.88192 279092 813316 273 0
drain 4.96334 279092 813316 275 0
drain 5.0436 279092 813316 275 0
drain 5.12386 277748 813316 275 0
drain 5.20296 279092 813316 273 0
drain 5.28206 279092 813316 273 0
drain 5.36348 279092 813316 274 0
drain 5.4449 277748 813316 275 0
drain 5.524 277748 813316 274 0
drain 5.60543 277748 813316 275 0
drain 5.68452 279092 813316 274 0
drain 5.76478 279090 813316 274 0
drain 5.84621 279090 813316 275 0
drain 5.92065 279092 813316 269 0
drain 5.99742 279092 573619 266 0
drain 6.0835 279092 573619 272 0
