0.0602339	60
0.149404	63
0.154056	67
0.158709	71
0.163362	75
0.165688	78
0.2233	89
0.233769	88
0.243074	88
0.25238	88
0.254706	88
0.257033	88
0.259359	88
0.261685	87
0.270991	87
0.341946	96
0.351252	99
0.361721	103
0.375679	108
0.380332	112
0.39429	116
0.398943	120
0.403596	124
0.405922	127
0.417554	130
0.424533	133
0.431513	137
0.443145	140
0.45245	144
0.461756	148
0.473388	153
0.482693	157
0.567607	171
0.575749	179
0.583892	186
0.596687	193
0.60134	199
0.612972	205
0.62693	212
0.631583	217
0.654847	224
0.6595	229
0.664153	233
0.671132	237
0.687417	242
0.699049	247
0.708354	251
0.721149	256
0.729292	259
0.738597	262
0.751393	265
0.760698	268
0.844449	279
0.852591	280
0.860733	280
0.874692	281
0.879345	281
0.889813	282
0.903772	282
0.908425	282
0.931689	284
0.936341	283
0.940994	283
0.949137	283
0.965421	284
0.977053	284
0.985196	284
0.995665	284
1.00264	283
1.01079	283
1.0166	282
1.02125	280
1.09454	287
1.10152	283
1.10733	279
1.11896	276
1.12362	272
1.13409	270
1.14804	268
1.1527	265
1.17596	265
1.18061	263
1.18527	261
1.19341	259
1.20969	259
1.22133	258
1.22947	257
1.26436	260
1.27134	261
1.27832	263
1.2853	264
1.28995	265
1.35742	274
1.37952	273
1.40627	271
1.43186	268
1.4656	266
1.52608	267
1.54818	267
1.55865	264
1.57261	263
1.5889	262
1.60402	262
1.61798	262
1.63077	262
1.64357	262
1.65753	262
1.67032	262
1.68312	263
1.69475	263
1.71103	264
1.72383	265
1.73779	266
1.75291	267
1.77152	269
1.78431	271
1.8099	272
1.82968	273
1.84364	274
1.85643	276
1.87388	277
1.88784	277
1.90063	278
1.91576	279
1.92855	280
1.94135	280
1.95414	280
1.9681	281
1.98089	281
1.99485	282
2.00765	282
2.01695	282
2.0251	282
2.04953	284
2.32288	280
2.33567	273
2.34847	268
2.3601	263
2.37057	258
2.3822	254
2.39267	250
2.40546	247
2.41826	244
2.42175	240
2.43338	237
2.44501	234
2.45548	232
2.46944	230
2.48223	228
2.49387	227
2.50782	225
2.52178	225
2.5369	224
2.5497	224
2.56133	224
2.57296	224
2.58576	224
2.59855	224
2.60902	224
2.62298	224
2.63578	224
2.64508	224
2.65904	224
2.66951	224
2.67998	224
2.69045	224
2.69975	224
2.71022	225
2.72185	225
2.73116	225
2.74395	226
2.75442	227
2.78001	227
2.7963	228
2.81375	228
2.82654	228
2.84283	228
2.85911	228
2.86958	228
2.88237	228
2.89633	229
2.9068	229
2.9196	229
2.93007	229
2.94286	229
2.95682	229
2.96729	229
2.97892	229
2.99172	229
3.00451	230
3.01731	230
3.03126	231
3.04406	231
3.05569	232
3.06849	232
3.08128	233
3.09757	233
3.10804	234
3.12083	234
3.13363	234
3.14758	235
3.16038	236
3.17085	236
3.18248	236
3.19528	236
3.20923	237
3.2197	237
3.2325	237
3.24646	238
3.25925	238
3.27205	239
3.28484	239
3.29764	239
3.31043	239
3.32323	240
3.34068	240
3.35231	240
3.3651	241
3.3779	241
3.38953	241
3.4	241
3.40698	241
3.42094	241
3.42792	241
3.44071	242
3.45351	242
3.46514	242
3.49073	243
3.50585	243
3.52097	242
3.53609	242
3.55121	242
3.5675	242
3.57681	242
3.5896	241
3.60123	241
3.61403	241
3.62799	241
3.63729	241
3.65009	241
3.66172	241
3.67219	240
3.69196	240
3.70592	240
3.73267	240
3.74896	240
3.76408	241
3.77804	241
3.79316	241
3.80828	241
3.82108	241
3.83271	241
3.84318	241
3.85714	241
3.87109	241
3.88156	241
3.8932	241
3.90599	241
3.91879	241
3.93507	242
3.95019	242
3.97578	242
3.99323	242
4.00835	243
4.02115	243
4.03627	243
4.05139	243
4.06419	243
4.07698	243
4.08629	243
4.09676	243
4.10606	243
4.11769	243
4.12816	244
4.14096	244
4.15259	244
4.18167	244
4.19795	245
4.22354	245
4.23983	245
4.25495	245
4.26658	245
4.28054	245
4.29566	245
4.30729	244
4.31893	244
4.33056	244
4.34103	243
4.35266	243
4.36429	242
4.37709	242
4.38872	242
4.40035	242
4.42361	242
4.4399	242
4.46665	242
4.48294	242
4.49573	242
4.50969	242
4.52132	242
4.53645	241
4.54808	241
4.55971	241
4.57018	241
4.58414	241
4.59577	241
4.60507	240
4.61787	240
4.63183	240
4.64346	240
4.66672	240
4.68301	241
4.70976	241
4.72372	241
4.73652	241
4.75047	241
4.76443	241
4.77723	241
4.78653	241
4.79584	241
4.80514	241
4.81561	241
4.82725	241
4.83888	241
4.84818	241
4.86098	241
4.88657	241
4.95054	241
4.96218	241
4.9773	241
4.98893	240
5.00289	240
5.01568	240
5.02732	239
5.03662	239
5.04942	238
5.06105	238
5.07268	238
5.08431	237
5.09711	237
5.11107	238
5.12502	238
5.19016	238
5.19947	238
5.21459	238
5.22855	238
5.24018	238
5.25298	237
5.26461	237
5.27624	237
5.28787	237
5.30067	237
5.3123	237
5.32393	237
5.33673	237
5.35069	237
5.36232	237
5.42746	237
5.43909	237
5.45188	237
5.46584	237
5.47747	237
5.48911	237
5.5019	237
5.51353	237
5.52517	237
5.53796	237
5.54727	237
5.55657	237
5.56588	236
5.57635	237
5.5903	237
5.60194	237
5.67871	237
5.69616	238
5.71011	238
5.72407	238
5.74152	237
5.75548	237
5.76711	236
5.77991	236
5.79154	236
5.80084	235
5.81597	234
5.8276	234
5.84156	234
5.85668	234
5.87064	235
5.91833	235
5.93229	235
5.94973	236
5.96137	236
5.98114	236
5.99277	236
6.0044	236
6.0172	236
6.03116	237
6.04046	236
6.05442	236
6.06722	237
6.07885	237
6.09513	237
6.11025	237
