0.0601875	60
0.141218	62
0.145871	65
0.150567	68
0.15522	71
0.159872	75
0.212831	84
0.217484	83
0.21981	82
0.225626	82
0.227953	81
0.234932	81
0.237258	81
0.244237	82
0.246564	83
0.322172	93
0.324498	95
0.329151	98
0.331477	100
0.334967	102
0.337293	104
0.345436	107
0.347762	108
0.352415	111
0.354741	113
0.362884	115
0.36521	117
0.369863	119
0.372189	121
0.382658	124
0.384985	126
0.389637	128
0.391964	130
0.531548	150
0.533874	157
0.536201	164
0.538527	170
0.54318	176
0.545506	181
0.548996	186
0.551322	190
0.555975	194
0.558301	198
0.561791	202
0.564117	205
0.571097	208
0.573423	211
0.576913	213
0.579239	215
0.586218	218
0.588545	220
0.592034	223
0.594361	225
0.602503	228
0.604829	229
0.608319	231
0.610645	233
0.617625	235
0.619951	237
0.622277	239
0.624604	241
0.635073	243
0.637399	245
0.640889	246
0.643215	248
0.645541	249
0.647868	250
0.650194	252
0.652521	253
0.809553	273
0.811885	274
1.16433	271
1.16665	267
1.16898	264
1.17131	262
1.17363	260
1.33299	278
1.33532	276
1.33765	275
1.33997	274
1.3423	273
1.34579	273
1.34811	272
1.35044	271
1.35277	270
1.35626	270
1.35975	269
1.36207	268
1.36556	267
1.36905	266
1.37138	264
1.3737	263
1.37719	262
1.38068	261
1.38301	260
1.3865	259
1.38883	258
1.39115	256
1.39348	255
1.39813	255
1.40046	253
1.40395	252
1.40744	251
1.40976	250
1.41209	250
1.41442	249
1.41674	249
1.57959	268
1.58192	266
1.58424	264
1.58657	262
1.59122	261
1.59355	260
1.59704	259
1.59937	259
1.60169	258
1.60518	257
1.60867	257
1.611	257
1.61449	256
1.61681	256
1.6203	256
1.62496	256
1.62728	256
1.62961	256
1.6331	256
1.63659	256
1.64008	256
1.6424	256
1.64589	256
1.64822	256
1.65171	256
1.6552	256
1.65869	257
1.66101	257
1.6645	257
1.66799	258
1.67148	258
1.67381	258
1.6773	259
1.8576	282
1.85993	281
2.18329	277
2.18562	273
2.18911	269
2.1926	266
2.19609	264
2.19841	262
2.33916	277
2.34265	270
2.34498	264
2.34963	259
2.35196	254
2.35545	250
2.35777	246
2.36242	243
2.36475	241
2.36824	238
2.37173	236
2.37522	234
2.37871	233
2.38104	231
2.38453	230
2.38918	229
2.3915	227
2.39499	226
2.39848	225
2.40197	224
2.4043	224
2.40779	223
2.41012	222
2.41477	222
2.41709	221
2.55784	221
2.56017	220
2.56482	220
2.56831	220
2.57064	220
2.57413	220
2.57645	220
2.58111	221
2.58343	221
2.58692	221
2.58925	221
2.5939	221
2.59623	221
2.59972	221
2.60204	221
2.6067	221
2.61019	221
2.61251	221
2.616	221
2.61949	221
2.62182	221
2.62531	221
2.62763	220
2.63112	220
2.63461	220
2.6381	220
2.78234	221
2.78467	221
2.78699	221
2.79165	221
2.79397	222
2.79746	222
2.79979	222
2.80328	223
2.80677	223
2.80909	223
2.81142	224
2.81607	224
2.8184	224
2.82189	224
2.82421	224
2.82887	224
2.83119	224
2.83352	224
2.83701	224
2.83934	224
2.84399	224
2.84632	224
2.84864	224
2.85213	224
2.85446	224
2.85795	224
2.86144	223
3.00916	224
3.01265	224
3.01614	225
3.01963	225
3.02196	226
3.02545	226
3.02894	226
3.03243	227
3.03475	228
3.03824	228
3.04057	228
3.04522	229
3.04755	229
3.05104	230
3.05337	230
3.05802	230
3.06034	230
3.06383	231
3.06616	231
3.06965	231
3.07314	231
3.07663	231
3.07896	231
3.08245	232
3.08477	232
3.08826	232
3.09175	232
3.24297	251
3.24529	249
3.24878	247
3.25111	246
3.2546	244
3.25809	243
3.26158	242
3.2639	241
3.26739	240
3.27088	240
3.27437	239
3.2767	239
3.28019	238
3.28368	238
3.28717	238
3.28949	237
3.29298	237
3.29531	237
3.29996	236
3.30229	236
3.30578	236
3.30811	237
3.31276	237
3.31509	237
3.31857	237
3.3209	237
3.32439	238
3.32788	238
3.4791	256
3.48142	254
3.48491	252
3.48724	251
3.49189	249
3.49422	248
3.49654	247
3.50003	246
3.50236	245
3.50469	244
3.50818	243
3.51167	242
3.51399	241
3.51748	241
3.51981	240
3.5233	240
3.52562	239
3.52911	239
3.5326	238
3.53493	238
3.53842	238
3.54075	237
3.54307	237
3.54773	237
3.55005	236
3.55354	236
3.55587	236
3.55819	236
3.56168	235
3.71523	235
3.71755	235
3.71988	235
3.72337	235
3.72686	235
3.72918	235
3.73151	235
3.735	235
3.73733	235
3.73965	235
3.74431	236
3.74663	236
3.75012	236
3.75245	237
3.75477	237
3.75826	237
3.76175	237
3.76524	237
3.76757	237
3.7699	237
3.77339	237
3.77571	237
3.7792	237
3.78269	238
3.78502	238
3.78851	238
3.79083	237
3.79432	238
3.79665	238
3.95136	257
3.95368	254
3.95601	252
3.9595	251
3.96182	249
3.96415	248
3.96648	246
3.96997	245
3.97229	244
3.97462	243
3.97811	242
3.9816	242
3.98393	241
3.98741	241
3.98974	240
3.99207	240
3.99556	239
3.99905	239
4.00254	239
4.00486	238
4.00719	238
4.01068	238
4.01301	238
4.01766	238
4.01998	238
4.02347	238
4.0258	238
4.02813	238
4.03162	237
4.03394	237
4.19214	238
4.19446	238
4.19679	238
4.20028	239
4.20261	239
4.20493	239
4.20726	239
4.20959	239
4.21191	239
4.21424	239
4.21889	240
4.22122	240
4.22471	240
4.22703	241
4.22936	241
4.23169	241
4.23518	241
4.2375	241
4.24099	241
4.24332	241
4.24565	241
4.24913	241
4.25146	241
4.25611	241
4.25844	241
4.26193	241
4.26426	241
4.26775	241
4.27007	241
4.2724	241
4.4271	260
4.42943	257
4.43176	255
4.43525	253
4.43757	251
4.44106	249
4.44339	248
4.44572	246
4.44804	245
4.45037	245
4.45386	244
4.45618	243
4.45967	242
4.462	242
4.46433	241
4.46782	241
4.47014	240
4.47247	240
4.47596	240
4.47829	239
4.48061	239
4.4841	239
4.48643	239
4.49108	239
4.49341	238
4.4969	238
4.49922	238
4.50271	238
4.50504	238
4.50737	238
4.66207	257
4.6644	254
4.66789	252
4.67021	250
4.67254	249
4.67603	247
4.67836	246
4.68068	245
4.68417	244
4.6865	243
4.68882	243
4.69115	242
4.69464	241
4.69697	241
4.69929	240
4.70278	240
4.70511	240
4.70744	239
4.71093	239
4.71325	239
4.71558	239
4.71907	239
4.72139	238
4.72488	238
4.72721	238
4.73186	238
4.73419	238
4.73768	238
4.74001	238
4.74233	238
4.89936	257
4.90169	255
4.90402	253
4.90634	251
4.90867	249
4.911	248
4.91332	246
4.91565	245
4.91797	244
4.9203	243
4.92263	242
4.92495	241
4.92728	240
4.92961	240
4.9331	239
4.93542	239
4.93775	238
4.94008	238
4.94357	238
4.94589	237
4.94822	237
4.95171	237
4.95403	236
4.95636	236
4.95985	236
4.96334	236
4.96567	236
4.97032	236
4.97265	235
4.97497	235
5.132	254
5.13433	252
5.13666	250
5.13898	248
5.14131	246
5.14364	245
5.14596	243
5.14829	242
5.15061	241
5.15294	240
5.15527	240
5.15759	239
5.15992	238
5.16225	238
5.16457	238
5.1669	237
5.16923	236
5.17272	236
5.17504	236
5.17737	236
5.17969	235
5.18318	235
5.18551	235
5.18784	235
5.19133	235
5.19482	235
5.19714	235
5.20063	235
5.20296	234
5.20529	234
5.36348	253
5.36581	251
5.36813	249
5.37162	247
5.37395	245
5.37628	244
5.3786	243
5.38093	242
5.38325	241
5.38558	240
5.38791	239
5.39023	239
5.39256	238
5.39489	238
5.39721	237
5.39954	237
5.40187	237
5.40419	236
5.40652	236
5.40885	236
5.41233	235
5.41466	235
5.41699	235
5.41931	235
5.4228	235
5.42513	235
5.42862	234
5.43095	234
5.43444	234
5.43676	234
5.59728	254
5.59961	251
5.6031	250
5.60543	248
5.60775	246
5.61008	245
5.61241	244
5.61589	243
5.61822	242
5.62055	242
5.62287	241
5.6252	241
5.62753	240
5.62985	240
5.63218	239
5.63451	239
5.63683	239
5.63916	239
5.64149	238
5.64381	238
5.64614	238
5.64846	238
5.65079	237
5.65312	237
5.65661	237
5.65893	237
5.66126	237
5.66359	237
5.66591	236
5.66824	236
5.82294	255
5.82527	251
5.82876	248
5.83109	246
5.83458	244
5.8369	242
5.83923	240
5.84272	239
5.84505	238
5.84853	237
5.85202	236
5.85435	235
5.85784	235
5.86017	235
5.86249	234
5.86598	234
5.86831	234
5.8718	234
5.87413	234
5.87645	234
5.87878	234
5.8811	234
5.88343	234
5.88576	234
5.88808	234
5.89041	234
5.89274	234
5.89623	234
5.89855	234
5.90088	234
6.05209	253
6.05558	250
6.05907	248
6.06256	246
6.06489	245
6.06838	243
6.07071	242
6.0742	241
6.07652	240
6.08001	239
6.08234	239
6.08466	238
6.08815	237
6.09048	237
6.09281	236
6.0963	236
6.09979	235
6.10328	235
6.1056	235
6.10793	235
6.11142	235
6.11374	235
6.11607	235
6.1184	235
6.12072	235
6.12305	235
6.12538	235
6.1277	235
6.13003	234
6.13236	234
