0.0602339	1
0.0602339	2
0.0602339	3
0.0602339	4
0.0602339	5
0.0602339	6
0.0602339	7
0.0602339	8
0.0602339	9
0.0641552	10
0.149404	9
0.149404	10
0.151609	11
0.154056	9
0.154056	10
0.156262	11
0.158468	12
0.158709	10
0.160674	11
0.162879	12
0.163362	10
0.165085	11
0.165688	9
0.167291	10
0.169497	11
0.171703	12
0.173908	13
0.176114	14
0.17832	15
0.180526	16
0.182731	17
0.184937	18
0.187143	19
0.2233	17
0.2233	18
0.225505	19
0.227711	20
0.229917	21
0.233769	19
0.233769	20
0.235974	21
0.23818	22
0.240386	23
0.243074	21
0.243074	22
0.24528	23
0.247486	24
0.249691	25
0.25238	23
0.25238	24
0.254585	25
0.254706	23
0.256791	24
0.257033	22
0.258997	23
0.259359	21
0.261203	22
0.261685	20
0.263409	21
0.265614	22
0.26782	23
0.270026	24
0.270991	22
0.272232	23
0.274314	24
0.276396	25
0.278479	26
0.280561	27
0.282644	28
0.284726	29
0.286808	30
0.288891	31
0.290973	32
0.293056	33
0.295138	34
0.29722	35
0.341946	33
0.341946	34
0.344029	35
0.346111	36
0.348193	37
0.351252	35
0.351252	36
0.353334	37
0.355416	38
0.357499	39
0.361721	37
0.361721	38
0.363803	39
0.365885	40
0.367968	41
0.375679	39
0.375679	40
0.377761	41
0.380332	39
0.380332	40
0.382414	41
0.39429	39
0.39429	40
0.396373	41
0.398943	39
0.398943	40
0.401025	41
0.403596	39
0.403596	40
0.405678	41
0.405922	39
0.40776	40
0.409843	41
0.417554	39
0.417554	40
0.419637	41
0.424533	39
0.424533	40
0.426616	41
0.431513	39
0.431513	40
0.433595	41
0.443145	39
0.443145	40
0.445227	41
0.45245	39
0.45245	40
0.454533	41
0.461756	39
0.461756	40
0.463838	41
0.473388	39
0.473388	40
0.47547	41
0.482693	39
0.482693	40
0.484776	41
0.567607	39
0.567607	40
0.569689	41
0.575749	39
0.575749	40
0.577832	41
0.583892	39
0.583892	40
0.585974	41
0.596687	39
0.596687	40
0.598769	41
0.60134	39
0.60134	40
0.603422	41
0.612972	39
0.612972	40
0.615054	41
0.62693	39
0.62693	40
0.629013	41
0.631583	39
0.631583	40
0.633665	41
0.654847	39
0.654847	40
0.656929	41
0.6595	39
0.6595	40
0.661582	41
0.664153	39
0.664153	40
0.666235	41
0.671132	39
0.671132	40
0.673214	41
0.687417	39
0.687417	40
0.689499	41
0.699049	39
0.699049	40
0.701131	41
0.708354	39
0.708354	40
0.710437	41
0.721149	39
0.721149	40
0.723232	41
0.729292	39
0.729292	40
0.731374	41
0.738597	39
0.738597	40
0.74068	41
0.751393	39
0.751393	40
0.753475	41
0.760698	39
0.760698	40
0.762781	41
0.844449	39
0.844449	40
0.846531	41
0.852591	39
0.852591	40
0.854673	41
0.860733	39
0.860733	40
0.862816	41
0.874692	39
0.874692	40
0.876774	41
0.879345	39
0.879345	40
0.881427	41
0.889813	39
0.889813	40
0.891896	41
0.903772	39
0.903772	40
0.905854	41
0.908425	39
0.908425	40
0.910507	41
0.931689	39
0.931689	40
0.933771	41
0.936341	39
0.936341	40
0.938424	41
0.940994	39
0.940994	40
0.943077	41
0.949137	39
0.949137	40
0.951219	41
0.965421	39
0.965421	40
0.967504	41
0.977053	39
0.977053	40
0.979136	41
0.985196	39
0.985196	40
0.987278	41
0.995665	39
0.995665	40
0.997747	41
1.00264	39
1.00264	40
1.00473	41
1.01079	39
1.01079	40
1.01287	41
1.0166	39
1.0166	40
1.01868	41
1.02125	39
1.02125	40
1.02334	41
1.09454	39
1.09454	40
1.10152	38
1.10733	36
1.11187	37
1.11896	35
1.12362	33
1.1292	34
1.13409	32
1.14653	33
1.14804	31
1.1527	29
1.16387	30
1.17596	28
1.18061	26
1.1812	27
1.18527	25
1.19341	23
1.19853	24
1.20969	22
1.21586	23
1.22133	21
1.22947	19
1.23319	20
1.25053	21
1.26436	19
1.26786	20
1.27134	18
1.27832	16
1.28519	17
1.2853	15
1.28995	13
1.30252	14
1.30853	15
1.31454	16
1.32055	17
1.32655	18
1.33256	19
1.33857	20
1.34458	21
1.35058	22
1.35659	23
1.35742	21
1.3626	22
1.36861	23
1.37462	24
1.37952	22
1.38062	23
1.38663	24
1.39264	25
1.39865	26
1.40465	27
1.40627	25
1.41066	26
1.41667	27
1.42268	28
1.42868	29
1.43186	27
1.43469	28
1.4407	29
1.44671	30
1.45272	31
1.45872	32
1.46473	33
1.4656	31
1.47074	32
1.47675	33
1.48275	34
1.48876	35
1.49477	36
1.50078	37
1.50679	38
1.52608	36
1.52608	37
1.53209	38
1.54818	36
1.54818	37
1.55419	38
1.55865	36
1.5602	37
1.56621	38
1.57261	36
1.57261	37
1.57862	38
1.5889	36
1.5889	37
1.5949	38
1.60402	36
1.60402	37
1.61003	38
1.61798	36
1.61798	37
1.62398	38
1.63077	36
1.63077	37
1.63678	38
1.64357	36
1.64357	37
1.64957	38
1.65753	36
1.65753	37
1.66353	38
1.67032	36
1.67032	37
1.67633	38
1.68312	36
1.68312	37
1.68912	38
1.69475	36
1.69513	37
1.70114	38
1.71103	36
1.71103	37
1.71704	38
1.72383	36
1.72383	37
1.72863	38
1.73344	39
1.73779	37
1.73825	38
1.74305	39
1.74786	40
1.75291	38
1.75291	39
1.75771	40
1.77152	38
1.77152	39
1.77633	40
1.78431	38
1.78431	39
1.78912	40
1.8099	38
1.82968	36
1.82968	37
1.83769	38
1.84364	36
1.8457	37
1.85371	38
1.85643	36
1.86172	37
1.86973	38
1.87388	36
1.87774	37
1.88575	38
1.88784	36
1.89376	37
1.90063	35
1.90177	36
1.90778	37
1.91379	38
1.91576	36
1.91979	37
1.9258	38
1.92855	36
1.93181	37
1.93782	38
1.94135	36
1.94383	37
1.94983	38
1.95414	36
1.95584	37
1.96185	38
1.9681	36
1.9681	37
1.97411	38
1.98089	36
1.98089	37
1.9869	38
1.99485	36
1.99485	37
2.00086	38
2.00765	36
2.00765	37
2.01366	38
2.01695	36
2.01966	37
2.0251	35
2.02567	36
2.03168	37
2.03769	38
2.04953	36
2.04953	37
2.05535	36
2.05554	37
2.06155	38
2.06233	36
2.06233	37
2.06814	36
2.06814	37
2.10071	36
2.10071	37
2.10769	36
2.10769	37
2.11234	36
2.1137	37
2.11816	36
2.11971	37
2.1263	36
2.1263	37
2.13212	36
2.13231	37
2.1391	36
2.1391	37
2.14375	36
2.1451	37
2.14957	36
2.15111	37
2.15422	36
2.15712	37
2.16003	36
2.16313	37
2.16469	36
2.16914	37
2.1705	36
2.17399	35
2.17514	36
2.17748	35
2.18097	34
2.18115	35
2.18716	36
2.18795	35
2.19317	36
2.19377	35
2.19917	36
2.19958	35
2.20307	34
2.20424	33
2.20518	34
2.20656	33
2.20773	32
2.20889	31
2.21119	32
2.21238	31
2.21703	30
2.2172	31
2.22285	30
2.2232	31
2.22866	30
2.22921	31
2.23448	30
2.23522	31
2.23913	30
2.24123	31
2.24611	30
2.24724	31
2.25193	30
2.25324	31
2.25925	32
2.26472	31
2.26526	32
2.27054	31
2.27127	32
2.27727	33
2.27752	32
2.27867	31
2.28328	32
2.28929	33
2.2953	34
2.3013	35
2.30731	36
2.31332	37
2.31933	38
2.32288	36
2.32534	37
2.33134	38
2.33567	36
2.33735	37
2.34336	38
2.34847	36
2.34937	37
2.35537	38
2.3601	36
2.36138	37
2.36739	38
2.37057	36
2.3734	37
2.3794	38
2.3822	36
2.38541	37
2.39142	38
2.39267	36
2.39743	37
2.40344	38
2.40546	36
2.40944	37
2.41545	38
2.41826	36
2.42146	37
2.42175	35
2.42747	36
2.43338	34
2.43347	35
2.43948	36
2.44501	34
2.44549	35
2.4503	36
2.4551	37
2.45548	35
2.45991	36
2.46471	37
2.46944	35
2.46952	36
2.47433	37
2.47913	38
2.48223	36
2.48394	37
2.48874	38
2.49355	39
2.49387	37
2.49836	38
2.50316	39
2.50782	37
2.50797	38
2.51278	39
2.51758	40
2.52178	38
2.52239	39
2.52719	40
2.5369	38
2.5497	36
2.5497	37
2.55771	38
2.56133	36
2.56572	37
2.57296	35
2.57372	36
2.58167	37
2.58576	35
2.58963	36
2.59759	37
2.59855	35
2.60554	36
2.60902	34
2.6135	35
2.62146	36
2.62298	34
2.62941	35
2.63538	36
2.63578	34
2.64135	35
2.64508	33
2.64732	34
2.65328	35
2.65904	33
2.65925	34
2.66522	35
2.66951	33
2.67119	34
2.67715	35
2.67998	33
2.68312	34
2.68909	35
2.69045	33
2.69506	34
2.69975	32
2.70103	33
2.70699	34
2.71022	32
2.71296	33
2.71893	34
2.72185	32
2.7249	33
2.73086	34
2.73116	32
2.73683	33
2.7428	34
2.74395	32
2.74877	33
2.75442	31
2.75473	32
2.76069	33
2.76665	34
2.77262	35
2.77858	36
2.78001	34
2.78454	35
2.79051	36
2.7963	34
2.79647	35
2.80243	36
2.80839	37
2.81375	35
2.81436	36
2.82032	37
2.82628	38
2.82654	36
2.83225	37
2.83821	38
2.84283	36
2.84417	37
2.85013	38
2.85911	36
2.85911	37
2.86507	38
2.86958	36
2.87104	37
2.877	38
2.88237	36
2.88296	37
2.88893	38
2.89633	36
2.89633	37
2.9023	38
2.9068	36
2.90826	37
2.91422	38
2.9196	36
2.92018	37
2.92615	38
2.93007	36
2.93211	37
2.93807	38
2.94286	36
2.94404	37
2.95	38
2.95682	36
2.95682	37
2.96278	38
2.96729	36
2.96875	37
2.97471	38
2.97892	36
2.98067	37
2.98663	38
2.99172	36
2.9926	37
2.99856	38
3.00451	36
3.00452	37
3.01049	38
3.01731	36
3.01731	37
3.02327	38
3.03126	36
3.03126	37
3.03723	38
3.04406	36
3.04406	37
3.05002	38
3.05569	36
3.05599	37
3.06195	38
3.06849	36
3.06849	37
3.07445	38
3.08128	36
3.08128	37
3.08724	38
3.09757	36
3.09757	37
3.10353	38
3.10804	36
3.10949	37
3.11546	38
3.12083	36
3.12142	37
3.12738	38
3.13363	36
3.13363	37
3.13959	38
3.14758	36
3.14758	37
3.15235	38
3.15713	39
3.16038	37
3.1619	38
3.16667	39
3.17085	37
3.17144	38
3.17621	39
3.18098	40
3.18248	38
3.18575	39
3.19052	40
3.19528	38
3.19529	39
3.20006	40
3.20923	38
3.20923	39
3.214	40
3.2197	38
3.2197	39
3.22447	40
3.2325	38
3.24646	36
3.24646	37
3.25441	38
3.25925	36
3.26236	37
3.27031	38
3.27205	36
3.27826	37
3.28484	35
3.28621	36
3.29416	37
3.29764	35
3.30211	36
3.31006	37
3.31043	35
3.31801	36
3.32323	34
3.32596	35
3.33192	36
3.33789	37
3.34068	35
3.34385	36
3.34981	37
3.35231	35
3.35578	36
3.36174	37
3.3651	35
3.3677	36
3.37366	37
3.3779	35
3.37963	36
3.38559	37
3.38953	35
3.39155	36
3.39752	37
3.4	35
3.40348	36
3.40698	34
3.40944	35
3.4154	36
3.42094	34
3.42137	35
3.42733	36
3.42792	34
3.43329	35
3.43926	36
3.44071	34
3.45351	32
3.45351	33
3.45947	34
3.46514	32
3.46543	33
3.47139	34
3.49073	32
3.49073	33
3.49669	34
3.50585	32
3.50585	33
3.51181	34
3.52097	32
3.52097	33
3.52693	34
3.53609	32
3.53609	33
3.54206	34
3.55121	32
3.55121	33
3.55718	34
3.5675	32
3.5675	33
3.57346	34
3.57681	32
3.57943	33
3.58539	34
3.5896	32
3.59135	33
3.59731	34
3.60123	32
3.60328	33
3.60924	34
3.61403	32
3.6152	33
3.62117	34
3.62799	32
3.62799	33
3.63395	34
3.63729	32
3.63991	33
3.64587	34
3.65009	32
3.65184	33
3.6578	34
3.66172	32
3.66376	33
3.66973	34
3.67219	32
3.67569	33
3.68165	34
3.69196	32
3.69196	33
3.69792	34
3.70592	32
3.70592	33
3.71188	34
3.73267	32
3.73267	33
3.73864	34
3.74896	32
3.74896	33
3.75492	34
3.76408	32
3.76408	33
3.77004	34
3.77804	32
3.77804	33
3.784	34
3.79316	32
3.79316	33
3.79912	34
3.80828	32
3.80828	33
3.81424	34
3.82108	32
3.82108	33
3.82704	34
3.83271	32
3.833	33
3.83777	34
3.84254	35
3.84318	33
3.84731	34
3.85208	35
3.85685	36
3.85714	34
3.86162	35
3.8664	36
3.87109	34
3.87117	35
3.87594	36
3.88156	34
3.88156	35
3.88633	36
3.8932	34
3.8932	35
3.89797	36
3.90599	34
3.90599	35
3.91076	36
3.91879	34
3.93507	32
3.93507	33
3.94302	34
3.95019	32
3.95097	33
3.95892	34
3.97578	32
3.97578	33
3.98373	34
3.99323	32
3.99323	33
4.00118	34
4.00835	32
4.00913	33
4.01509	34
4.02115	32
4.02115	33
4.02711	34
4.03627	32
4.03627	33
4.04223	34
4.05139	32
4.05139	33
4.05735	34
4.06419	32
4.06419	33
4.07015	34
4.07698	32
4.07698	33
4.08294	34
4.08629	32
4.08891	33
4.09487	34
4.09676	32
4.10083	33
4.10606	31
4.1068	32
4.11276	33
4.11769	31
4.11872	32
4.12468	33
4.12816	31
4.13065	32
4.13661	33
4.14096	31
4.14257	32
4.14854	33
4.15259	31
4.1545	32
4.16046	33
4.16642	34
4.18167	32
4.18167	33
4.18763	34
4.19795	32
4.19795	33
4.20392	34
4.22354	32
4.22354	33
4.22951	34
4.23983	32
4.23983	33
4.24579	34
4.25495	32
4.25495	33
4.26091	34
4.26658	32
4.26688	33
4.27284	34
4.28054	32
4.28054	33
4.2865	34
4.29566	32
4.29566	33
4.30163	34
4.30729	32
4.30759	33
4.31355	34
4.31893	32
4.31951	33
4.32548	34
4.33056	32
4.33144	33
4.3374	34
4.34103	32
4.34337	33
4.34933	34
4.35266	32
4.35529	33
4.36125	34
4.36429	32
4.36722	33
4.37318	34
4.37709	32
4.37914	33
4.38511	34
4.38872	32
4.39107	33
4.39703	34
4.40035	32
4.40299	33
4.40896	34
4.42361	32
4.42361	33
4.42958	34
4.4399	32
4.4399	33
4.44586	34
4.46665	32
4.46665	33
4.47262	34
4.48294	32
4.48294	33
4.4889	34
4.49573	32
4.49573	33
4.5017	34
4.50969	32
4.50969	33
4.51565	34
4.52132	32
4.52162	33
4.52758	34
4.53645	32
4.53645	33
4.54122	34
4.54599	35
4.54808	33
4.55076	34
4.55553	35
4.55971	33
4.5603	34
4.56507	35
4.56984	36
4.57018	34
4.57461	35
4.57938	36
4.58414	34
4.58415	35
4.58892	36
4.59577	34
4.59577	35
4.60054	36
4.60507	34
4.60531	35
4.61008	36
4.61787	34
4.61787	35
4.62264	36
4.63183	34
4.64346	32
4.64346	33
4.65141	34
4.66672	32
4.68301	30
4.70976	28
4.70976	29
4.71771	30
4.72372	28
4.72566	29
4.73163	30
4.73652	28
4.73759	29
4.74355	30
4.75047	28
4.75047	29
4.75644	30
4.76443	28
4.76443	29
4.7704	30
4.77723	28
4.77723	29
4.78319	30
4.78653	28
4.78915	29
4.79512	30
4.79584	28
4.80108	29
4.80514	27
4.80704	28
4.813	29
4.81561	27
4.81897	28
4.82493	29
4.82725	27
4.83089	28
4.83686	29
4.83888	27
4.84282	28
4.84818	26
4.84878	27
4.85475	28
4.86071	29
4.86098	27
4.86667	28
4.87263	29
4.8786	30
4.88657	28
4.88657	29
4.89253	30
4.95054	28
4.95054	29
4.95651	30
4.96218	28
4.96247	29
4.96843	30
4.9773	28
4.9773	29
4.98326	30
4.98893	28
4.98922	29
4.99519	30
5.00289	28
5.00289	29
5.00885	30
5.01568	28
5.01568	29
5.02165	30
5.02732	28
5.02761	29
5.03357	30
5.03662	28
5.03954	29
5.0455	30
5.04942	28
5.05146	29
5.05742	30
5.06105	28
5.06339	29
5.06935	30
5.07268	28
5.07531	29
5.08128	30
5.08431	28
5.08724	29
5.0932	30
5.09711	28
5.09916	29
5.10513	30
5.11107	28
5.11109	29
5.11705	30
5.12502	28
5.12502	29
5.13099	30
5.19016	28
5.19016	29
5.19613	30
5.19947	28
5.20209	29
5.20805	30
5.21459	28
5.21459	29
5.22055	30
5.22855	28
5.22855	29
5.23451	30
5.24018	28
5.24048	29
5.24644	30
5.25298	28
5.25298	29
5.25894	30
5.26461	28
5.2649	29
5.27087	30
5.27624	28
5.27683	29
5.28279	30
5.28787	28
5.28875	29
5.29472	30
5.30067	28
5.30068	29
5.30545	30
5.31022	31
5.3123	29
5.31499	30
5.31976	31
5.32393	29
5.32453	30
5.3293	31
5.33407	32
5.33673	30
5.33884	31
5.34361	32
5.35069	30
5.35069	31
5.35546	32
5.36232	30
5.36232	31
5.36709	32
5.42746	30
5.43909	28
5.43909	29
5.44731	30
5.45188	28
5.45554	29
5.46376	30
5.46584	28
5.47199	29
5.47747	27
5.48021	28
5.48844	29
5.48911	27
5.49666	28
5.5019	26
5.50489	27
5.51311	28
5.51353	26
5.52134	27
5.52517	25
5.5275	26
5.53367	27
5.53796	25
5.53984	26
5.54601	27
5.54727	25
5.55218	26
5.55657	24
5.55835	25
5.56451	26
5.56588	24
5.57068	25
5.57635	23
5.57685	24
5.58302	25
5.58919	26
5.5903	24
5.59536	25
5.60153	26
5.60194	24
5.60769	25
5.61386	26
5.62003	27
5.6262	28
5.63237	29
5.63854	30
5.67871	28
5.67871	29
5.68488	30
5.69616	28
5.69616	29
5.70232	30
5.71011	28
5.71011	29
5.71628	30
5.72407	28
5.72407	29
5.73024	30
5.74152	28
5.74152	29
5.74769	30
5.75548	28
5.75548	29
5.76165	30
5.76711	28
5.76782	29
5.77398	30
5.77991	28
5.78015	29
5.78632	30
5.79154	28
5.79249	29
5.79866	30
5.80084	28
5.80483	29
5.811	30
5.81597	28
5.81716	29
5.82333	30
5.8276	28
5.8295	29
5.83567	30
5.84156	28
5.84184	29
5.84801	30
5.85668	28
5.85668	29
5.86285	30
5.87064	28
5.87064	29
5.8768	30
5.91833	28
5.91833	29
5.9245	30
5.93229	28
5.93229	29
5.93845	30
5.94973	28
5.94973	29
5.9559	30
5.96137	28
5.96207	29
5.96824	30
5.98114	28
5.98114	29
5.98731	30
5.99277	28
5.99348	29
5.99965	30
6.0044	28
6.00581	29
6.01198	30
6.0172	28
6.01815	29
6.02432	30
6.03116	28
6.03116	29
6.03733	30
6.04046	28
6.04349	29
6.04966	30
6.05442	28
6.05583	29
6.06077	30
6.0657	31
6.06722	29
6.07064	30
6.07557	31
6.07885	29
6.08051	30
6.08544	31
6.09037	32
6.09513	30
6.09531	31
6.10024	32
6.11025	30
6.11025	31
6.11519	32
