0.0600947	1
0.0600947	2
0.0600947	3
0.0600947	4
0.0600947	5
0.0600947	6
0.0600947	7
0.0600947	8
0.0600947	9
0.0600947	10
0.121357	9
0.121357	10
0.121357	11
0.123684	9
0.123684	10
0.123684	11
0.123684	12
0.123684	13
0.127216	11
0.127216	12
0.127216	13
0.127216	14
0.127216	15
0.131869	13
0.131869	14
0.131869	15
0.131869	16
0.131869	17
0.136522	15
0.136522	16
0.136522	17
0.136522	18
0.136522	19
0.182588	17
0.182588	18
0.182588	19
0.182588	20
0.182588	21
0.184914	19
0.184914	20
0.184914	21
0.184914	22
0.184914	23
0.187241	21
0.187241	22
0.187241	23
0.187241	24
0.187241	25
0.19073	23
0.19073	24
0.19073	25
0.19073	26
0.19073	27
0.193057	25
0.193057	26
0.193057	27
0.193057	28
0.193057	29
0.197709	27
0.197709	28
0.197709	29
0.197709	30
0.197709	31
0.200036	29
0.200036	30
0.200036	31
0.200036	32
0.200036	33
0.204689	31
0.204689	32
0.204689	33
0.204689	34
0.204689	35
0.207015	33
0.207015	34
0.207015	35
0.207015	36
0.207015	37
0.262849	35
0.262849	36
0.262849	37
0.262849	38
0.262849	39
0.265175	37
0.265175	38
0.265175	39
0.265175	40
0.265175	41
0.268665	39
0.268665	40
0.268665	41
0.268665	42
0.268665	43
0.272154	41
0.272154	42
0.272154	43
0.272154	44
0.272154	45
0.275644	43
0.275644	44
0.275644	45
0.275644	46
0.275644	47
0.27797	45
0.27797	46
0.27797	47
0.27797	48
0.27797	49
0.28146	47
0.28146	48
0.28146	49
0.28146	50
0.28146	51
0.283786	49
0.283786	50
0.283786	51
0.283786	52
0.283786	53
0.287276	51
0.287276	52
0.287276	53
0.287276	54
0.287276	55
0.289602	53
0.289602	54
0.289602	55
0.289602	56
0.289602	57
0.294255	55
0.294255	56
0.294255	57
0.294255	58
0.294255	59
0.296581	57
0.296581	58
0.296581	59
0.296581	60
0.296581	61
0.300071	59
0.300071	60
0.300071	61
0.300071	62
0.300071	63
0.302397	61
0.302397	62
0.302397	63
0.302397	64
0.302397	65
0.308213	63
0.308213	64
0.308213	65
0.308213	66
0.308213	67
0.31054	65
0.31054	66
0.31054	67
0.31054	68
0.31054	69
0.314029	67
0.314029	68
0.314029	69
0.314029	70
0.314029	71
0.316356	69
0.316356	70
0.316356	71
0.316356	72
0.316356	73
0.407085	71
0.407085	72
0.407085	73
0.407085	74
0.407085	75
0.409412	73
0.409412	74
0.409412	75
0.409412	76
0.409412	77
0.412901	75
0.412901	76
0.412901	77
0.412901	78
0.412901	79
0.415228	77
0.415228	78
0.415228	79
0.415228	80
0.415228	81
0.419881	79
0.419881	80
0.419881	81
0.419881	82
0.419881	83
0.422207	81
0.422207	82
0.422207	83
0.422207	84
0.422207	85
0.425697	83
0.425697	84
0.425697	85
0.425697	86
0.425697	87
0.428023	85
0.428023	86
0.428023	87
0.428023	88
0.428023	89
0.432676	87
0.432676	88
0.432676	89
0.432676	90
0.432676	91
0.435002	89
0.435002	90
0.435002	91
0.435002	92
0.435002	93
0.438492	91
0.438492	92
0.438492	93
0.438492	94
0.438492	95
0.440818	93
0.440818	94
0.440818	95
0.440818	96
0.440818	97
0.446634	95
0.446634	96
0.446634	97
0.446634	98
0.446634	99
0.448961	97
0.448961	98
0.448961	99
0.448961	100
0.448961	101
0.453613	99
0.453613	100
0.453613	101
0.453613	102
0.453613	103
0.45594	101
0.45594	102
0.45594	103
0.45594	104
0.45594	105
0.462919	103
0.462919	104
0.462919	105
0.462919	106
0.462919	107
0.465245	105
0.465245	106
0.465245	107
0.465245	108
0.465245	109
0.468735	107
0.468735	108
0.468735	109
0.468735	110
0.468735	111
0.471061	109
0.471061	110
0.471061	111
0.471061	112
0.471061	113
0.478041	111
0.478041	112
0.478041	113
0.478041	114
0.478041	115
0.480367	113
0.480367	114
0.480367	115
0.480367	116
0.480367	117
0.48502	115
0.48502	116
0.48502	117
0.48502	118
0.48502	119
0.487346	117
0.487346	118
0.487346	119
0.487346	120
0.487346	121
0.493162	119
0.493162	120
0.493162	121
0.493162	122
0.493162	123
0.495489	121
0.495489	122
0.495489	123
0.495489	124
0.495489	125
0.498978	123
0.498978	124
0.498978	125
0.498978	126
0.498978	127
0.501305	125
0.501305	126
0.501305	127
0.501305	128
0.501305	129
0.508284	127
0.508284	128
0.508284	129
0.508284	130
0.508284	131
0.51061	129
0.51061	130
0.51061	131
0.51061	132
0.51061	133
0.512937	131
0.512937	132
0.512937	133
0.512937	134
0.512937	135
0.515263	133
0.515263	134
0.515263	135
0.515263	136
0.515263	137
0.518753	135
0.518753	136
0.518753	137
0.518753	138
0.518753	139
0.521079	137
0.521079	138
0.521079	139
0.521079	140
0.521079	141
0.524569	139
0.524569	140
0.524569	141
0.524569	142
0.524569	143
0.526895	141
0.526895	142
0.526895	143
0.526895	144
0.526895	145
0.666479	143
0.666479	144
0.666479	145
0.666479	146
0.666479	147
0.668805	145
0.668805	146
0.668805	147
0.668805	148
0.668805	149
0.672295	147
0.672295	148
0.672295	149
0.672295	150
0.672295	151
0.674621	149
0.674621	150
0.674621	151
0.674621	152
0.674621	153
0.678111	151
0.678111	152
0.678111	153
0.678111	154
0.678111	155
0.680437	153
0.680437	154
0.680437	155
0.680437	156
0.680437	157
0.682764	155
0.682764	156
0.682764	157
0.682764	158
0.682764	159
0.68509	157
0.68509	158
0.68509	159
0.68509	160
0.68509	161
0.689743	159
0.689743	160
0.689743	161
0.689743	162
0.689743	163
0.692069	161
0.692069	162
0.692069	163
0.694396	161
0.694396	162
0.694396	163
0.696722	161
0.696722	162
0.696722	163
0.700212	161
0.700212	162
0.700212	163
0.702538	161
0.702538	162
0.702538	163
0.706028	161
0.706028	162
0.706028	163
0.709524	161
0.709524	162
0.709524	163
0.710687	162
0.710687	163
0.71185	160
0.71185	161
0.714183	160
0.715353	159
0.715353	160
0.716516	158
0.717679	154
0.717679	155
0.718842	154
0.718842	155
0.720006	154
0.725822	152
0.725822	153
0.726985	152
0.726985	153
0.728148	150
0.730474	146
0.730474	147
0.731638	146
0.731638	147
0.732801	144
0.735127	143
0.735127	144
0.73978	143
0.73978	144
0.740943	142
0.742106	138
0.742106	139
0.744433	138
0.744433	139
0.745596	138
0.746759	136
0.747922	132
0.749086	131
0.750249	130
0.756065	128
0.757228	127
0.758391	124
0.759554	123
0.764207	120
0.766534	119
0.76886	116
0.770023	112
0.771186	108
0.771186	109
0.77235	108
0.77235	109
0.774676	108
0.774676	109
0.775839	108
0.775839	109
0.777002	108
0.777002	109
0.778166	105
0.778166	106
0.779329	105
0.779329	106
0.780492	105
0.780492	106
0.785145	104
0.785145	105
0.786308	104
0.786308	105
0.787471	102
0.787471	103
0.788634	102
0.788634	103
0.789798	102
0.789798	103
0.790961	101
0.790961	102
0.792124	101
0.792124	102
0.793287	99
0.793287	100
0.79445	99
0.79445	100
0.796777	97
0.796777	98
0.79794	97
0.79794	98
0.800266	95
0.800266	96
0.80143	95
0.80143	96
0.802593	93
0.802593	94
0.803756	90
0.803756	91
0.804919	90
0.804919	91
0.806082	90
0.806082	91
0.94334	89
0.94334	90
0.944503	89
0.944503	90
0.945666	87
0.945666	88
0.94683	87
0.94683	88
0.947993	87
0.947993	88
0.950319	86
0.950319	87
0.951482	86
0.951482	87
0.953809	84
0.953809	85
0.954972	84
0.954972	85
0.956135	82
0.956135	83
0.957298	79
0.957298	80
0.958462	79
0.958462	80
0.959625	79
0.959625	80
0.960788	78
0.960788	79
0.961951	78
0.961951	79
0.963114	76
0.963114	77
0.964278	76
0.964278	77
0.967767	74
0.967767	75
0.96893	74
0.96893	75
0.970094	72
0.970094	73
0.971257	72
0.971257	73
0.97242	70
0.97242	71
0.973583	70
0.973583	71
0.974746	70
0.974746	71
0.97591	70
0.97591	71
0.978236	70
0.978236	71
0.979399	70
0.979399	71
0.981726	70
0.981726	71
0.982889	70
0.982889	71
0.984052	70
0.984052	71
0.986378	69
0.986378	70
0.987542	69
0.987542	70
0.989868	69
0.989868	70
0.991031	69
0.991031	70
0.991031	71
0.991031	72
0.991031	73
0.991031	74
0.991031	75
0.991031	76
0.991031	77
0.991031	78
0.991031	79
0.991031	80
0.991031	81
0.991031	82
0.991031	83
0.991031	84
0.991031	85
0.991031	86
0.991031	87
0.991031	88
0.991031	89
0.991031	90
0.992194	89
0.992194	90
0.992194	91
0.993358	90
0.994521	89
0.994521	90
0.994521	91
1.00034	90
1.0015	89
1.0015	90
1.0015	91
1.00383	90
1.00615	89
1.00615	90
1.00615	91
1.00732	90
1.01197	89
1.01197	90
1.01197	91
1.0143	90
1.01546	89
1.01546	90
1.01546	91
1.02825	90
1.02942	89
1.02942	90
1.02942	91
1.03058	90
1.03174	89
1.03174	90
1.03174	91
1.03291	90
1.03407	89
1.03407	90
1.03407	91
1.03523	90
1.0364	89
1.0364	90
1.0364	91
1.04105	90
1.04221	89
1.04221	90
1.04221	91
1.04454	90
1.0457	89
1.0457	90
1.0457	91
1.04686	90
1.04803	89
1.04803	90
1.04803	91
1.04919	90
1.05035	89
1.05035	90
1.05035	91
1.05152	90
1.05384	89
1.05384	90
1.05384	91
1.05501	90
1.05733	89
1.05733	90
1.05733	91
1.0585	90
1.05966	89
1.05966	90
1.05966	91
1.06082	90
1.06199	89
1.06199	90
1.06199	91
1.06315	90
1.18761	89
1.18761	90
1.18761	91
1.18878	90
1.18994	89
1.18994	90
1.18994	91
1.1911	90
1.19226	89
1.19226	90
1.19226	91
1.19459	90
1.19692	89
1.19692	90
1.19692	91
1.19808	90
1.19924	89
1.19924	90
1.19924	91
1.20041	90
1.20157	89
1.20157	90
1.20157	91
1.20273	90
1.2039	89
1.2039	90
1.2039	91
1.20506	90
1.20622	89
1.20622	90
1.20622	91
1.20739	90
1.20855	89
1.20855	90
1.20855	91
1.21204	90
1.2132	89
1.2132	90
1.2132	91
1.21437	90
1.21553	89
1.21553	90
1.21553	91
1.21669	90
1.21786	89
1.21786	90
1.21786	91
1.21902	90
1.22018	89
1.22018	90
1.22018	91
1.22251	90
1.22483	89
1.22483	90
1.22483	91
1.226	90
1.22716	89
1.22716	90
1.22716	91
1.22832	90
1.23065	89
1.23065	90
1.23065	91
1.23298	90
1.23414	89
1.23414	90
1.23414	91
1.2353	90
1.23646	89
1.23646	90
1.23646	91
1.23762	90
1.23877	89
1.23877	90
1.23877	91
1.23877	92
1.23877	93
1.23877	94
1.23877	95
1.23877	96
1.23877	97
1.23877	98
1.23877	99
1.23877	100
1.23877	101
1.23877	102
1.23877	103
1.23877	104
1.23877	105
1.23877	106
1.23877	107
1.23877	108
1.23877	109
1.23877	110
1.23877	111
1.23877	112
1.2411	110
1.2411	111
1.2411	112
1.24343	110
1.24343	111
1.24343	112
1.24575	110
1.24575	111
1.24575	112
1.24808	110
1.24808	111
1.24808	112
1.25041	110
1.25041	111
1.25041	112
1.25273	110
1.25273	111
1.25273	112
1.25506	110
1.25506	111
1.25506	112
1.25738	110
1.25738	111
1.25738	112
1.25971	110
1.25971	111
1.25971	112
1.26204	110
1.26204	111
1.26204	112
1.26204	113
1.26902	111
1.26902	112
1.26902	113
1.27367	111
1.27367	112
1.27367	113
1.27949	111
1.27949	112
1.27949	113
1.28297	111
1.28297	112
1.28297	113
1.29693	111
1.29693	112
1.29693	113
1.29926	111
1.29926	112
1.29926	113
1.30159	111
1.30159	112
1.30159	113
1.30391	111
1.30391	112
1.30391	113
1.30973	111
1.30973	112
1.30973	113
1.31322	111
1.31322	112
1.31322	113
1.31554	111
1.31554	112
1.31554	113
1.31787	111
1.31787	112
1.31787	113
1.32136	111
1.32136	112
1.32136	113
1.32485	111
1.32485	112
1.32485	113
1.32485	114
1.32718	112
1.32718	113
1.32718	114
1.3295	112
1.3295	113
1.3295	114
1.4214	112
1.4214	113
1.4214	114
1.42489	112
1.42489	113
1.42489	114
1.42721	112
1.42721	113
1.42721	114
1.42954	112
1.42954	113
1.42954	114
1.43303	112
1.43303	113
1.43303	114
1.43535	112
1.43535	113
1.43535	114
1.43884	112
1.43884	113
1.43884	114
1.43884	115
1.44117	113
1.44117	114
1.44117	115
1.4435	113
1.4435	114
1.4435	115
1.44582	113
1.44582	114
1.44582	115
1.44815	113
1.44815	114
1.44815	115
1.4528	113
1.4528	114
1.4528	115
1.45513	113
1.45513	114
1.45513	115
1.45745	113
1.45745	114
1.45745	115
1.45978	113
1.45978	114
1.45978	115
1.46327	113
1.46327	114
1.46327	115
1.46676	113
1.46676	114
1.46676	115
1.46676	116
1.46909	114
1.46909	115
1.46909	116
1.47141	114
1.47141	115
1.47141	116
1.47374	114
1.47374	115
1.47374	116
1.47607	114
1.47607	115
1.47607	116
1.47839	114
1.47839	115
1.47839	116
1.48072	114
1.48072	115
1.48072	116
1.48305	114
1.48305	115
1.48305	116
1.48537	114
1.48537	115
1.48537	116
1.4877	114
1.4877	115
1.4877	116
1.49002	114
1.49002	115
1.49002	116
1.49235	114
1.49235	115
1.49235	116
1.49235	117
1.49468	115
1.49468	116
1.49468	117
1.497	115
1.497	116
1.497	117
1.49933	115
1.49933	116
1.49933	117
1.50282	115
1.50282	116
1.50282	117
1.50515	115
1.50515	116
1.50515	117
1.50747	115
1.50747	116
1.50747	117
1.5098	115
1.5098	116
1.5098	117
1.51329	115
1.51329	116
1.51329	117
1.51561	115
1.51561	116
1.51561	117
1.5191	115
1.5191	116
1.5191	117
1.52143	115
1.52143	116
1.52143	117
1.52376	115
1.52376	116
1.52376	117
1.52376	118
1.52725	116
1.52725	117
1.52725	118
1.53074	116
1.53074	117
1.53074	118
1.53306	116
1.53306	117
1.53306	118
1.53539	116
1.53539	117
1.53539	118
1.54004	116
1.54004	117
1.54004	118
1.54353	116
1.54353	117
1.54353	118
1.54586	116
1.54586	117
1.54586	118
1.54935	116
1.54935	117
1.54935	118
1.55284	116
1.55284	117
1.55284	118
1.55749	116
1.55749	117
1.55749	118
1.55982	116
1.55982	117
1.55982	118
1.55982	119
1.56331	117
1.56331	118
1.56331	119
1.56563	117
1.56563	118
1.56563	119
1.56912	117
1.56912	118
1.56912	119
1.57145	117
1.57145	118
1.57145	119
1.5761	117
1.5761	118
1.5761	119
1.57843	117
1.57843	118
1.57843	119
1.68312	117
1.68312	118
1.68312	119
1.68777	117
1.68777	118
1.68777	119
1.69009	117
1.69009	118
1.69009	119
1.69009	120
1.69242	118
1.69242	119
1.69242	120
1.69591	118
1.69591	119
1.69591	120
1.69824	118
1.69824	119
1.69824	120
1.70173	118
1.70173	119
1.70173	120
1.70522	118
1.70522	119
1.70522	120
1.70754	118
1.70754	119
1.70754	120
1.70987	118
1.70987	119
1.70987	120
1.70987	121
1.7122	119
1.7122	120
1.7122	121
1.71685	119
1.71685	120
1.71685	121
1.71917	119
1.71917	120
1.71917	121
1.72266	119
1.72266	120
1.72266	121
1.72499	119
1.72499	120
1.72499	121
1.72732	119
1.72732	120
1.72732	121
1.73197	119
1.73197	120
1.73197	121
1.7343	119
1.7343	120
1.7343	121
1.7343	122
1.73662	120
1.73662	121
1.73662	122
1.73895	120
1.73895	121
1.73895	122
1.74244	120
1.74244	121
1.74244	122
1.74477	120
1.74477	121
1.74477	122
1.74942	120
1.74942	121
1.74942	122
1.75174	120
1.75174	121
1.75174	122
1.75407	120
1.75407	121
1.75407	122
1.75756	120
1.75756	121
1.75756	122
1.75989	120
1.75989	121
1.75989	122
1.76221	120
1.76221	121
1.76221	122
1.76221	123
1.76687	121
1.76687	122
1.76687	123
1.76919	121
1.76919	122
1.76919	123
1.77268	121
1.77268	122
1.77268	123
1.77501	121
1.77501	122
1.77501	123
1.7785	121
1.7785	122
1.7785	123
1.78199	121
1.78199	122
1.78199	123
1.78431	121
1.78431	122
1.78431	123
1.7878	121
1.7878	122
1.7878	123
1.79013	121
1.79013	122
1.79013	123
1.79246	121
1.79246	122
1.79246	123
1.79246	124
1.79595	122
1.79595	123
1.79595	124
1.79827	122
1.79827	123
1.79827	124
1.8006	122
1.8006	123
1.8006	124
1.80293	122
1.80293	123
1.80293	124
1.80641	122
1.80641	123
1.80641	124
1.80874	122
1.80874	123
1.80874	124
1.8134	122
1.8134	123
1.8134	124
1.81456	123
1.81456	124
1.81573	122
1.81573	123
1.81689	122
1.81805	121
1.81805	122
1.81922	121
1.82038	120
1.82038	121
1.82154	120
1.82154	121
1.82503	120
1.8262	119
1.8262	120
1.82736	119
1.82736	120
1.82852	119
1.83085	118
1.83085	119
1.83201	118
1.83201	119
1.83318	118
1.83434	117
1.83434	118
1.8355	117
1.8355	118
1.83899	117
1.84015	116
1.84015	117
1.84132	116
1.84132	117
1.84248	116
1.84481	115
1.84481	116
1.84597	115
1.84597	116
1.84713	115
1.8483	114
1.8483	115
1.85179	114
1.85179	115
1.85295	114
1.85528	113
1.85644	112
1.9588	111
1.95996	110
1.96345	109
1.96462	108
1.96578	107
1.96694	106
1.96811	105
1.97043	104
1.9716	103
1.97276	102
1.97392	101
1.97625	100
1.97741	99
1.97858	98
1.97974	97
1.98206	96
1.98323	95
1.98439	94
1.98555	93
1.98672	92
1.98788	91
1.98904	90
1.99137	89
1.99254	88
1.99254	89
1.9937	88
1.99487	86
1.99603	85
1.99836	84
1.99836	85
1.99952	84
1.99952	85
2.00068	84
2.00068	85
2.00185	84
2.00185	85
2.00417	84
2.00417	85
2.00534	84
2.00534	85
2.00766	84
2.00766	85
2.00882	84
2.00882	85
2.00999	84
2.00999	85
2.01115	84
2.01115	85
2.01231	84
2.01231	85
2.01348	84
2.01348	85
2.01464	84
2.01464	85
2.0158	84
2.0158	85
2.01697	84
2.01697	85
2.02046	84
2.02046	85
2.02162	84
2.02162	85
2.02278	84
2.02278	85
2.02395	84
2.02395	85
2.02627	84
2.02627	85
2.02744	84
2.02744	85
2.0286	84
2.0286	85
2.02976	84
2.02976	85
2.03209	84
2.03209	85
2.03325	84
2.03325	85
2.03558	84
2.03558	85
2.03674	84
2.03674	85
2.0379	84
2.0379	85
2.03907	84
2.03907	85
2.04139	84
2.04139	85
2.04373	84
2.04373	85
2.04489	84
2.04489	85
2.04605	82
2.04605	83
2.04722	82
2.04722	83
2.04954	82
2.04954	83
2.05071	82
2.05071	83
2.05187	82
2.05187	83
2.05303	82
2.05303	83
2.05536	82
2.05536	83
2.05652	82
2.05652	83
2.05885	82
2.05885	83
2.06001	82
2.06001	83
2.06118	82
2.06118	83
2.06234	82
2.06234	83
2.06466	82
2.06466	83
2.06583	82
2.06583	83
2.06699	82
2.06699	83
2.06815	82
2.06815	83
2.06932	82
2.06932	83
2.07048	82
2.07048	83
2.07164	82
2.07164	83
2.07397	82
2.07397	83
2.07513	82
2.07513	83
2.0763	82
2.0763	83
2.07746	82
2.07746	83
2.07862	82
2.07862	83
2.07979	82
2.07979	83
2.08095	82
2.08095	83
2.08211	82
2.08211	83
2.08328	82
2.08328	83
2.08444	82
2.08444	83
2.08677	82
2.08677	83
2.08793	82
2.08793	83
2.09026	82
2.09026	83
2.09142	82
2.09142	83
2.09258	82
2.09258	83
2.09374	82
2.09374	83
2.09374	84
2.09374	85
2.09606	84
2.09606	85
2.09723	84
2.09723	85
2.09839	84
2.09839	85
2.10072	84
2.10072	85
2.10188	84
2.10188	85
2.10421	84
2.10421	85
2.10537	84
2.10537	85
2.10653	84
2.10653	85
2.10886	84
2.10886	85
2.11119	84
2.11119	85
2.11235	84
2.11235	85
2.11468	84
2.11468	85
2.11584	84
2.11584	85
2.117	84
2.117	85
2.12049	84
2.12049	85
2.21355	84
2.21355	85
2.21587	84
2.21587	85
2.21703	84
2.21703	85
2.21819	84
2.21819	85
2.21936	84
2.21936	85
2.22285	84
2.22285	85
2.22401	84
2.22401	85
2.22634	84
2.22634	85
2.2275	84
2.2275	85
2.22866	84
2.22866	85
2.22983	84
2.22983	85
2.23215	84
2.23215	85
2.23332	84
2.23332	85
2.23448	84
2.23448	85
2.23564	84
2.23564	85
2.23797	84
2.23797	85
2.24146	84
2.24146	85
2.24262	84
2.24262	85
2.24378	84
2.24378	85
2.24495	84
2.24495	85
2.24727	84
2.24727	85
2.24844	84
2.24844	85
2.2496	84
2.2496	85
2.25076	84
2.25076	85
2.25309	84
2.25309	85
2.25425	84
2.25425	85
2.25658	84
2.25658	85
2.25774	84
2.25774	85
2.25891	84
2.25891	85
2.26007	84
2.26007	85
2.2624	84
2.2624	85
2.26356	84
2.26356	85
2.26472	84
2.26472	85
2.26705	84
2.26705	85
2.26821	78
2.26821	79
2.26821	80
2.26821	81
2.26821	82
2.26821	83
2.26821	84
2.26821	85
2.26821	86
2.27169	84
2.27169	85
2.27169	86
2.27402	84
2.27402	85
2.27402	86
2.27751	84
2.27751	85
2.27751	86
2.281	84
2.281	85
2.281	86
2.28333	84
2.28333	85
2.28333	86
2.28682	84
2.28682	85
2.28682	86
2.28914	84
2.28914	85
2.28914	86
2.29147	84
2.29147	85
2.29147	86
2.29496	84
2.29496	85
2.29496	86
2.29729	84
2.29729	85
2.29729	86
2.29961	84
2.29961	85
2.29961	86
2.30194	84
2.30194	85
2.30194	86
2.30426	84
2.30426	85
2.30426	86
2.3159	84
2.3159	85
2.3159	86
2.31822	84
2.31822	85
2.31822	86
2.32171	84
2.32171	85
2.32171	86
2.3252	84
2.3252	85
2.3252	86
2.32869	84
2.32869	85
2.32869	86
2.33102	84
2.33102	85
2.33102	86
2.33334	84
2.33334	85
2.33334	86
2.338	84
2.338	85
2.338	86
2.338	87
2.34032	85
2.34032	86
2.34032	87
2.42407	85
2.42407	86
2.42407	87
2.4264	85
2.4264	86
2.4264	87
2.42989	85
2.42989	86
2.42989	87
2.43454	85
2.43454	86
2.43454	87
2.43687	85
2.43687	86
2.43687	87
2.44036	85
2.44036	86
2.44036	87
2.44269	85
2.44269	86
2.44269	87
2.44617	85
2.44617	86
2.44617	87
2.44966	85
2.44966	86
2.44966	87
2.45315	85
2.45315	86
2.45315	87
2.45548	85
2.45548	86
2.45548	87
2.45897	85
2.45897	86
2.45897	87
2.46246	85
2.46246	86
2.46246	87
2.46595	85
2.46595	86
2.46595	87
2.46828	85
2.46828	86
2.46828	87
2.47177	85
2.47177	86
2.47177	87
2.47177	88
2.47525	86
2.47525	87
2.47525	88
2.47874	86
2.47874	87
2.47874	88
2.48107	86
2.48107	87
2.48107	88
2.4834	86
2.4834	87
2.4834	88
2.48572	86
2.48572	87
2.48572	88
2.48805	86
2.48805	87
2.48805	88
2.49154	86
2.49154	87
2.49154	88
2.49387	86
2.49387	87
2.49387	88
2.49852	86
2.49852	87
2.49852	88
2.50085	86
2.50085	87
2.50085	88
2.50433	86
2.50433	87
2.50433	88
2.50666	86
2.50666	87
2.50666	88
2.51015	86
2.51015	87
2.51015	88
2.51364	86
2.51364	87
2.51364	88
2.51597	86
2.51597	87
2.51597	88
2.51946	86
2.51946	87
2.51946	88
2.52178	86
2.52178	87
2.52178	88
2.52527	86
2.52527	87
2.52527	88
2.53109	86
2.53109	87
2.53109	88
2.53341	86
2.53341	87
2.53341	88
2.53807	86
2.53807	87
2.53807	88
2.54039	86
2.54039	87
2.54039	88
2.54039	89
2.54388	87
2.54388	88
2.54388	89
2.54621	87
2.54621	88
2.54621	89
2.54854	87
2.54854	88
2.54854	89
2.55319	87
2.55319	88
2.55319	89
2.55668	87
2.55668	88
2.55668	89
2.64159	87
2.64159	88
2.64159	89
2.64392	87
2.64392	88
2.64392	89
2.64741	87
2.64741	88
2.64741	89
2.6509	87
2.6509	88
2.6509	89
2.65439	87
2.65439	88
2.65439	89
2.65671	87
2.65671	88
2.65671	89
2.6602	87
2.6602	88
2.6602	89
2.66369	87
2.66369	88
2.66369	89
2.66718	87
2.66718	88
2.66718	89
2.66718	90
2.66951	88
2.66951	89
2.66951	90
2.673	88
2.673	89
2.673	90
2.67649	88
2.67649	89
2.67649	90
2.67998	88
2.67998	89
2.67998	90
2.68347	88
2.68347	89
2.68347	90
2.68579	88
2.68579	89
2.68579	90
2.68928	88
2.68928	89
2.68928	90
2.69161	88
2.69161	89
2.69161	90
2.6951	88
2.6951	89
2.6951	90
2.69859	88
2.69859	89
2.69859	90
2.70092	88
2.70092	89
2.70092	90
2.70324	88
2.70324	89
2.70324	90
2.70673	88
2.70673	89
2.70673	90
2.71022	88
2.71022	89
2.71022	90
2.71371	88
2.71371	89
2.71371	90
2.71371	91
2.71604	89
2.71604	90
2.71604	91
2.71953	89
2.71953	90
2.71953	91
2.72302	89
2.72302	90
2.72302	91
2.72651	89
2.72651	90
2.72651	91
2.72883	89
2.72883	90
2.72883	91
2.73232	89
2.73232	90
2.73232	91
2.73581	89
2.73581	90
2.73581	91
2.7393	89
2.7393	90
2.7393	91
2.74163	89
2.74163	90
2.74163	91
2.74512	89
2.74512	90
2.74512	91
2.74744	89
2.74744	90
2.74744	91
2.7521	89
2.7521	90
2.7521	91
2.75559	89
2.75559	90
2.75559	91
2.75908	89
2.75908	90
2.75908	91
2.7614	89
2.7614	90
2.7614	91
2.76605	89
2.76605	90
2.76605	91
2.76838	89
2.76838	90
2.76838	91
2.77071	89
2.77071	90
2.77071	91
2.7742	89
2.7742	90
2.7742	91
2.77885	89
2.77885	90
2.77885	91
2.86376	89
2.86376	90
2.86376	91
2.86376	92
2.86609	90
2.86609	91
2.86609	92
2.86958	90
2.86958	91
2.86958	92
2.87191	90
2.87191	91
2.87191	92
2.87656	90
2.87656	91
2.87656	92
2.87889	90
2.87889	91
2.87889	92
2.88237	90
2.88237	91
2.88237	92
2.8847	90
2.8847	91
2.8847	92
2.88935	90
2.88935	91
2.88935	92
2.89168	90
2.89168	91
2.89168	92
2.89168	93
2.89401	91
2.89401	92
2.89401	93
2.8975	91
2.8975	92
2.8975	93
2.90099	91
2.90099	92
2.90099	93
2.90448	91
2.90448	92
2.90448	93
2.90797	91
2.90797	92
2.90797	93
2.91029	91
2.91029	92
2.91029	93
2.91378	91
2.91378	92
2.91378	93
2.91611	91
2.91611	92
2.91611	93
2.92076	91
2.92076	92
2.92076	93
2.92309	91
2.92309	92
2.92309	93
2.92658	91
2.92658	92
2.92658	93
2.9289	91
2.9289	92
2.9289	93
2.93356	91
2.93356	92
2.93356	93
2.93705	91
2.93705	92
2.93705	93
2.94053	91
2.94053	92
2.94053	93
2.94286	91
2.94286	92
2.94286	93
2.94635	91
2.94635	92
2.94635	93
2.951	91
2.951	92
2.951	93
2.95333	91
2.95333	92
2.95333	93
2.95682	91
2.95682	92
2.95682	93
2.96031	91
2.96031	92
2.96031	93
2.9638	91
2.9638	92
2.9638	93
2.96729	91
2.96729	92
2.96729	93
2.96729	94
2.96961	92
2.96961	93
2.96961	94
2.9731	92
2.9731	93
2.9731	94
2.97543	92
2.97543	93
2.97543	94
2.98008	92
2.98008	93
2.98008	94
2.98357	92
2.98357	93
2.98357	94
2.98706	92
2.98706	93
2.98706	94
2.98939	92
2.98939	93
2.98939	94
2.99404	92
2.99404	93
2.99404	94
2.99637	92
2.99637	93
2.99637	94
2.99986	92
2.99986	93
2.99986	94
3.00218	92
3.00218	93
3.00218	94
3.00567	92
3.00567	93
3.00567	94
3.08942	92
3.08942	93
3.08942	94
3.09175	92
3.09175	93
3.09175	94
3.09408	92
3.09408	93
3.09408	94
3.09757	92
3.09757	93
3.09757	94
3.09757	95
3.10106	93
3.10106	94
3.10106	95
3.10455	93
3.10455	94
3.10455	95
3.10687	93
3.10687	94
3.10687	95
3.11036	93
3.11036	94
3.11036	95
3.11269	93
3.11269	94
3.11269	95
3.11734	93
3.11734	94
3.11734	95
3.11967	93
3.11967	94
3.11967	95
3.12316	93
3.12316	94
3.12316	95
3.12548	93
3.12548	94
3.12548	95
3.13014	93
3.13014	94
3.13014	95
3.13246	93
3.13246	94
3.13246	95
3.13595	93
3.13595	94
3.13595	95
3.13828	93
3.13828	94
3.13828	95
3.14293	93
3.14293	94
3.14293	95
3.14526	93
3.14526	94
3.14526	95
3.14875	93
3.14875	94
3.14875	95
3.15107	93
3.15107	94
3.15107	95
3.15456	93
3.15456	94
3.15456	95
3.15805	93
3.15805	94
3.15805	95
3.16154	93
3.16154	94
3.16154	95
3.16503	93
3.16503	94
3.16503	95
3.16736	93
3.16736	94
3.16736	95
3.17201	93
3.17201	94
3.17201	95
3.17201	96
3.17434	94
3.17434	95
3.17434	96
3.17783	94
3.17783	95
3.17783	96
3.18015	94
3.18015	95
3.18015	96
3.18481	94
3.18481	95
3.18481	96
3.18713	94
3.18713	95
3.18713	96
3.19062	94
3.19062	95
3.19062	96
3.19411	94
3.19411	95
3.19411	96
3.19644	94
3.19644	95
3.19644	96
3.19993	94
3.19993	95
3.19993	96
3.20342	94
3.20342	95
3.20342	96
3.20574	94
3.20574	95
3.20574	96
3.20923	94
3.20923	95
3.20923	96
3.21272	94
3.21272	95
3.21272	96
3.21621	94
3.21621	95
3.21621	96
3.21854	94
3.21854	95
3.21854	96
3.22203	94
3.22203	95
3.22203	96
3.22668	94
3.22668	95
3.22668	96
3.22901	94
3.22901	95
3.22901	96
3.2325	94
3.2325	95
3.2325	96
3.23482	94
3.23482	95
3.23482	96
3.32555	94
3.32555	95
3.32555	96
3.32555	97
3.32788	95
3.32788	96
3.32788	97
3.33253	95
3.33253	96
3.33253	97
3.33486	95
3.33486	96
3.33486	97
3.33719	95
3.33719	96
3.33719	97
3.34068	95
3.34068	96
3.34068	97
3.34417	95
3.34417	96
3.34417	97
3.34765	95
3.34765	96
3.34765	97
3.34998	95
3.34998	96
3.34998	97
3.35347	95
3.35347	96
3.35347	97
3.3558	95
3.3558	96
3.3558	97
3.36045	95
3.36045	96
3.36045	97
3.36278	95
3.36278	96
3.36278	97
3.36627	95
3.36627	96
3.36627	97
3.36859	95
3.36859	96
3.36859	97
3.37325	95
3.37325	96
3.37325	97
3.37557	95
3.37557	96
3.37557	97
3.37906	95
3.37906	96
3.37906	97
3.38139	95
3.38139	96
3.38139	97
3.38604	95
3.38604	96
3.38604	97
3.38604	98
3.38837	96
3.38837	97
3.38837	98
3.39186	96
3.39186	97
3.39186	98
3.39418	96
3.39418	97
3.39418	98
3.39767	96
3.39767	97
3.39767	98
3.4	96
3.4	97
3.4	98
3.40465	96
3.40465	97
3.40465	98
3.40814	96
3.40814	97
3.40814	98
3.41047	96
3.41047	97
3.41047	98
3.41279	96
3.41279	97
3.41279	98
3.41628	96
3.41628	97
3.41628	98
3.41861	96
3.41861	97
3.41861	98
3.4221	96
3.4221	97
3.4221	98
3.42559	96
3.42559	97
3.42559	98
3.42908	96
3.42908	97
3.42908	98
3.43141	96
3.43141	97
3.43141	98
3.43489	96
3.43489	97
3.43489	98
3.43722	96
3.43722	97
3.43722	98
3.44071	96
3.44071	97
3.44071	98
3.44304	96
3.44304	97
3.44304	98
3.44769	96
3.44769	97
3.44769	98
3.45002	96
3.45002	97
3.45002	98
3.45351	96
3.45351	97
3.45351	98
3.45583	96
3.45583	97
3.45583	98
3.45932	96
3.45932	97
3.45932	98
3.46397	96
3.46397	97
3.46397	98
3.46397	99
3.4663	97
3.4663	98
3.4663	99
3.46979	97
3.46979	98
3.46979	99
3.47212	97
3.47212	98
3.47212	99
3.56401	97
3.56401	98
3.56401	99
3.56634	97
3.56634	98
3.56634	99
3.56983	97
3.56983	98
3.56983	99
3.57215	97
3.57215	98
3.57215	99
3.57564	97
3.57564	98
3.57564	99
3.57797	97
3.57797	98
3.57797	99
3.58146	97
3.58146	98
3.58146	99
3.58495	97
3.58495	98
3.58495	99
3.58727	97
3.58727	98
3.58727	99
3.59076	97
3.59076	98
3.59076	99
3.59309	97
3.59309	98
3.59309	99
3.59658	97
3.59658	98
3.59658	99
3.60007	97
3.60007	98
3.60007	99
3.60356	97
3.60356	98
3.60356	99
3.60589	97
3.60589	98
3.60589	99
3.60937	97
3.60937	98
3.60937	99
3.6117	97
3.6117	98
3.6117	99
3.61519	97
3.61519	98
3.61519	99
3.61868	97
3.61868	98
3.61868	99
3.62217	97
3.62217	98
3.62217	99
3.6245	97
3.6245	98
3.6245	99
3.6245	100
3.62682	98
3.62682	99
3.62682	100
3.63031	98
3.63031	99
3.63031	100
3.63264	98
3.63264	99
3.63264	100
3.63613	98
3.63613	99
3.63613	100
3.63845	98
3.63845	99
3.63845	100
3.64311	98
3.64311	99
3.64311	100
3.6466	98
3.6466	99
3.6466	100
3.64892	98
3.64892	99
3.64892	100
3.65241	98
3.65241	99
3.65241	100
3.65474	98
3.65474	99
3.65474	100
3.65707	98
3.65707	99
3.65707	100
3.66172	98
3.66172	99
3.66172	100
3.66521	98
3.66521	99
3.66521	100
3.66753	98
3.66753	99
3.66753	100
3.66986	98
3.66986	99
3.66986	100
3.67335	98
3.67335	99
3.67335	100
3.67568	98
3.67568	99
3.67568	100
3.68033	98
3.68033	99
3.68033	100
3.68266	98
3.68266	99
3.68266	100
3.68615	98
3.68615	99
3.68615	100
3.68847	98
3.68847	99
3.68847	100
3.69196	98
3.69196	99
3.69196	100
3.69429	98
3.69429	99
3.69429	100
3.69894	98
3.69894	99
3.69894	100
3.70243	98
3.70243	99
3.70243	100
3.70476	98
3.70476	99
3.70476	100
3.70708	98
3.70708	99
3.70708	100
3.70941	98
3.70941	99
3.70941	100
3.79898	98
3.79898	99
3.79898	100
3.79898	101
3.80247	99
3.80247	100
3.80247	101
3.80479	99
3.80479	100
3.80479	101
3.80828	99
3.80828	100
3.80828	101
3.81061	99
3.81061	100
3.81061	101
3.81526	99
3.81526	100
3.81526	101
3.81759	99
3.81759	100
3.81759	101
3.82108	99
3.82108	100
3.82108	101
3.8234	99
3.8234	100
3.8234	101
3.82689	99
3.82689	100
3.82689	101
3.82922	99
3.82922	100
3.82922	101
3.83387	99
3.83387	100
3.83387	101
3.83736	99
3.83736	100
3.83736	101
3.83969	99
3.83969	100
3.83969	101
3.84318	99
3.84318	100
3.84318	101
3.8455	99
3.8455	100
3.8455	101
3.84899	99
3.84899	100
3.84899	101
3.85248	99
3.85248	100
3.85248	101
3.85597	99
3.85597	100
3.85597	101
3.8583	99
3.8583	100
3.8583	101
3.86179	99
3.86179	100
3.86179	101
3.86412	99
3.86412	100
3.86412	101
3.86644	99
3.86644	100
3.86644	101
3.86993	99
3.86993	100
3.86993	101
3.87226	99
3.87226	100
3.87226	101
3.87691	99
3.87691	100
3.87691	101
3.87924	99
3.87924	100
3.87924	101
3.88273	99
3.88273	100
3.88273	101
3.88505	99
3.88505	100
3.88505	101
3.88854	99
3.88854	100
3.88854	101
3.89087	99
3.89087	100
3.89087	101
3.89552	99
3.89552	100
3.89552	101
3.89785	99
3.89785	100
3.89785	101
3.90134	99
3.90134	100
3.90134	101
3.90483	99
3.90483	100
3.90483	101
3.90715	99
3.90715	100
3.90715	101
3.90948	99
3.90948	100
3.90948	101
3.91297	99
3.91297	100
3.91297	101
3.91646	99
3.91646	100
3.91646	101
3.91995	99
3.91995	100
3.91995	101
3.92228	99
3.92228	100
3.92228	101
3.92577	99
3.92577	100
3.92577	101
3.92809	99
3.92809	100
3.92809	101
3.93158	99
3.93158	100
3.93158	101
3.93507	99
3.93507	100
3.93507	101
3.93507	102
3.93856	100
3.93856	101
3.93856	102
3.94205	100
3.94205	101
3.94205	102
3.94438	100
3.94438	101
3.94438	102
3.9467	100
3.9467	101
3.9467	102
3.95019	100
3.95019	101
3.95019	102
4.0386	100
4.0386	101
4.0386	102
4.04209	100
4.04209	101
4.04209	102
4.04441	100
4.04441	101
4.04441	102
4.0479	100
4.0479	101
4.0479	102
4.05139	100
4.05139	101
4.05139	102
4.05488	100
4.05488	101
4.05488	102
4.05721	100
4.05721	101
4.05721	102
4.0607	100
4.0607	101
4.0607	102
4.06302	100
4.06302	101
4.06302	102
4.06651	100
4.06651	101
4.06651	102
4.06884	100
4.06884	101
4.06884	102
4.07349	100
4.07349	101
4.07349	102
4.07582	100
4.07582	101
4.07582	102
4.07931	100
4.07931	101
4.07931	102
4.08163	100
4.08163	101
4.08163	102
4.08512	100
4.08512	101
4.08512	102
4.08861	100
4.08861	101
4.08861	102
4.0921	100
4.0921	101
4.0921	102
4.09559	100
4.09559	101
4.09559	102
4.09792	100
4.09792	101
4.09792	102
4.10141	100
4.10141	101
4.10141	102
4.10373	100
4.10373	101
4.10373	102
4.10606	100
4.10606	101
4.10606	102
4.10606	103
4.11071	101
4.11071	102
4.11071	103
4.11304	101
4.11304	102
4.11304	103
4.11653	101
4.11653	102
4.11653	103
4.11886	101
4.11886	102
4.11886	103
4.12235	101
4.12235	102
4.12235	103
4.12467	101
4.12467	102
4.12467	103
4.12933	101
4.12933	102
4.12933	103
4.13165	101
4.13165	102
4.13165	103
4.13514	101
4.13514	102
4.13514	103
4.13747	101
4.13747	102
4.13747	103
4.14096	101
4.14096	102
4.14096	103
4.14328	101
4.14328	102
4.14328	103
4.14677	101
4.14677	102
4.14677	103
4.15026	101
4.15026	102
4.15026	103
4.15375	101
4.15375	102
4.15375	103
4.15608	101
4.15608	102
4.15608	103
4.15957	101
4.15957	102
4.15957	103
4.16189	101
4.16189	102
4.16189	103
4.16538	101
4.16538	102
4.16538	103
4.16887	101
4.16887	102
4.16887	103
4.17236	101
4.17236	102
4.17236	103
4.17469	101
4.17469	102
4.17469	103
4.17702	101
4.17702	102
4.17702	103
4.18051	101
4.18051	102
4.18051	103
4.18283	101
4.18283	102
4.18283	103
4.18632	101
4.18632	102
4.18632	103
4.18981	101
4.18981	102
4.18981	103
4.1933	101
4.1933	102
4.1933	103
4.2817	101
4.2817	102
4.2817	103
4.28403	101
4.28403	102
4.28403	103
4.28636	101
4.28636	102
4.28636	103
4.29101	101
4.29101	102
4.29101	103
4.29334	101
4.29334	102
4.29334	103
4.29683	101
4.29683	102
4.29683	103
4.29915	101
4.29915	102
4.29915	103
4.30264	101
4.30264	102
4.30264	103
4.30497	101
4.30497	102
4.30497	103
4.30846	101
4.30846	102
4.30846	103
4.31078	101
4.31078	102
4.31078	103
4.31427	101
4.31427	102
4.31427	103
4.3166	101
4.3166	102
4.3166	103
4.32009	101
4.32009	102
4.32009	103
4.32242	101
4.32242	102
4.32242	103
4.32591	101
4.32591	102
4.32591	103
4.33056	101
4.33056	102
4.33056	103
4.33405	101
4.33405	102
4.33405	103
4.33637	101
4.33637	102
4.33637	103
4.33986	101
4.33986	102
4.33986	103
4.34335	101
4.34335	102
4.34335	103
4.34568	101
4.34568	102
4.34568	103
4.34917	101
4.34917	102
4.34917	103
4.35266	101
4.35266	102
4.35266	103
4.35266	104
4.35499	102
4.35499	103
4.35499	104
4.35848	102
4.35848	103
4.35848	104
4.3608	102
4.3608	103
4.3608	104
4.36429	102
4.36429	103
4.36429	104
4.36662	102
4.36662	103
4.36662	104
4.37127	102
4.37127	103
4.37127	104
4.3736	102
4.3736	103
4.3736	104
4.37709	102
4.37709	103
4.37709	104
4.37941	102
4.37941	103
4.37941	104
4.3829	102
4.3829	103
4.3829	104
4.38523	102
4.38523	103
4.38523	104
4.38872	102
4.38872	103
4.38872	104
4.39105	102
4.39105	103
4.39105	104
4.39453	102
4.39453	103
4.39453	104
4.39686	102
4.39686	103
4.39686	104
4.39919	102
4.39919	103
4.39919	104
4.40151	102
4.40151	103
4.40151	104
4.40384	102
4.40384	103
4.40384	104
4.40733	102
4.40733	103
4.40733	104
4.41082	102
4.41082	103
4.41082	104
4.41315	102
4.41315	103
4.41315	104
4.41547	102
4.41547	103
4.41547	104
4.41896	102
4.41896	103
4.41896	104
4.42129	102
4.42129	103
4.42129	104
4.42361	102
4.42361	103
4.42361	104
4.4271	102
4.4271	103
4.4271	104
4.42943	102
4.42943	103
4.42943	104
4.51783	102
4.51783	103
4.51783	104
4.52016	102
4.52016	103
4.52016	104
4.52365	102
4.52365	103
4.52365	104
4.52714	102
4.52714	103
4.52714	104
4.52947	102
4.52947	103
4.52947	104
4.53296	102
4.53296	103
4.53296	104
4.53528	102
4.53528	103
4.53528	104
4.53877	102
4.53877	103
4.53877	104
4.5411	102
4.5411	103
4.5411	104
4.54459	102
4.54459	103
4.54459	104
4.54691	102
4.54691	103
4.54691	104
4.5504	102
4.5504	103
4.5504	104
4.55273	102
4.55273	103
4.55273	104
4.55622	102
4.55622	103
4.55622	104
4.55855	102
4.55855	103
4.55855	104
4.56204	102
4.56204	103
4.56204	104
4.56669	102
4.56669	103
4.56669	104
4.56901	102
4.56901	103
4.56901	104
4.5725	102
4.5725	103
4.5725	104
4.57483	102
4.57483	103
4.57483	104
4.57832	102
4.57832	103
4.57832	104
4.58065	102
4.58065	103
4.58065	104
4.58414	102
4.58414	103
4.58414	104
4.58646	102
4.58646	103
4.58646	104
4.58879	102
4.58879	103
4.58879	104
4.58879	105
4.59228	103
4.59228	104
4.59228	105
4.59461	103
4.59461	104
4.59461	105
4.59809	103
4.59809	104
4.59809	105
4.60042	103
4.60042	104
4.60042	105
4.60391	103
4.60391	104
4.60391	105
4.60856	103
4.60856	104
4.60856	105
4.61089	103
4.61089	104
4.61089	105
4.61438	103
4.61438	104
4.61438	105
4.61671	103
4.61671	104
4.61671	105
4.6202	103
4.6202	104
4.6202	105
4.62252	103
4.62252	104
4.62252	105
4.62601	103
4.62601	104
4.62601	105
4.62834	103
4.62834	104
4.62834	105
4.63183	103
4.63183	104
4.63183	105
4.63415	103
4.63415	104
4.63415	105
4.63648	103
4.63648	104
4.63648	105
4.63997	103
4.63997	104
4.63997	105
4.6423	103
4.6423	104
4.6423	105
4.64579	103
4.64579	104
4.64579	105
4.64928	103
4.64928	104
4.64928	105
4.6516	103
4.6516	104
4.6516	105
4.65393	103
4.65393	104
4.65393	105
4.65742	103
4.65742	104
4.65742	105
4.65974	103
4.65974	104
4.65974	105
4.66207	103
4.66207	104
4.66207	105
4.66556	103
4.66556	104
4.66556	105
4.66789	103
4.66789	104
4.66789	105
4.75629	103
4.75629	104
4.75629	105
4.75862	103
4.75862	104
4.75862	105
4.76211	103
4.76211	104
4.76211	105
4.76443	103
4.76443	104
4.76443	105
4.76909	103
4.76909	104
4.76909	105
4.77141	103
4.77141	104
4.77141	105
4.77374	103
4.77374	104
4.77374	105
4.77723	103
4.77723	104
4.77723	105
4.77955	103
4.77955	104
4.77955	105
4.78304	103
4.78304	104
4.78304	105
4.78537	103
4.78537	104
4.78537	105
4.78886	103
4.78886	104
4.78886	105
4.79119	103
4.79119	104
4.79119	105
4.79468	103
4.79468	104
4.79468	105
4.797	103
4.797	104
4.797	105
4.80049	103
4.80049	104
4.80049	105
4.80282	103
4.80282	104
4.80282	105
4.80747	103
4.80747	104
4.80747	105
4.8098	103
4.8098	104
4.8098	105
4.81329	103
4.81329	104
4.81329	105
4.81561	103
4.81561	104
4.81561	105
4.8191	103
4.8191	104
4.8191	105
4.82143	103
4.82143	104
4.82143	105
4.82492	103
4.82492	104
4.82492	105
4.82725	103
4.82725	104
4.82725	105
4.83073	103
4.83073	104
4.83073	105
4.83306	103
4.83306	104
4.83306	105
4.83655	103
4.83655	104
4.83655	105
4.83888	103
4.83888	104
4.83888	105
4.84237	103
4.84237	104
4.84237	105
4.84586	103
4.84586	104
4.84586	105
4.84818	103
4.84818	104
4.84818	105
4.85051	103
4.85051	104
4.85051	105
4.85284	103
4.85284	104
4.85284	105
4.85516	103
4.85516	104
4.85516	105
4.85749	103
4.85749	104
4.85749	105
4.85981	103
4.85981	104
4.85981	105
4.86214	103
4.86214	104
4.86214	105
4.86563	103
4.86563	104
4.86563	105
4.86796	103
4.86796	104
4.86796	105
4.87145	103
4.87145	104
4.87145	105
4.87377	103
4.87377	104
4.87377	105
4.8761	103
4.8761	104
4.8761	105
4.87959	103
4.87959	104
4.87959	105
4.88308	103
4.88308	104
4.88308	105
4.88657	103
4.88657	104
4.88657	105
4.88889	103
4.88889	104
4.88889	105
4.89122	103
4.89122	104
4.89122	105
4.89355	103
4.89355	104
4.89355	105
4.89587	103
4.89587	104
4.89587	105
4.89936	103
4.89936	104
4.89936	105
4.90169	103
4.90169	104
4.90169	105
4.99009	103
4.99009	104
4.99009	105
4.99242	103
4.99242	104
4.99242	105
4.99591	103
4.99591	104
4.99591	105
4.99824	103
4.99824	104
4.99824	105
5.00289	103
5.00289	104
5.00289	105
5.00521	103
5.00521	104
5.00521	105
5.0087	103
5.0087	104
5.0087	105
5.01103	103
5.01103	104
5.01103	105
5.01336	103
5.01336	104
5.01336	105
5.01685	103
5.01685	104
5.01685	105
5.01917	103
5.01917	104
5.01917	105
5.02266	103
5.02266	104
5.02266	105
5.02615	103
5.02615	104
5.02615	105
5.02848	103
5.02848	104
5.02848	105
5.03197	103
5.03197	104
5.03197	105
5.03546	103
5.03546	104
5.03546	105
5.03778	103
5.03778	104
5.03778	105
5.04127	103
5.04127	104
5.04127	105
5.04593	103
5.04593	104
5.04593	105
5.04825	103
5.04825	104
5.04825	105
5.05174	103
5.05174	104
5.05174	105
5.05523	103
5.05523	104
5.05523	105
5.05756	103
5.05756	104
5.05756	105
5.06105	103
5.06105	104
5.06105	105
5.06337	103
5.06337	104
5.06337	105
5.06686	103
5.06686	104
5.06686	105
5.06919	103
5.06919	104
5.06919	105
5.07268	103
5.07268	104
5.07268	105
5.07501	103
5.07501	104
5.07501	105
5.0785	103
5.0785	104
5.0785	105
5.08082	103
5.08082	104
5.08082	105
5.08431	103
5.08431	104
5.08431	105
5.0878	103
5.0878	104
5.0878	105
5.09013	103
5.09013	104
5.09013	105
5.09245	103
5.09245	104
5.09245	105
5.09478	103
5.09478	104
5.09478	105
5.09711	103
5.09711	104
5.09711	105
5.09943	103
5.09943	104
5.09943	105
5.10176	103
5.10176	104
5.10176	105
5.10409	103
5.10409	104
5.10409	105
5.10641	103
5.10641	104
5.10641	105
5.10874	103
5.10874	104
5.10874	105
5.11107	103
5.11107	104
5.11107	105
5.11339	103
5.11339	104
5.11339	105
5.11572	103
5.11572	104
5.11572	105
5.11921	103
5.11921	104
5.11921	105
5.12153	103
5.12153	104
5.12153	105
5.12502	103
5.12502	104
5.12502	105
5.12851	103
5.12851	104
5.12851	105
5.13084	103
5.13084	104
5.13084	105
5.13317	103
5.13317	104
5.13317	105
5.13549	103
5.13549	104
5.13549	105
5.2239	103
5.2239	104
5.2239	105
5.22622	103
5.22622	104
5.22622	105
5.22971	103
5.22971	104
5.22971	105
5.23204	103
5.23204	104
5.23204	105
5.23553	103
5.23553	104
5.23553	105
5.23785	103
5.23785	104
5.23785	105
5.24134	103
5.24134	104
5.24134	105
5.24483	103
5.24483	104
5.24483	105
5.24716	103
5.24716	104
5.24716	105
5.25065	103
5.25065	104
5.25065	105
5.25298	103
5.25298	104
5.25298	105
5.25647	103
5.25647	104
5.25647	105
5.25879	103
5.25879	104
5.25879	105
5.26228	103
5.26228	104
5.26228	105
5.26461	103
5.26461	104
5.26461	105
5.2681	103
5.2681	104
5.2681	105
5.27042	103
5.27042	104
5.27042	105
5.27391	103
5.27391	104
5.27391	105
5.2774	103
5.2774	104
5.2774	105
5.27973	103
5.27973	104
5.27973	105
5.28438	103
5.28438	104
5.28438	105
5.28671	103
5.28671	104
5.28671	105
5.2902	103
5.2902	104
5.2902	105
5.29253	103
5.29253	104
5.29253	105
5.29601	103
5.29601	104
5.29601	105
5.29834	103
5.29834	104
5.29834	105
5.30183	103
5.30183	104
5.30183	105
5.30416	103
5.30416	104
5.30416	105
5.30765	103
5.30765	104
5.30765	105
5.30997	103
5.30997	104
5.30997	105
5.31346	103
5.31346	104
5.31346	105
5.31579	103
5.31579	104
5.31579	105
5.31928	103
5.31928	104
5.31928	105
5.32277	103
5.32277	104
5.32277	105
5.32626	103
5.32626	104
5.32626	105
5.32858	103
5.32858	104
5.32858	105
5.33091	103
5.33091	104
5.33091	105
5.3344	103
5.3344	104
5.3344	105
5.33673	103
5.33673	104
5.33673	105
5.33905	103
5.33905	104
5.33905	105
5.34138	103
5.34138	104
5.34138	105
5.34371	103
5.34371	104
5.34371	105
5.34603	103
5.34603	104
5.34603	105
5.34836	103
5.34836	104
5.34836	105
5.35069	103
5.35069	104
5.35069	105
5.35301	103
5.35301	104
5.35301	105
5.35534	103
5.35534	104
5.35534	105
5.35766	103
5.35766	104
5.35766	105
5.36115	103
5.36115	104
5.36115	105
5.36464	103
5.36464	104
5.36464	105
5.36697	103
5.36697	104
5.36697	105
5.37046	103
5.37046	104
5.37046	105
5.4577	103
5.4577	104
5.4577	105
5.46003	103
5.46003	104
5.46003	105
5.46352	103
5.46352	104
5.46352	105
5.46584	103
5.46584	104
5.46584	105
5.46933	103
5.46933	104
5.46933	105
5.47166	103
5.47166	104
5.47166	105
5.47515	103
5.47515	104
5.47515	105
5.47747	103
5.47747	104
5.47747	105
5.4798	103
5.4798	104
5.4798	105
5.48445	103
5.48445	104
5.48445	105
5.48678	103
5.48678	104
5.48678	105
5.49027	103
5.49027	104
5.49027	105
5.4926	103
5.4926	104
5.4926	105
5.49609	103
5.49609	104
5.49609	105
5.49841	103
5.49841	104
5.49841	105
5.5019	103
5.5019	104
5.5019	105
5.50423	103
5.50423	104
5.50423	105
5.50772	103
5.50772	104
5.50772	105
5.51004	103
5.51004	104
5.51004	105
5.51353	103
5.51353	104
5.51353	105
5.51586	103
5.51586	104
5.51586	105
5.51935	103
5.51935	104
5.51935	105
5.52168	103
5.52168	104
5.52168	105
5.52633	103
5.52633	104
5.52633	105
5.52865	103
5.52865	104
5.52865	105
5.53214	103
5.53214	104
5.53214	105
5.53447	103
5.53447	104
5.53447	105
5.53796	103
5.53796	104
5.53796	105
5.54029	103
5.54029	104
5.54029	105
5.54378	103
5.54378	104
5.54378	105
5.5461	103
5.5461	104
5.5461	105
5.54959	103
5.54959	104
5.54959	105
5.55192	103
5.55192	104
5.55192	105
5.55541	103
5.55541	104
5.55541	105
5.5589	103
5.5589	104
5.5589	105
5.56122	103
5.56122	104
5.56122	105
5.56471	103
5.56471	104
5.56471	105
5.5682	103
5.5682	104
5.5682	105
5.57053	103
5.57053	104
5.57053	105
5.57286	103
5.57286	104
5.57286	105
5.57635	103
5.57635	104
5.57635	105
5.57867	103
5.57867	104
5.57867	105
5.581	103
5.581	104
5.581	105
5.58333	103
5.58333	104
5.58333	105
5.58565	103
5.58565	104
5.58565	105
5.58798	103
5.58798	104
5.58798	105
5.5903	103
5.5903	104
5.5903	105
5.59263	103
5.59263	104
5.59263	105
5.59496	103
5.59496	104
5.59496	105
5.59728	103
5.59728	104
5.59728	105
5.59961	103
5.59961	104
5.59961	105
5.6031	103
5.6031	104
5.6031	105
5.6915	103
5.6915	104
5.6915	105
5.69383	103
5.69383	104
5.69383	105
5.69732	103
5.69732	104
5.69732	105
5.69965	103
5.69965	104
5.69965	105
5.70313	103
5.70313	104
5.70313	105
5.70546	103
5.70546	104
5.70546	105
5.70895	103
5.70895	104
5.70895	105
5.71128	103
5.71128	104
5.71128	105
5.7136	103
5.7136	104
5.7136	105
5.71709	103
5.71709	104
5.71709	105
5.71942	103
5.71942	104
5.71942	105
5.72291	103
5.72291	104
5.72291	105
5.7264	103
5.7264	104
5.7264	105
5.72989	103
5.72989	104
5.72989	105
5.73221	103
5.73221	104
5.73221	105
5.7357	103
5.7357	104
5.7357	105
5.73803	103
5.73803	104
5.73803	105
5.74152	103
5.74152	104
5.74152	105
5.74385	103
5.74385	104
5.74385	105
5.74734	103
5.74734	104
5.74734	105
5.74966	103
5.74966	104
5.74966	105
5.75315	103
5.75315	104
5.75315	105
5.75548	103
5.75548	104
5.75548	105
5.75897	103
5.75897	104
5.75897	105
5.76246	103
5.76246	104
5.76246	105
5.76711	103
5.76711	104
5.76711	105
5.76944	103
5.76944	104
5.76944	105
5.77293	103
5.77293	104
5.77293	105
5.77525	103
5.77525	104
5.77525	105
5.77874	103
5.77874	104
5.77874	105
5.78223	103
5.78223	104
5.78223	105
5.78456	103
5.78456	104
5.78456	105
5.78805	103
5.78805	104
5.78805	105
5.79154	103
5.79154	104
5.79154	105
5.79386	103
5.79386	104
5.79386	105
5.79735	103
5.79735	104
5.79735	105
5.80084	103
5.80084	104
5.80084	105
5.80317	103
5.80317	104
5.80317	105
5.8055	103
5.8055	104
5.8055	105
5.80899	103
5.80899	104
5.80899	105
5.81248	103
5.81248	104
5.81248	105
5.8148	103
5.8148	104
5.8148	105
5.81829	103
5.81829	104
5.81829	105
5.82062	103
5.82062	104
5.82062	105
5.82294	103
5.82294	104
5.82294	105
5.82527	103
5.82527	104
5.82527	105
5.8276	103
5.8276	104
5.8276	105
5.82992	103
5.82992	104
5.82992	105
5.83225	103
5.83225	104
5.83225	105
5.83458	103
5.83458	104
5.83458	105
5.8369	103
5.8369	104
5.8369	105
5.83923	103
5.83923	104
5.83923	105
5.91833	103
5.91833	104
5.91833	105
5.92182	103
5.92182	104
5.92182	105
5.92531	103
5.92531	104
5.92531	105
5.92763	103
5.92763	104
5.92763	105
5.92996	103
5.92996	104
5.92996	105
5.93345	103
5.93345	104
5.93345	105
5.93577	103
5.93577	104
5.93577	105
5.93926	103
5.93926	104
5.93926	105
5.94159	103
5.94159	104
5.94159	105
5.94392	103
5.94392	104
5.94392	105
5.94741	103
5.94741	104
5.94741	105
5.94973	103
5.94973	104
5.94973	105
5.95322	103
5.95322	104
5.95322	105
5.95555	103
5.95555	104
5.95555	105
5.9602	103
5.9602	104
5.9602	105
5.96253	103
5.96253	104
5.96253	105
5.96602	103
5.96602	104
5.96602	105
5.96834	103
5.96834	104
5.96834	105
5.97183	103
5.97183	104
5.97183	105
5.97416	103
5.97416	104
5.97416	105
5.97765	103
5.97765	104
5.97765	105
5.97998	103
5.97998	104
5.97998	105
5.9823	103
5.9823	104
5.9823	105
5.98579	103
5.98579	104
5.98579	105
5.98812	103
5.98812	104
5.98812	105
5.99161	103
5.99161	104
5.99161	105
5.9951	103
5.9951	104
5.9951	105
5.99859	103
5.99859	104
5.99859	105
6.00091	103
6.00091	104
6.00091	105
6.0044	103
6.0044	104
6.0044	105
6.00789	103
6.00789	104
6.00789	105
6.01022	103
6.01022	104
6.01022	105
6.01255	103
6.01255	104
6.01255	105
6.01604	103
6.01604	104
6.01604	105
6.01836	103
6.01836	104
6.01836	105
6.02185	103
6.02185	104
6.02185	105
6.02418	103
6.02418	104
6.02418	105
6.02767	103
6.02767	104
6.02767	105
6.02999	103
6.02999	104
6.02999	105
6.03348	103
6.03348	104
6.03348	105
6.03697	103
6.03697	104
6.03697	105
6.04046	103
6.04046	104
6.04046	105
6.04279	103
6.04279	104
6.04279	105
6.04512	103
6.04512	104
6.04512	105
6.04861	103
6.04861	104
6.04861	105
6.05093	103
6.05093	104
6.05093	105
6.05442	103
6.05442	104
6.05442	105
6.05675	103
6.05675	104
6.05675	105
6.05907	103
6.05907	104
6.05907	105
6.06256	103
6.06256	104
6.06256	105
6.06489	103
6.06489	104
6.06489	105
6.06722	103
6.06722	104
6.06722	105
6.1498	103
6.1498	104
6.1498	105
6.15329	103
6.15329	104
6.15329	105
6.15562	103
6.15562	104
6.15562	105
6.15795	103
6.15795	104
6.15795	105
6.16027	103
6.16027	104
6.16027	105
