0.0601875	1
0.0601875	2
0.0601875	3
0.0601875	4
0.0601875	5
0.0601875	6
0.0601875	7
0.0601875	8
0.0601875	9
0.0601875	10
0.141218	9
0.141218	10
0.141218	11
0.145871	9
0.145871	10
0.145871	11
0.145871	12
0.145871	13
0.150567	11
0.150567	12
0.150567	13
0.150567	14
0.150567	15
0.15522	13
0.15522	14
0.15522	15
0.15522	16
0.15522	17
0.159872	15
0.159872	16
0.159872	17
0.159872	18
0.159872	19
0.212831	17
0.212831	18
0.212831	19
0.212831	20
0.212831	21
0.217484	19
0.217484	20
0.217484	21
0.217484	22
0.217484	23
0.21981	21
0.21981	22
0.21981	23
0.21981	24
0.21981	25
0.225626	23
0.225626	24
0.225626	25
0.225626	26
0.225626	27
0.227953	25
0.227953	26
0.227953	27
0.227953	28
0.227953	29
0.234932	27
0.234932	28
0.234932	29
0.234932	30
0.234932	31
0.237258	29
0.237258	30
0.237258	31
0.237258	32
0.237258	33
0.244237	31
0.244237	32
0.244237	33
0.244237	34
0.244237	35
0.246564	33
0.246564	34
0.246564	35
0.246564	36
0.246564	37
0.322172	35
0.322172	36
0.322172	37
0.322172	38
0.322172	39
0.324498	37
0.324498	38
0.324498	39
0.324498	40
0.324498	41
0.329151	39
0.329151	40
0.329151	41
0.329151	42
0.329151	43
0.331477	41
0.331477	42
0.331477	43
0.331477	44
0.331477	45
0.334967	43
0.334967	44
0.334967	45
0.334967	46
0.334967	47
0.337293	45
0.337293	46
0.337293	47
0.337293	48
0.337293	49
0.345436	47
0.345436	48
0.345436	49
0.345436	50
0.345436	51
0.347762	49
0.347762	50
0.347762	51
0.347762	52
0.347762	53
0.352415	51
0.352415	52
0.352415	53
0.352415	54
0.352415	55
0.354741	53
0.354741	54
0.354741	55
0.354741	56
0.354741	57
0.362884	55
0.362884	56
0.362884	57
0.362884	58
0.362884	59
0.36521	57
0.36521	58
0.36521	59
0.36521	60
0.36521	61
0.369863	59
0.369863	60
0.369863	61
0.369863	62
0.369863	63
0.372189	61
0.372189	62
0.372189	63
0.372189	64
0.372189	65
0.382658	63
0.382658	64
0.382658	65
0.382658	66
0.382658	67
0.384985	65
0.384985	66
0.384985	67
0.384985	68
0.384985	69
0.389637	67
0.389637	68
0.389637	69
0.389637	70
0.389637	71
0.391964	69
0.391964	70
0.391964	71
0.391964	72
0.391964	73
0.531548	71
0.531548	72
0.531548	73
0.531548	74
0.531548	75
0.533874	73
0.533874	74
0.533874	75
0.533874	76
0.533874	77
0.536201	75
0.536201	76
0.536201	77
0.536201	78
0.536201	79
0.538527	77
0.538527	78
0.538527	79
0.538527	80
0.538527	81
0.54318	79
0.54318	80
0.54318	81
0.54318	82
0.54318	83
0.545506	81
0.545506	82
0.545506	83
0.545506	84
0.545506	85
0.548996	83
0.548996	84
0.548996	85
0.548996	86
0.548996	87
0.551322	85
0.551322	86
0.551322	87
0.551322	88
0.551322	89
0.555975	87
0.555975	88
0.555975	89
0.555975	90
0.555975	91
0.558301	89
0.558301	90
0.558301	91
0.561791	89
0.561791	90
0.561791	91
0.564117	89
0.564117	90
0.564117	91
0.571097	89
0.571097	90
0.571097	91
0.573423	89
0.573423	90
0.573423	91
0.576913	89
0.576913	90
0.576913	91
0.579239	89
0.579239	90
0.579239	91
0.586218	89
0.586218	90
0.586218	91
0.588545	89
0.588545	90
0.588545	91
0.592034	89
0.592034	90
0.592034	91
0.592034	92
0.594361	90
0.594361	91
0.594361	92
0.602503	90
0.602503	91
0.602503	92
0.604829	90
0.604829	91
0.604829	92
0.608319	90
0.608319	91
0.608319	92
0.610645	90
0.610645	91
0.610645	92
0.617625	90
0.617625	91
0.617625	92
0.619951	90
0.619951	91
0.619951	92
0.622277	90
0.622277	91
0.622277	92
0.624604	90
0.624604	91
0.624604	92
0.635073	90
0.635073	91
0.635073	92
0.635073	93
0.637399	91
0.637399	92
0.637399	93
0.640889	91
0.640889	92
0.640889	93
0.643215	91
0.643215	92
0.643215	93
0.645541	91
0.645541	92
0.645541	93
0.647868	91
0.647868	92
0.647868	93
0.650194	91
0.650194	92
0.650194	93
0.652521	91
0.652521	92
0.652521	93
0.809553	91
0.809553	92
0.809553	93
0.811885	91
0.811885	92
0.811885	93
0.813049	92
0.813049	93
0.814218	90
0.814218	91
0.815382	90
0.816551	87
0.817714	86
0.817714	87
0.821204	84
0.821204	85
0.822367	84
0.82353	81
0.82353	82
0.824694	81
0.824694	82
0.82702	79
0.828183	78
0.828183	79
0.83051	76
0.83051	77
0.832836	76
0.833999	73
0.833999	74
0.835162	70
0.835162	71
0.837489	70
0.838652	69
0.838652	70
0.839815	68
0.839815	69
0.840978	67
0.842142	66
0.842142	67
0.847958	66
0.847958	67
0.849121	66
0.850284	65
0.850284	66
0.851447	65
0.851447	66
0.853774	65
0.854937	64
0.854937	65
0.857263	64
0.858426	63
0.858426	64
0.864242	63
0.864242	64
0.865406	63
0.866569	62
0.867732	61
0.867732	62
0.868895	61
0.868895	62
0.870058	61
0.870058	62
0.871222	61
0.871222	62
0.872385	61
0.872385	62
0.873548	61
0.873548	62
0.880527	61
0.880527	62
0.88169	61
0.88169	62
0.884017	61
0.884017	62
0.88518	61
0.88518	62
0.886343	61
0.886343	62
0.887506	60
0.887506	61
0.88867	60
0.88867	61
0.894486	60
0.894486	61
0.895649	60
0.895649	61
0.896812	60
0.896812	61
0.897975	60
0.897975	61
0.899138	60
0.899138	61
0.900302	60
0.900302	61
0.901465	60
0.901465	61
0.902628	60
0.902628	61
0.913097	60
0.913097	61
0.91426	60
0.91426	61
0.915423	60
0.915423	61
0.916586	60
0.916586	61
0.91775	59
0.91775	60
0.918913	59
0.918913	60
0.920076	59
0.920076	60
0.921239	59
0.921239	60
0.922402	59
0.922402	60
0.923566	59
0.923566	60
0.924729	59
0.924729	60
0.925892	59
0.925892	60
0.927055	59
0.927055	60
0.928218	59
0.928218	60
0.929382	59
0.929382	60
0.930545	59
0.930545	60
1.06664	59
1.06664	60
1.0678	59
1.0678	60
1.06897	59
1.06897	60
1.07013	59
1.07013	60
1.07129	59
1.07129	60
1.07246	59
1.07246	60
1.07246	61
1.07246	62
1.07362	61
1.07362	62
1.07711	61
1.07711	62
1.07827	61
1.07827	62
1.07943	61
1.07943	62
1.08176	61
1.08176	62
1.08409	61
1.08409	62
1.08641	61
1.08641	62
1.08758	61
1.08758	62
1.0899	61
1.0899	62
1.09107	61
1.09107	62
1.09223	61
1.09223	62
1.09805	61
1.09805	62
1.09921	61
1.09921	62
1.10037	61
1.10037	62
1.10386	61
1.10386	62
1.10502	61
1.10502	62
1.11084	61
1.11084	62
1.112	61
1.112	62
1.11316	61
1.11316	62
1.11432	61
1.11432	62
1.11549	61
1.11549	62
1.11665	61
1.11665	62
1.11781	61
1.11781	62
1.12479	61
1.12479	62
1.12712	61
1.12712	62
1.12828	61
1.12828	62
1.12945	61
1.12945	62
1.13061	61
1.13061	62
1.13177	61
1.13177	62
1.13293	61
1.13293	62
1.13874	61
1.13874	62
1.13991	61
1.13991	62
1.14107	61
1.14107	62
1.14223	61
1.14223	62
1.1434	61
1.1434	62
1.14456	61
1.14456	62
1.14572	61
1.14572	62
1.14689	61
1.14689	62
1.15736	61
1.15736	62
1.15852	61
1.15852	62
1.15968	61
1.15968	62
1.16085	61
1.16085	62
1.162	61
1.162	62
1.162	63
1.16433	61
1.16433	62
1.16433	63
1.16665	61
1.16665	62
1.16665	63
1.16898	61
1.16898	62
1.16898	63
1.17131	61
1.17131	62
1.17131	63
1.17363	61
1.17363	62
1.17363	63
1.33299	61
1.33299	62
1.33299	63
1.33299	64
1.33532	62
1.33532	63
1.33532	64
1.33532	65
1.33765	63
1.33765	64
1.33765	65
1.33997	63
1.33997	64
1.33997	65
1.3423	63
1.3423	64
1.3423	65
1.34579	63
1.34579	64
1.34579	65
1.34811	63
1.34811	64
1.34811	65
1.35044	63
1.35044	64
1.35044	65
1.35277	63
1.35277	64
1.35277	65
1.35626	63
1.35626	64
1.35626	65
1.35626	66
1.35975	64
1.35975	65
1.35975	66
1.36207	64
1.36207	65
1.36207	66
1.36556	64
1.36556	65
1.36556	66
1.36905	64
1.36905	65
1.36905	66
1.37138	64
1.37138	65
1.37138	66
1.3737	64
1.3737	65
1.3737	66
1.37719	64
1.37719	65
1.37719	66
1.38068	64
1.38068	65
1.38068	66
1.38301	64
1.38301	65
1.38301	66
1.3865	64
1.3865	65
1.3865	66
1.38883	64
1.38883	65
1.38883	66
1.39115	64
1.39115	65
1.39115	66
1.39348	64
1.39348	65
1.39348	66
1.39813	64
1.39813	65
1.39813	66
1.39813	67
1.40046	65
1.40046	66
1.40046	67
1.40395	65
1.40395	66
1.40395	67
1.40744	65
1.40744	66
1.40744	67
1.40976	65
1.40976	66
1.40976	67
1.41209	65
1.41209	66
1.41209	67
1.41442	65
1.41442	66
1.41442	67
1.41674	65
1.41674	66
1.41674	67
1.58075	65
1.58075	66
1.58075	67
1.58075	68
1.58308	66
1.58308	67
1.58308	68
1.58541	66
1.58541	67
1.58541	68
1.5889	66
1.5889	67
1.5889	68
1.59239	66
1.59239	67
1.59239	68
1.59239	69
1.59588	67
1.59588	68
1.59588	69
1.59937	67
1.59937	68
1.59937	69
1.60169	67
1.60169	68
1.60169	69
1.60402	67
1.60402	68
1.60402	69
1.60751	67
1.60751	68
1.60751	69
1.61216	67
1.61216	68
1.61216	69
1.61449	67
1.61449	68
1.61449	69
1.61681	67
1.61681	68
1.61681	69
1.6203	67
1.6203	68
1.6203	69
1.6203	70
1.62379	68
1.62379	69
1.62379	70
1.62728	68
1.62728	69
1.62728	70
1.63077	68
1.63077	69
1.63077	70
1.6331	68
1.6331	69
1.6331	70
1.63659	68
1.63659	69
1.63659	70
1.64008	68
1.64008	69
1.64008	70
1.64357	68
1.64357	69
1.64357	70
1.64706	68
1.64706	69
1.64706	70
1.64938	68
1.64938	69
1.64938	70
1.65171	68
1.65171	69
1.65171	70
1.6552	68
1.6552	69
1.6552	70
1.6552	71
1.65869	69
1.65869	70
1.65869	71
1.66218	69
1.66218	70
1.66218	71
1.6645	69
1.6645	70
1.6645	71
1.66683	69
1.66683	70
1.66683	71
1.67148	69
1.67148	70
1.67148	71
1.67381	69
1.67381	70
1.67381	71
1.67614	69
1.67614	70
1.67614	71
1.67963	69
1.67963	70
1.67963	71
1.8576	69
1.8576	70
1.8576	71
1.8576	72
1.85992	70
1.85992	71
1.85992	72
1.86225	70
1.86225	71
1.86225	72
1.86691	70
1.86691	71
1.86691	72
1.86807	71
1.86807	72
1.8704	70
1.8704	71
1.87156	70
1.87273	69
1.87389	68
1.87389	69
1.87622	67
1.87622	68
1.87738	67
1.87971	66
1.87971	67
1.88087	66
1.88087	67
1.8832	66
1.88437	65
1.88437	66
1.88553	65
1.88553	66
1.88786	64
1.88902	63
1.88902	64
1.89135	63
1.89135	64
1.89251	63
1.89484	62
1.89484	63
1.896	62
1.896	63
1.89833	62
1.89949	61
1.89949	62
1.90065	61
1.90065	62
1.90182	61
1.90414	59
1.90414	60
1.90531	59
1.90531	60
1.90763	59
1.9088	58
1.9088	59
1.91112	58
1.91112	59
1.91229	58
1.91345	57
1.91345	58
1.91461	57
1.91461	58
1.91694	57
1.9181	56
1.9181	57
1.92043	56
1.92043	57
1.92159	56
1.92392	55
1.92392	56
1.92508	55
1.92508	56
1.92624	55
1.92741	54
1.92741	55
1.92973	54
1.92973	55
1.9309	54
1.93206	53
1.93206	54
1.93322	53
1.93322	54
1.93439	53
1.93671	52
1.93671	53
1.93788	52
1.93788	53
1.93904	52
1.9402	51
1.94253	50
1.94369	49
1.94486	48
1.94486	49
1.94602	48
1.94602	49
1.94951	48
1.94951	49
1.95067	48
1.95067	49
1.95183	48
1.95183	49
1.953	48
1.953	49
1.95532	48
1.95532	49
1.95649	48
1.95649	49
1.95765	48
1.95765	49
2.12282	47
2.12282	48
2.12399	47
2.12399	48
2.12515	47
2.12515	48
2.12631	47
2.12631	48
2.12748	47
2.12748	48
2.1298	47
2.1298	48
2.13097	47
2.13097	48
2.13329	47
2.13329	48
2.13446	47
2.13446	48
2.13562	47
2.13562	48
2.13795	47
2.13795	48
2.13795	49
2.13911	48
2.13911	49
2.14144	48
2.14144	49
2.14376	48
2.14376	49
2.14493	48
2.14493	49
2.14725	48
2.14725	49
2.14842	48
2.14842	49
2.15074	48
2.15074	49
2.15306	48
2.15306	49
2.15539	48
2.15539	49
2.15655	48
2.15655	49
2.15771	48
2.15771	49
2.16004	48
2.16004	49
2.1612	48
2.1612	49
2.16352	48
2.16352	49
2.16585	48
2.16585	49
2.16701	48
2.16701	49
2.16934	48
2.16934	49
2.1705	48
2.1705	49
2.17399	48
2.17399	49
2.17516	48
2.17516	49
2.17632	48
2.17632	49
2.17865	48
2.17865	49
2.17981	48
2.17981	49
2.18097	48
2.18097	49
2.18446	48
2.18446	49
2.18562	48
2.18562	49
2.18795	48
2.18795	49
2.18911	48
2.18911	49
2.19144	48
2.19144	49
2.19377	48
2.19377	49
2.19609	48
2.19609	49
2.19726	48
2.19726	49
2.19842	48
2.19842	49
2.19958	48
2.19958	49
2.20191	48
2.20191	49
2.20307	48
2.20307	49
2.20424	48
2.20424	49
2.34265	48
2.34265	49
2.34265	50
2.34498	48
2.34498	49
2.34498	50
2.3473	48
2.3473	49
2.3473	50
2.35196	48
2.35196	49
2.35196	50
2.35428	48
2.35428	49
2.35428	50
2.35777	48
2.35777	49
2.35777	50
2.3601	48
2.3601	49
2.3601	50
2.36359	48
2.36359	49
2.36359	50
2.36708	48
2.36708	49
2.36708	50
2.3694	48
2.3694	49
2.3694	50
2.37289	48
2.37289	49
2.37289	50
2.37638	48
2.37638	49
2.37638	50
2.37987	48
2.37987	49
2.37987	50
2.3822	48
2.3822	49
2.3822	50
2.38569	48
2.38569	49
2.38569	50
2.38918	48
2.38918	49
2.38918	50
2.3915	48
2.3915	49
2.3915	50
2.39499	48
2.39499	49
2.39499	50
2.39965	48
2.39965	49
2.39965	50
2.40197	48
2.40197	49
2.40197	50
2.40546	48
2.40546	49
2.40546	50
2.40895	48
2.40895	49
2.40895	50
2.41244	48
2.41244	49
2.41244	50
2.41244	51
2.41593	49
2.41593	50
2.41593	51
2.41826	49
2.41826	50
2.41826	51
2.56017	49
2.56017	50
2.56017	51
2.56249	49
2.56249	50
2.56249	51
2.56598	49
2.56598	50
2.56598	51
2.57064	49
2.57064	50
2.57064	51
2.57296	49
2.57296	50
2.57296	51
2.57645	49
2.57645	50
2.57645	51
2.57878	49
2.57878	50
2.57878	51
2.58343	49
2.58343	50
2.58343	51
2.58576	49
2.58576	50
2.58576	51
2.58809	49
2.58809	50
2.58809	51
2.58809	52
2.59157	50
2.59157	51
2.59157	52
2.59623	50
2.59623	51
2.59623	52
2.59855	50
2.59855	51
2.59855	52
2.60204	50
2.60204	51
2.60204	52
2.60437	50
2.60437	51
2.60437	52
2.60786	50
2.60786	51
2.60786	52
2.61135	50
2.61135	51
2.61135	52
2.61484	50
2.61484	51
2.61484	52
2.61833	50
2.61833	51
2.61833	52
2.62065	50
2.62065	51
2.62065	52
2.62414	50
2.62414	51
2.62414	52
2.62763	50
2.62763	51
2.62763	52
2.63112	50
2.63112	51
2.63112	52
2.63345	50
2.63345	51
2.63345	52
2.6381	50
2.6381	51
2.6381	52
2.78118	50
2.78118	51
2.78118	52
2.78118	53
2.78467	51
2.78467	52
2.78467	53
2.78699	51
2.78699	52
2.78699	53
2.79165	51
2.79165	52
2.79165	53
2.79397	51
2.79397	52
2.79397	53
2.79746	51
2.79746	52
2.79746	53
2.79979	51
2.79979	52
2.79979	53
2.80444	51
2.80444	52
2.80444	53
2.80793	51
2.80793	52
2.80793	53
2.81026	51
2.81026	52
2.81026	53
2.81258	51
2.81258	52
2.81258	53
2.81258	54
2.81491	52
2.81491	53
2.81491	54
2.8184	52
2.8184	53
2.8184	54
2.82305	52
2.82305	53
2.82305	54
2.82538	52
2.82538	53
2.82538	54
2.82887	52
2.82887	53
2.82887	54
2.83119	52
2.83119	53
2.83119	54
2.83585	52
2.83585	53
2.83585	54
2.83817	52
2.83817	53
2.83817	54
2.84166	52
2.84166	53
2.84166	54
2.84399	52
2.84399	53
2.84399	54
2.84864	52
2.84864	53
2.84864	54
2.85097	52
2.85097	53
2.85097	54
2.85446	52
2.85446	53
2.85446	54
2.85678	52
2.85678	53
2.85678	54
2.86144	52
2.86144	53
2.86144	54
3.00916	52
3.00916	53
3.00916	54
3.00916	55
3.01149	53
3.01149	54
3.01149	55
3.01382	53
3.01382	54
3.01382	55
3.01847	53
3.01847	54
3.01847	55
3.0208	53
3.0208	54
3.0208	55
3.02429	53
3.02429	54
3.02429	55
3.02661	53
3.02661	54
3.02661	55
3.0301	53
3.0301	54
3.0301	55
3.03359	53
3.03359	54
3.03359	55
3.03592	53
3.03592	54
3.03592	55
3.03824	53
3.03824	54
3.03824	55
3.04057	53
3.04057	54
3.04057	55
3.04406	53
3.04406	54
3.04406	55
3.04755	53
3.04755	54
3.04755	55
3.05104	53
3.05104	54
3.05104	55
3.05337	53
3.05337	54
3.05337	55
3.05569	53
3.05569	54
3.05569	55
3.06034	53
3.06034	54
3.06034	55
3.06267	53
3.06267	54
3.06267	55
3.06616	53
3.06616	54
3.06616	55
3.06849	53
3.06849	54
3.06849	55
3.06849	56
3.07081	54
3.07081	55
3.07081	56
3.07547	54
3.07547	55
3.07547	56
3.07779	54
3.07779	55
3.07779	56
3.08128	54
3.08128	55
3.08128	56
3.08361	54
3.08361	55
3.08361	56
3.08826	54
3.08826	55
3.08826	56
3.23831	54
3.23831	55
3.23831	56
3.23831	57
3.2418	55
3.2418	56
3.2418	57
3.24529	55
3.24529	56
3.24529	57
3.24762	55
3.24762	56
3.24762	57
3.25111	55
3.25111	56
3.25111	57
3.2546	55
3.2546	56
3.2546	57
3.25809	55
3.25809	56
3.25809	57
3.26041	55
3.26041	56
3.26041	57
3.2639	55
3.2639	56
3.2639	57
3.26623	55
3.26623	56
3.26623	57
3.27088	55
3.27088	56
3.27088	57
3.27321	55
3.27321	56
3.27321	57
3.2767	55
3.2767	56
3.2767	57
3.27903	55
3.27903	56
3.27903	57
3.28368	55
3.28368	56
3.28368	57
3.28601	55
3.28601	56
3.28601	57
3.28949	55
3.28949	56
3.28949	57
3.29182	55
3.29182	56
3.29182	57
3.29531	55
3.29531	56
3.29531	57
3.2988	55
3.2988	56
3.2988	57
3.30229	55
3.30229	56
3.30229	57
3.30462	55
3.30462	56
3.30462	57
3.30694	55
3.30694	56
3.30694	57
3.31043	55
3.31043	56
3.31043	57
3.31276	55
3.31276	56
3.31276	57
3.31741	55
3.31741	56
3.31741	57
3.31974	55
3.31974	56
3.31974	57
3.32323	55
3.32323	56
3.32323	57
3.32323	58
3.47561	56
3.47561	57
3.47561	58
3.47793	56
3.47793	57
3.47793	58
3.48259	56
3.48259	57
3.48259	58
3.48491	56
3.48491	57
3.48491	58
3.4884	56
3.4884	57
3.4884	58
3.49073	56
3.49073	57
3.49073	58
3.49422	56
3.49422	57
3.49422	58
3.49654	56
3.49654	57
3.49654	58
3.50003	56
3.50003	57
3.50003	58
3.50352	56
3.50352	57
3.50352	58
3.50701	56
3.50701	57
3.50701	58
3.50934	56
3.50934	57
3.50934	58
3.51283	56
3.51283	57
3.51283	58
3.51516	56
3.51516	57
3.51516	58
3.51865	56
3.51865	57
3.51865	58
3.52213	56
3.52213	57
3.52213	58
3.52562	56
3.52562	57
3.52562	58
3.52795	56
3.52795	57
3.52795	58
3.53144	56
3.53144	57
3.53144	58
3.53377	56
3.53377	57
3.53377	58
3.53726	56
3.53726	57
3.53726	58
3.54075	56
3.54075	57
3.54075	58
3.54307	56
3.54307	57
3.54307	58
3.54656	56
3.54656	57
3.54656	58
3.54889	56
3.54889	57
3.54889	58
3.55238	56
3.55238	57
3.55238	58
3.5547	56
3.5547	57
3.5547	58
3.55936	56
3.55936	57
3.55936	58
3.56168	56
3.56168	57
3.56168	58
3.56168	59
3.7129	57
3.7129	58
3.7129	59
3.71523	57
3.71523	58
3.71523	59
3.71988	57
3.71988	58
3.71988	59
3.72221	57
3.72221	58
3.72221	59
3.72569	57
3.72569	58
3.72569	59
3.72802	57
3.72802	58
3.72802	59
3.73035	57
3.73035	58
3.73035	59
3.73384	57
3.73384	58
3.73384	59
3.73733	57
3.73733	58
3.73733	59
3.73965	57
3.73965	58
3.73965	59
3.74314	57
3.74314	58
3.74314	59
3.74547	57
3.74547	58
3.74547	59
3.74896	57
3.74896	58
3.74896	59
3.75129	57
3.75129	58
3.75129	59
3.75477	57
3.75477	58
3.75477	59
3.75826	57
3.75826	58
3.75826	59
3.76059	57
3.76059	58
3.76059	59
3.76408	57
3.76408	58
3.76408	59
3.76641	57
3.76641	58
3.76641	59
3.76873	57
3.76873	58
3.76873	59
3.77339	57
3.77339	58
3.77339	59
3.77571	57
3.77571	58
3.77571	59
3.7792	57
3.7792	58
3.7792	59
3.78153	57
3.78153	58
3.78153	59
3.78385	57
3.78385	58
3.78385	59
3.78734	57
3.78734	58
3.78734	59
3.78967	57
3.78967	58
3.78967	59
3.79432	57
3.79432	58
3.79432	59
3.79665	57
3.79665	58
3.79665	59
3.79665	60
3.95252	58
3.95252	59
3.95252	60
3.95485	58
3.95485	59
3.95485	60
3.95717	58
3.95717	59
3.95717	60
3.9595	58
3.9595	59
3.9595	60
3.96299	58
3.96299	59
3.96299	60
3.96531	58
3.96531	59
3.96531	60
3.9688	58
3.9688	59
3.9688	60
3.97229	58
3.97229	59
3.97229	60
3.97462	58
3.97462	59
3.97462	60
3.97695	58
3.97695	59
3.97695	60
3.98044	58
3.98044	59
3.98044	60
3.98276	58
3.98276	59
3.98276	60
3.98625	58
3.98625	59
3.98625	60
3.98858	58
3.98858	59
3.98858	60
3.99207	58
3.99207	59
3.99207	60
3.99556	58
3.99556	59
3.99556	60
3.99788	58
3.99788	59
3.99788	60
4.00137	58
4.00137	59
4.00137	60
4.0037	58
4.0037	59
4.0037	60
4.00603	58
4.00603	59
4.00603	60
4.01068	58
4.01068	59
4.01068	60
4.01301	58
4.01301	59
4.01301	60
4.01649	58
4.01649	59
4.01649	60
4.01882	58
4.01882	59
4.01882	60
4.02115	58
4.02115	59
4.02115	60
4.02464	58
4.02464	59
4.02464	60
4.02696	58
4.02696	59
4.02696	60
4.03162	58
4.03162	59
4.03162	60
4.03394	58
4.03394	59
4.03394	60
4.03627	58
4.03627	59
4.03627	60
4.03627	61
4.19563	59
4.19563	60
4.19563	61
4.19912	59
4.19912	60
4.19912	61
4.20144	59
4.20144	60
4.20144	61
4.20377	59
4.20377	60
4.20377	61
4.2061	59
4.2061	60
4.2061	61
4.20842	59
4.20842	60
4.20842	61
4.21308	59
4.21308	60
4.21308	61
4.2154	59
4.2154	60
4.2154	61
4.21889	59
4.21889	60
4.21889	61
4.22122	59
4.22122	60
4.22122	61
4.22354	59
4.22354	60
4.22354	61
4.22587	59
4.22587	60
4.22587	61
4.22936	59
4.22936	60
4.22936	61
4.23169	59
4.23169	60
4.23169	61
4.23518	59
4.23518	60
4.23518	61
4.2375	59
4.2375	60
4.2375	61
4.23983	59
4.23983	60
4.23983	61
4.24332	59
4.24332	60
4.24332	61
4.24565	59
4.24565	60
4.24565	61
4.24797	59
4.24797	60
4.24797	61
4.25262	59
4.25262	60
4.25262	61
4.25495	59
4.25495	60
4.25495	61
4.25844	59
4.25844	60
4.25844	61
4.26077	59
4.26077	60
4.26077	61
4.26309	59
4.26309	60
4.26309	61
4.26658	59
4.26658	60
4.26658	61
4.26891	59
4.26891	60
4.26891	61
4.2724	59
4.2724	60
4.2724	61
4.27473	59
4.27473	60
4.27473	61
4.27705	59
4.27705	60
4.27705	61
4.43292	59
4.43292	60
4.43292	61
4.43525	59
4.43525	60
4.43525	61
4.43757	59
4.43757	60
4.43757	61
4.44106	59
4.44106	60
4.44106	61
4.44339	59
4.44339	60
4.44339	61
4.44688	59
4.44688	60
4.44688	61
4.45037	59
4.45037	60
4.45037	61
4.45269	59
4.45269	60
4.45269	61
4.45618	59
4.45618	60
4.45618	61
4.45851	59
4.45851	60
4.45851	61
4.46084	59
4.46084	60
4.46084	61
4.46316	59
4.46316	60
4.46316	61
4.46665	59
4.46665	60
4.46665	61
4.46898	59
4.46898	60
4.46898	61
4.47247	59
4.47247	60
4.47247	61
4.4748	59
4.4748	60
4.4748	61
4.47712	59
4.47712	60
4.47712	61
4.48061	59
4.48061	60
4.48061	61
4.48294	59
4.48294	60
4.48294	61
4.48643	59
4.48643	60
4.48643	61
4.48992	59
4.48992	60
4.48992	61
4.49224	59
4.49224	60
4.49224	61
4.49573	59
4.49573	60
4.49573	61
4.49806	59
4.49806	60
4.49806	61
4.50039	59
4.50039	60
4.50039	61
4.50388	59
4.50388	60
4.50388	61
4.5062	59
4.5062	60
4.5062	61
4.50969	59
4.50969	60
4.50969	61
4.51202	59
4.51202	60
4.51202	61
4.51434	59
4.51434	60
4.51434	61
4.67021	59
4.67021	60
4.67021	61
4.67254	59
4.67254	60
4.67254	61
4.67487	59
4.67487	60
4.67487	61
4.67836	59
4.67836	60
4.67836	61
4.68068	59
4.68068	60
4.68068	61
4.68301	59
4.68301	60
4.68301	61
4.68766	59
4.68766	60
4.68766	61
4.68999	59
4.68999	60
4.68999	61
4.69348	59
4.69348	60
4.69348	61
4.6958	59
4.6958	60
4.6958	61
4.69813	59
4.69813	60
4.69813	61
4.70046	59
4.70046	60
4.70046	61
4.70395	59
4.70395	60
4.70395	61
4.70627	59
4.70627	60
4.70627	61
4.70976	59
4.70976	60
4.70976	61
4.71209	59
4.71209	60
4.71209	61
4.71441	59
4.71441	60
4.71441	61
4.7179	59
4.7179	60
4.7179	61
4.72023	59
4.72023	60
4.72023	61
4.72372	59
4.72372	60
4.72372	61
4.72721	59
4.72721	60
4.72721	61
4.72954	59
4.72954	60
4.72954	61
4.73303	59
4.73303	60
4.73303	61
4.73535	59
4.73535	60
4.73535	61
4.73768	59
4.73768	60
4.73768	61
4.74117	59
4.74117	60
4.74117	61
4.74349	59
4.74349	60
4.74349	61
4.74698	59
4.74698	60
4.74698	61
4.74931	59
4.74931	60
4.74931	61
4.75164	59
4.75164	60
4.75164	61
4.90518	59
4.90518	60
4.90518	61
4.90751	59
4.90751	60
4.90751	61
4.90983	59
4.90983	60
4.90983	61
4.91332	59
4.91332	60
4.91332	61
4.91565	59
4.91565	60
4.91565	61
4.91797	59
4.91797	60
4.91797	61
4.92146	59
4.92146	60
4.92146	61
4.92495	59
4.92495	60
4.92495	61
4.92844	59
4.92844	60
4.92844	61
4.93077	59
4.93077	60
4.93077	61
4.9331	59
4.9331	60
4.9331	61
4.93659	59
4.93659	60
4.93659	61
4.93891	59
4.93891	60
4.93891	61
4.94124	59
4.94124	60
4.94124	61
4.94473	59
4.94473	60
4.94473	61
4.94705	59
4.94705	60
4.94705	61
4.94938	59
4.94938	60
4.94938	61
4.95287	59
4.95287	60
4.95287	61
4.9552	59
4.9552	60
4.9552	61
4.95869	59
4.95869	60
4.95869	61
4.96101	59
4.96101	60
4.96101	61
4.96567	59
4.96567	60
4.96567	61
4.96799	59
4.96799	60
4.96799	61
4.97032	59
4.97032	60
4.97032	61
4.97265	59
4.97265	60
4.97265	61
4.97613	59
4.97613	60
4.97613	61
4.97846	59
4.97846	60
4.97846	61
4.98195	59
4.98195	60
4.98195	61
4.98428	59
4.98428	60
4.98428	61
4.9866	59
4.9866	60
4.9866	61
5.13898	59
5.13898	60
5.13898	61
5.14131	59
5.14131	60
5.14131	61
5.14364	59
5.14364	60
5.14364	61
5.14713	59
5.14713	60
5.14713	61
5.14945	59
5.14945	60
5.14945	61
5.15178	59
5.15178	60
5.15178	61
5.15527	59
5.15527	60
5.15527	61
5.15759	59
5.15759	60
5.15759	61
5.16108	59
5.16108	60
5.16108	61
5.16457	59
5.16457	60
5.16457	61
5.1669	59
5.1669	60
5.1669	61
5.17039	59
5.17039	60
5.17039	61
5.17272	59
5.17272	60
5.17272	61
5.17504	59
5.17504	60
5.17504	61
5.17853	59
5.17853	60
5.17853	61
5.18086	59
5.18086	60
5.18086	61
5.18318	59
5.18318	60
5.18318	61
5.18667	59
5.18667	60
5.18667	61
5.189	59
5.189	60
5.189	61
5.19133	59
5.19133	60
5.19133	61
5.19482	59
5.19482	60
5.19482	61
5.19714	59
5.19714	60
5.19714	61
5.20063	59
5.20063	60
5.20063	61
5.20412	59
5.20412	60
5.20412	61
5.20645	59
5.20645	60
5.20645	61
5.20994	59
5.20994	60
5.20994	61
5.21226	59
5.21226	60
5.21226	61
5.21575	59
5.21575	60
5.21575	61
5.21808	59
5.21808	60
5.21808	61
5.22041	59
5.22041	60
5.22041	61
5.37279	59
5.37279	60
5.37279	61
5.37511	59
5.37511	60
5.37511	61
5.37744	59
5.37744	60
5.37744	61
5.38093	59
5.38093	60
5.38093	61
5.38325	59
5.38325	60
5.38325	61
5.38558	59
5.38558	60
5.38558	61
5.38907	59
5.38907	60
5.38907	61
5.3914	59
5.3914	60
5.3914	61
5.39489	59
5.39489	60
5.39489	61
5.39721	59
5.39721	60
5.39721	61
5.4007	59
5.4007	60
5.4007	61
5.40419	59
5.40419	60
5.40419	61
5.40652	59
5.40652	60
5.40652	61
5.40885	59
5.40885	60
5.40885	61
5.41233	59
5.41233	60
5.41233	61
5.41466	59
5.41466	60
5.41466	61
5.41699	59
5.41699	60
5.41699	61
5.42048	59
5.42048	60
5.42048	61
5.4228	59
5.4228	60
5.4228	61
5.42513	59
5.42513	60
5.42513	61
5.42862	59
5.42862	60
5.42862	61
5.43095	59
5.43095	60
5.43095	61
5.43444	59
5.43444	60
5.43444	61
5.43676	59
5.43676	60
5.43676	61
5.43909	59
5.43909	60
5.43909	61
5.44258	59
5.44258	60
5.44258	61
5.44607	59
5.44607	60
5.44607	61
5.44956	59
5.44956	60
5.44956	61
5.45188	59
5.45188	60
5.45188	61
5.45421	59
5.45421	60
5.45421	61
5.60659	59
5.60659	60
5.60659	61
5.60892	59
5.60892	60
5.60892	61
5.61241	59
5.61241	60
5.61241	61
5.61473	59
5.61473	60
5.61473	61
5.61706	59
5.61706	60
5.61706	61
5.61938	59
5.61938	60
5.61938	61
5.62287	59
5.62287	60
5.62287	61
5.6252	59
5.6252	60
5.6252	61
5.62869	59
5.62869	60
5.62869	61
5.63102	59
5.63102	60
5.63102	61
5.63451	59
5.63451	60
5.63451	61
5.63683	59
5.63683	60
5.63683	61
5.64032	59
5.64032	60
5.64032	61
5.64265	59
5.64265	60
5.64265	61
5.64614	59
5.64614	60
5.64614	61
5.64846	59
5.64846	60
5.64846	61
5.65079	59
5.65079	60
5.65079	61
5.65428	59
5.65428	60
5.65428	61
5.65661	59
5.65661	60
5.65661	61
5.65893	59
5.65893	60
5.65893	61
5.66242	59
5.66242	60
5.66242	61
5.66475	59
5.66475	60
5.66475	61
5.66824	59
5.66824	60
5.66824	61
5.67057	59
5.67057	60
5.67057	61
5.67289	59
5.67289	60
5.67289	61
5.67638	59
5.67638	60
5.67638	61
5.67871	59
5.67871	60
5.67871	61
5.6822	59
5.6822	60
5.6822	61
5.68569	59
5.68569	60
5.68569	61
5.68801	59
5.68801	60
5.68801	61
5.84156	59
5.84156	60
5.84156	61
5.84388	59
5.84388	60
5.84388	61
5.84737	59
5.84737	60
5.84737	61
5.8497	59
5.8497	60
5.8497	61
5.85202	59
5.85202	60
5.85202	61
5.85435	59
5.85435	60
5.85435	61
5.85668	59
5.85668	60
5.85668	61
5.859	59
5.859	60
5.859	61
5.86133	59
5.86133	60
5.86133	61
5.86366	59
5.86366	60
5.86366	61
5.86598	59
5.86598	60
5.86598	61
5.86831	59
5.86831	60
5.86831	61
5.87064	59
5.87064	60
5.87064	61
5.87296	59
5.87296	60
5.87296	61
5.87529	59
5.87529	60
5.87529	61
5.87761	59
5.87761	60
5.87761	61
5.87994	59
5.87994	60
5.87994	61
5.88343	59
5.88343	60
5.88343	61
5.88576	59
5.88576	60
5.88576	61
5.88808	59
5.88808	60
5.88808	61
5.89157	59
5.89157	60
5.89157	61
5.8939	59
5.8939	60
5.8939	61
5.89623	59
5.89623	60
5.89623	61
5.89972	59
5.89972	60
5.89972	61
5.90204	59
5.90204	60
5.90204	61
5.90437	59
5.90437	60
5.90437	61
5.90786	59
5.90786	60
5.90786	61
5.91018	59
5.91018	60
5.91018	61
5.91251	59
5.91251	60
5.91251	61
5.916	59
5.916	60
5.916	61
6.07071	59
6.07071	60
6.07071	61
6.07303	59
6.07303	60
6.07303	61
6.07652	59
6.07652	60
6.07652	61
6.07885	59
6.07885	60
6.07885	61
6.08117	59
6.08117	60
6.08117	61
6.08583	59
6.08583	60
6.08583	61
6.08815	59
6.08815	60
6.08815	61
6.09048	59
6.09048	60
6.09048	61
6.09397	59
6.09397	60
6.09397	61
6.0963	59
6.0963	60
6.0963	61
6.09862	59
6.09862	60
6.09862	61
6.10095	59
6.10095	60
6.10095	61
6.10328	59
6.10328	60
6.10328	61
6.1056	59
6.1056	60
6.1056	61
6.10793	59
6.10793	60
6.10793	61
6.11025	59
6.11025	60
6.11025	61
6.11258	59
6.11258	60
6.11258	61
6.11491	59
6.11491	60
6.11491	61
6.11723	59
6.11723	60
6.11723	61
6.11956	59
6.11956	60
6.11956	61
6.12189	59
6.12189	60
6.12189	61
6.12538	59
6.12538	60
6.12538	61
6.1277	59
6.1277	60
6.1277	61
6.13119	59
6.13119	60
6.13119	61
6.13352	59
6.13352	60
6.13352	61
6.13585	59
6.13585	60
6.13585	61
6.13933	59
6.13933	60
6.13933	61
6.14166	59
6.14166	60
6.14166	61
6.14399	59
6.14399	60
6.14399	61
6.14748	59
6.14748	60
6.14748	61
