statrtup 0.149404 125603 125603 89 0
statrtup 0.154056 358122 358122 94 0
statrtup 0.158709 568670 568670 98 0
statrtup 0.163362 760219 760219 103 0
statrtup 0.165688 955862 955862 105 0
statrtup 0.2233 1256031 1256031 163 0
statrtup 0.233769 1193743 1256031 82 0
statrtup 0.243074 1432491 1432491 87 0
statrtup 0.25238 1338114 1432491 92 0
statrtup 0.254706 1046170 1432491 89 0
statrtup 0.257033 1255404 1432491 88 0
statrtup 0.259359 1464638 1464638 86 0
statrtup 0.261685 1673872 1673872 83 0
statrtup 0.270991 1883106 1883106 88 0
statrtup 0.341946 1699166 1883106 154 0
statrtup 0.351252 1750656 1883106 126 0
statrtup 0.361721 1750656 1883106 132 0
statrtup 0.375679 1736306 1883106 140 0
statrtup 0.380332 1795164 1883106 140 0
statrtup 0.39429 1777589 1883106 149 0
statrtup 0.398943 1834021 1883106 149 0
statrtup 0.403596 1805364 1883106 149 0
statrtup 0.405922 1681186 1883106 147 0
statrtup 0.417554 1580816 1883106 154 0
statrtup 0.424533 1650618 1883106 157 0
statrtup 0.431513 1674540 1883106 159 0
statrtup 0.443145 1691512 1883106 167 0
statrtup 0.45245 1728212 1883106 172 0
statrtup 0.461756 1761331 1883106 177 0
statrtup 0.473388 1770778 1883106 185 0
statrtup 0.482693 1798751 1883106 189 0
statrtup 0.567607 1687488 1883106 270 0
statrtup 0.575749 1724527 1883106 231 0
statrtup 0.583892 1733149 1883106 235 0
statrtup 0.596687 1734062 1883106 243 0
statrtup 0.60134 1776151 1883106 244 0
statrtup 0.612972 1783076 1883106 249 0
statrtup 0.62693 1783076 1883106 259 0
statrtup 0.631583 1783076 1883106 254 0
statrtup 0.654847 1719394 1883106 272 0
statrtup 0.6595 1719394 1883106 263 0
statrtup 0.664153 1719394 1883106 263 0
statrtup 0.671132 1689229 1883106 266 0
statrtup 0.687417 1660105 1883106 278 0
statrtup 0.699049 1631967 1883106 280 0
statrtup 0.708354 1618253 1883106 282 0
statrtup 0.721149 1611482 1883106 288 0
statrtup 0.729292 1618253 1883106 284 0
statrtup 0.738597 1618253 1883106 284 0
statrtup 0.751393 1611482 1883106 288 0
statrtup 0.760698 1611482 1883106 285 0
statrtup 0.844449 1618253 1883106 360 0
statrtup 0.852591 1618253 1883106 283 0
statrtup 0.860733 1618253 1883106 283 0
statrtup 0.874692 1611482 1883106 289 0
statrtup 0.879345 1611482 1883106 281 0
statrtup 0.889813 1618253 1883106 286 0
statrtup 0.903772 1618253 1883106 288 0
statrtup 0.908425 1618253 1883106 279 0
statrtup 0.931689 1618253 1883106 298 0
statrtup 0.936341 1618253 1883106 280 0
statrtup 0.940994 1618253 1883106 279 0
statrtup 0.949137 1611482 1883106 283 0
statrtup 0.965421 1611482 1883106 292 0
statrtup 0.977053 1611482 1883106 288 0
statrtup 0.985196 1618253 1883106 284 0
statrtup 0.995665 1611482 1883106 285 0
statrtup 1.00264 1618253 1883106 279 0
statrtup 1.01079 1618253 1883106 279 0
statrtup 1.0166 1611482 1883106 276 0
statrtup 1.02125 1611482 1883106 268 0
drain 1.09454 1618253 1883106 332 0
drain 1.10152 1618253 1883106 255 0
drain 1.10733 1618253 1883106 253 0
drain 1.11896 1611482 1883106 256 0
drain 1.12362 1611482 1883106 247 0
drain 1.13409 1618253 1883106 253 0
drain 1.14804 1618253 1883106 257 0
drain 1.1527 1618253 1883106 247 0
drain 1.17596 1618253 1883106 265 0
drain 1.18061 1618253 1883106 247 0
drain 1.18527 1618253 1883106 247 0
drain 1.19341 1611482 1883106 250 0
drain 1.20969 1611482 1883106 258 0
drain 1.22133 1611482 1883106 254 0
drain 1.22947 1618253 1883106 250 0
drain 1.26436 1631967 1883106 277 0
drain 1.27134 1638912 1883106 274 0
drain 1.27832 1645916 1883106 274 0
drain 1.2853 1667291 1883106 273 0
probe_bw 1.28995 1667291 1883106 271 0
probe_bw 1.35742 1704178 1883106 334 0
probe_bw 1.37952 1488058 1883106 268 0
probe_bw 1.40627 1315372 1883106 260 0
probe_bw 1.43186 1077815 1883106 250 0
probe_bw 1.4656 903230 1883106 250 0
probe_bw 1.52608 822941 1883106 276 0
probe_bw 1.54818 557474 1883106 263 0
probe_bw 1.55516 637113 1883106 248 0
probe_bw 1.56796 716753 1883106 251 0
probe_bw 1.57959 773382 1883106 253 0
probe_bw 1.59471 808509 1883106 258 0
probe_bw 1.60634 849583 1883106 261 0
probe_bw 1.61798 1011817 1883106 262 0
probe_bw 1.62845 1074437 1883106 263 0
probe_bw 1.63775 1118676 1883106 263 0
probe_bw 1.65287 1147238 1883106 268 0
probe_bw 1.66916 1192925 1883106 269 0
probe_bw 1.68544 1203576 1883106 269 0
probe_bw 1.70405 1234437 1883106 272 0
probe_bw 1.7215 1237411 1883106 273 0
probe_bw 1.74011 1305574 1883106 276 0
probe_bw 1.75523 1314750 1883106 277 0
probe_bw 1.77152 1317984 1883106 281 0
probe_bw 1.78664 1325678 1883106 284 0
probe_bw 1.8099 1499537 1883106 283 0
probe_bw 1.82968 1511930 1883106 281 0
probe_bw 1.84364 1475351 1883106 283 0
probe_bw 1.85411 1487346 1883106 282 0
probe_bw 1.86923 1469426 1883106 285 0
probe_bw 1.88202 1448984 1883106 286 0
probe_bw 1.89017 1392040 1883106 282 0
probe_bw 1.90296 1493417 1883106 282 0
probe_bw 1.91576 1449823 1883106 283 0
probe_bw 1.92855 1463548 1883106 284 0
probe_bw 1.94135 1475351 1883106 285 0
probe_bw 1.95414 1493417 1883106 285 0
probe_bw 1.96926 1499537 1883106 284 0
probe_bw 1.99719 1394134 1883106 293 0
probe_bw 2.00649 1432860 1883106 293 0
probe_bw 2.01929 1444257 1883106 293 1400
probe_bw 2.0251 1454083 1883106 293 0
probe_bw 2.03441 1425272 1883106 293 0
probe_bw 2.04022 1454083 1883106 293 0
probe_bw 2.04837 1347692 1883106 293 0
probe_bw 2.05418 1385128 1883106 293 0
probe_bw 2.06349 1282852 1883106 293 0
probe_bw 2.08909 1381153 1883106 293 0
probe_bw 2.0949 1414751 1883106 293 0
probe_bw 2.10304 1392567 1883106 293 1400
probe_bw 2.11002 1432355 1883106 293 0
probe_bw 2.11351 1383021 1883106 293 0
probe_bw 2.11933 1422536 1883106 293 0
probe_bw 2.12166 1383021 1883106 293 0
probe_bw 2.12863 1422536 1883106 293 0
probe_bw 2.13678 1375453 1883106 293 0
probe_bw 2.14027 1414751 1883106 293 0
probe_bw 2.14608 1371699 1883106 293 0
probe_bw 2.14957 1410891 1883106 293 0
probe_bw 2.15422 1371699 1883106 293 0
probe_bw 2.15888 1410891 1883106 293 0
probe_bw 2.16469 1371699 1883106 293 0
probe_bw 2.16818 1410891 1883106 293 0
probe_bw 2.17167 1401155 1883106 293 0
probe_bw 2.17749 1441188 1883106 293 0
probe_bw 2.18214 1343457 1883106 293 0
probe_bw 2.18679 1381841 1883106 293 0
probe_bw 2.19028 1371699 1883106 293 0
probe_bw 2.19494 1410891 1883106 293 0
probe_bw 2.20075 1375515 1883106 293 0
probe_bw 2.20657 1414816 1883106 293 0
probe_bw 2.20773 1381153 1883106 293 0
probe_bw 2.21122 1420614 1883106 293 0
probe_bw 2.21471 1421913 1883106 293 0
probe_bw 2.22053 1462539 1883106 293 0
probe_bw 2.22518 1413262 1883106 293 0
probe_bw 2.231 1452520 1883106 293 0
probe_bw 2.23681 1491777 1883106 293 0
probe_bw 2.2403 1524494 1883106 293 1400
probe_bw 2.24611 1493382 1883106 293 0
probe_bw 2.25542 1524494 1883106 293 0
probe_bw 2.26123 1493382 1883106 293 0
probe_bw 2.26938 1537304 1883106 293 0
probe_bw 2.27519 1505673 1883106 293 0
probe_bw 2.2845 1537304 1883106 293 0
probe_bw 2.31009 1524458 1883106 293 0
probe_bw 2.31939 1481938 1883106 293 0
probe_bw 2.32753 1545235 1883106 293 1400
probe_bw 2.34149 1493390 1883106 228 0
probe_bw 2.35661 1504929 1883106 227 0
probe_bw 2.37173 1445722 1883106 226 0
probe_bw 2.38453 1404604 1883106 223 0
probe_bw 2.39732 1415919 1883106 220 0
probe_bw 2.40779 1371672 1883106 218 0
probe_bw 2.41942 1371813 1883106 218 0
probe_bw 2.42756 1513062 1883106 214 0
probe_bw 2.4392 1446969 1883106 214 0
probe_bw 2.45083 1450025 1883106 213 0
probe_bw 2.46362 1498743 1883106 214 0
probe_bw 2.47642 1519800 1883106 215 0
probe_bw 2.49503 1492362 1883106 222 0
probe_bw 2.50782 1554664 1883106 222 0
probe_bw 2.52295 1550013 1883106 225 0
probe_bw 2.52876 1682796 1883106 219 0
probe_bw 2.54156 1747757 1883106 220 0
probe_bw 2.55552 1766154 1883106 222 0
probe_bw 2.56831 1777589 1883106 223 0
probe_bw 2.58111 1796010 1883106 224 0
probe_bw 2.59274 1813888 1883106 223 0
probe_bw 2.60553 1824368 1883106 224 0
probe_bw 2.616 1843776 1883106 223 0
probe_bw 2.6288 1824368 1883106 223 0
probe_bw 2.64043 1824368 1883106 223 0
probe_bw 2.65322 1786752 1883106 224 0
probe_bw 2.66602 1777589 1883106 225 0
probe_bw 2.67881 1768520 1883106 225 0
probe_bw 2.68812 1796010 1883106 223 0
probe_bw 2.70441 1768520 1883106 227 0
probe_bw 2.7172 1814816 1883106 228 0
probe_bw 2.73 1811322 1883106 228 0
probe_bw 2.74279 1811322 1883106 229 0
probe_bw 2.75326 1796010 1883106 228 0
probe_bw 2.76489 1805364 1883106 227 0
probe_bw 2.77769 1813888 1883106 228 0
probe_bw 2.78932 1820334 1883106 228 0
probe_bw 2.80211 1820334 1883106 229 0
probe_bw 2.81607 1811322 1883106 231 0
probe_bw 2.82654 1820334 1883106 229 0
probe_bw 2.83934 1820334 1883106 230 0
probe_bw 2.85213 1802400 1883106 231 0
probe_bw 2.8626 1820334 1883106 229 0
probe_bw 2.8754 1811322 1883106 230 0
probe_bw 2.88703 1820334 1883106 230 0
probe_bw 2.89866 1829436 1883106 229 0
probe_bw 2.91145 1829436 1843776 230 0
probe_bw 2.92425 1802400 1843776 231 0
probe_bw 2.93472 1844854 1844854 231 0
probe_bw 2.94519 1866771 1866771 232 0
probe_bw 2.95566 1878753 1878753 233 0
probe_bw 2.96613 1892664 1892664 234 0
probe_bw 2.97776 1906655 1906655 235 0
probe_bw 2.9859 1925722 1925722 232 0
probe_bw 2.99869 1916141 1925722 234 0
probe_bw 3.02312 1820334 1925722 234 0
probe_bw 3.04173 1776151 1925722 236 0
probe_bw 3.05685 1740686 1925722 235 0
probe_bw 3.07314 1711100 1925722 236 0
probe_bw 3.08593 1724527 1925722 232 0
probe_bw 3.10222 1658318 1925722 233 0
probe_bw 3.11501 1658318 1925722 234 0
probe_bw 3.12897 1653397 1925722 235 0
probe_bw 3.14061 1658318 1925722 235 0
probe_bw 3.1534 1666490 1925722 236 0
probe_bw 3.16387 1661790 1925722 234 0
probe_bw 3.17666 1645089 1925722 234 0
probe_bw 3.18946 1570228 1925722 235 0
probe_bw 3.20109 1620657 1925722 235 0
probe_bw 3.21389 1612673 1925722 235 0
probe_bw 3.22436 1596940 1925722 234 0
probe_bw 3.23599 1604768 1925722 234 0
probe_bw 3.24995 1604768 1925722 236 0
probe_bw 3.26274 1682669 1925722 237 0
probe_bw 3.27554 1695681 1925722 238 0
probe_bw 3.28833 1725883 1925722 240 0
probe_bw 3.30113 1742320 1925722 241 0
probe_bw 3.31509 1759073 1925722 242 0
probe_bw 3.32904 1750656 1925722 244 0
probe_bw 3.34649 1742320 1925722 244 0
probe_bw 3.35929 1742320 1925722 244 0
probe_bw 3.37208 1750656 1925722 244 0
probe_bw 3.38371 1750656 1925722 243 0
probe_bw 3.39651 1750656 1925722 243 0
probe_bw 3.40698 1750656 1925722 241 0
probe_bw 3.41977 1750656 1925722 243 0
probe_bw 3.43257 1750656 1925722 243 0
probe_bw 3.44536 1742320 1925722 244 0
probe_bw 3.457 1750656 1925722 243 0
probe_bw 3.46746 1750656 1925722 242 0
probe_bw 3.48026 1742320 1925722 243 0
probe_bw 3.49305 1716479 1925722 244 0
probe_bw 3.50585 1750656 1925722 243 0
probe_bw 3.51748 1759073 1925722 242 0
probe_bw 3.53028 1735643 1925722 242 0
probe_bw 3.5454 1742320 1925722 244 0
probe_bw 3.55703 1759073 1925722 242 0
probe_bw 3.57448 1734062 1925722 245 0
probe_bw 3.5896 1742320 1925722 243 0
probe_bw 3.6024 1742320 1925722 243 0
probe_bw 3.61403 1750656 1925722 242 0
probe_bw 3.62799 1742320 1925722 244 0
probe_bw 3.64078 1742320 1925722 244 0
probe_bw 3.65009 1750656 1925722 244 0
probe_bw 3.66288 1750656 1925722 243 0
probe_bw 3.67684 1742320 1925722 244 0
probe_bw 3.68964 1742320 1925722 244 0
probe_bw 3.7001 1750656 1925722 244 0
probe_bw 3.72337 1658516 1925722 243 0
probe_bw 3.74082 1627370 1925722 245 0
probe_bw 3.75594 1561371 1925722 244 0
probe_bw 3.7699 1543206 1925722 242 0
probe_bw 3.78502 1525458 1925722 243 0
probe_bw 3.8013 1558917 1925722 243 0
probe_bw 3.8141 1540638 1925722 244 0
probe_bw 3.82573 1604768 1925722 243 0
probe_bw 3.8362 1630101 1925722 243 0
probe_bw 3.84783 1637022 1925722 242 0
probe_bw 3.86063 1635047 1925722 243 0
probe_bw 3.87458 1635047 1925722 245 0
probe_bw 3.88622 1642796 1925722 246 0
probe_bw 3.89901 1619766 1925722 247 0
probe_bw 3.91064 1627370 1925722 246 0
probe_bw 3.92344 1635047 1925722 247 0
probe_bw 3.93623 1635047 1925722 247 0
probe_bw 3.94787 1627370 1925722 246 0
probe_bw 3.96764 1650618 1925722 244 0
probe_bw 3.98509 1646448 1925722 245 0
probe_bw 4.00021 1650618 1925722 245 0
probe_bw 4.01533 1642796 1925722 246 0
probe_bw 4.03045 1642796 1925722 245 0
probe_bw 4.04674 1642796 1925722 245 0
probe_bw 4.05953 1642796 1925722 245 0
probe_bw 4.07233 1615166 1925722 247 0
probe_bw 4.08396 1627370 1925722 246 0
probe_bw 4.09443 1635047 1925722 245 0
probe_bw 4.10839 1627370 1925722 247 0
probe_bw 4.12118 1635047 1925722 247 0
probe_bw 4.13398 1627370 1925722 247 0
probe_bw 4.14561 1635047 1925722 246 0
probe_bw 4.15841 1627370 1925722 248 0
probe_bw 4.1712 1627370 1925722 248 0
probe_bw 4.184 1627370 1925722 247 0
probe_bw 4.19679 1619766 1925722 249 0
probe_bw 4.21657 1619766 1925722 249 0
probe_bw 4.23285 1627370 1925722 247 0
probe_bw 4.2503 1612232 1925722 250 0
probe_bw 4.26426 1619766 1925722 249 0
probe_bw 4.27938 1619766 1925722 249 0
probe_bw 4.2945 1627370 1925722 248 0
probe_bw 4.30613 1635047 1925722 247 0
probe_bw 4.31776 1635826 1925722 245 0
probe_bw 4.32823 1620378 1925722 247 0
probe_bw 4.33754 1635826 1925722 246 0
probe_bw 4.34684 1686116 1925722 246 0
probe_bw 4.35731 1709753 1925722 248 0
probe_bw 4.36894 1717780 1925722 247 0
probe_bw 4.38174 1717780 1925722 248 0
probe_bw 4.39337 1717780 1925722 248 0
probe_bw 4.4178 1627370 1925722 246 0
probe_bw 4.43176 1608730 1925722 245 0
probe_bw 4.44921 1583978 1925722 247 0
probe_bw 4.46549 1609208 1925722 247 0
probe_bw 4.47945 1620735 1925722 246 0
probe_bw 4.49457 1612232 1925722 244 0
probe_bw 4.50853 1619766 1925722 244 0
probe_bw 4.52249 1619766 1925722 243 0
probe_bw 4.53761 1627370 1925722 243 0
probe_bw 4.54924 1634268 1925722 243 0
probe_bw 4.56087 1641224 1925722 243 0
probe_bw 4.57134 1657075 1925722 242 0
probe_bw 4.58297 1513844 1925722 241 0
probe_bw 4.59577 1528120 1925722 242 0
probe_bw 4.60624 1525099 1925722 242 0
probe_bw 4.61787 1531513 1925722 241 0
probe_bw 4.6295 1530790 1925722 241 0
probe_bw 4.64346 1612232 1925722 243 0
probe_bw 4.66323 1635047 1925722 246 0
probe_bw 4.67719 1642796 1925722 246 0
probe_bw 4.69231 1634553 1925722 243 0
probe_bw 4.7086 1630463 1925722 243 0
probe_bw 4.72256 1641800 1925722 243 0
probe_bw 4.74001 1642796 1925722 246 0
probe_bw 4.75396 1642796 1925722 245 0
probe_bw 4.76676 1650618 1925722 244 0
probe_bw 4.78072 1658516 1925722 243 0
probe_bw 4.79235 1658516 1925722 243 0
probe_bw 4.80398 1658516 1925722 242 0
probe_bw 4.81678 1642796 1925722 244 0
probe_bw 4.82957 1635047 1925722 245 0
probe_bw 4.8412 1642796 1925722 245 0
probe_bw 4.87028 1488480 1925722 241 0
probe_bw 4.88541 1438841 1925722 242 0
probe_bw 4.90402 1460263 1925722 241 0
probe_bw 4.9203 1460263 1925722 243 0
probe_bw 4.93542 1474237 1925722 243 0
probe_bw 4.95171 1474237 1925722 243 0
probe_bw 4.9645 1474237 1925722 242 0
probe_bw 4.98079 1460263 1925722 240 0
probe_bw 4.99475 1460263 1925722 241 0
probe_bw 5.00754 1467216 1925722 241 0
probe_bw 5.0215 1474237 1925722 241 0
probe_bw 5.03081 1460123 1925722 240 0
probe_bw 5.04011 1474237 1925722 241 0
probe_bw 5.05058 1544211 1925722 242 0
probe_bw 5.05989 1551381 1925722 241 0
probe_bw 5.07152 1554506 1925722 242 0
probe_bw 5.08315 1555252 1925722 242 0
probe_bw 5.12735 1481324 1925722 242 0
probe_bw 5.14596 1481324 1925722 241 0
probe_bw 5.15992 1474237 1925722 239 0
probe_bw 5.17737 1470943 1925722 242 0
probe_bw 5.19365 1474237 1925722 242 0
probe_bw 5.20877 1463954 1925722 241 0
probe_bw 5.22273 1481324 1925722 242 0
probe_bw 5.23437 1488480 1925722 240 0
probe_bw 5.24949 1481324 1925722 242 0
probe_bw 5.26112 1488480 1925722 240 0
probe_bw 5.27275 1481324 1925722 239 0
probe_bw 5.28322 1362214 1925722 239 0
probe_bw 5.29485 1375317 1925722 238 0
probe_bw 5.30648 1372544 1925722 238 0
probe_bw 5.31812 1371886 1925722 238 0
probe_bw 5.33324 1433095 1925722 242 0
probe_bw 5.3693 1481324 1925722 242 0
probe_bw 5.38791 1481324 1925722 242 0
probe_bw 5.39954 1495706 1925722 240 0
probe_bw 5.41931 1481324 1925722 242 0
probe_bw 5.43327 1481324 1925722 240 0
probe_bw 5.44839 1484665 1925722 240 0
probe_bw 5.46235 1481324 1925722 240 0
probe_bw 5.47398 1494973 1925722 239 0
probe_bw 5.48911 1481324 1925722 240 0
probe_bw 5.50074 1494973 1925722 239 0
probe_bw 5.51237 1494973 1925722 240 0
probe_bw 5.52517 1481324 1925722 241 0
probe_bw 5.5368 1481324 1925722 240 0
probe_bw 5.54843 1481324 1925722 240 0
probe_bw 5.55773 1495706 1925722 238 0
probe_bw 5.57518 1450334 1925722 242 0
probe_bw 5.61124 1481324 1750656 242 0
probe_bw 5.62753 1481324 1750656 240 0
probe_bw 5.63916 1494973 1750656 240 0
probe_bw 5.66126 1481324 1750656 242 0
probe_bw 5.67522 1481324 1750656 242 0
probe_bw 5.69034 1481324 1750656 242 0
probe_bw 5.70197 1495706 1750656 239 0
probe_bw 5.71593 1481324 1750656 241 0
probe_bw 5.72873 1495706 1750656 239 0
probe_bw 5.74036 1495706 1750656 240 0
probe_bw 5.75199 1495706 1750656 239 0
probe_bw 5.76129 1481180 1750656 239 0
probe_bw 5.77176 1544211 1750656 240 0
probe_bw 5.78107 1558618 1750656 241 0
probe_bw 5.79037 1573754 1750656 240 0
probe_bw 5.79968 1573907 1750656 240 0
probe_bw 5.81713 1573907 1750656 242 0
probe_bw 5.89855 1296159 1750656 237 0
probe_bw 5.91484 1278852 1750656 236 0
probe_bw 5.93229 1203362 1750656 237 0
probe_bw 5.94624 1197547 1750656 236 0
probe_bw 5.95788 1207877 1750656 234 0
probe_bw 5.97067 1202019 1750656 234 0
probe_bw 5.98463 1196217 1750656 235 0
probe_bw 5.99393 1234962 1750656 231 0
probe_bw 6.00673 1114964 1750656 231 0
probe_bw 6.02069 1098897 1750656 232 0
probe_bw 6.03232 1112253 1750656 231 0
probe_bw 6.04744 1095004 1750656 233 0
probe_bw 6.0614 1186255 1750656 234 0
probe_bw 6.07536 1214419 1750656 235 0
probe_bw 6.09281 1218811 1750656 240 0
probe_bw 6.13817 1402224 1750656 240 0
probe_bw 6.15213 1415972 1750656 238 0
