1.06197	3714.69
2.06232	3707.2
3.06267	3539.2
4.06302	3763.2
5.06337	3561.6
6.06722	3852.44
7.06758	4468.8
8.10747	4214.82
9.10898	4531.47
10.1245	4281.38
11.1318	3948.36
12.1717	3600.38
13.172	3617.6
14.1724	3561.6
15.1844	3412.07
16.1859	3703.5
17.2351	4356.15
18.2552	3843.14
19.2637	4200
20.2711	4459.98
21.2714	4166.4
22.2985	3936.9
23.2989	4468.8
24.3388	4398.08
25.3647	4785.95
26.3662	4632.17
27.3933	4144.11
28.4181	3915.62
29.4429	3390.62
30.4781	3127.34
31.4971	3168.56
32.5021	3031.24
33.5083	3028.23
34.5482	2597.88
35.5497	2450.35
36.5907	1882.8
37.612	2106.17
38.6147	2291.42
39.6174	2324.95
40.6829	2303.1
41.7379	2728.34
42.7697	2987.39
43.7758	3195.23
44.7971	3477.38
45.7986	3401.4
46.8525	3382.34
47.8738	3696.77
48.8834	3396.63
49.8943	3803.56
50.9144	3843.14
51.9403	3190.63
52.9535	2952.02
53.9538	2800
54.9681	2474.16
55.9836	2339.31
57.0386	2399.24
58.039	2441.6
59.0498	2395.25
60.0502	2072
61.1319	1315.82
62.173	1194.24
63.1803	1245.68
64.2074	1221.42
65.2822	1407.82
66.2826	1590.4
67.3143	1347.04
68.388	1471.76
69.3895	1521.68
70.3899	1366.4
71.4623	1556.72
72.536	1628.33
73.5735	1598.46
74.6553	1585.2
75.7534	1468.85
76.7537	1568
77.8436	1511.84
78.8917	2340.46
79.892	2979.2
80.8935	3222.38
81.9474	3339.79
83.0152	3400.94
84.0156	3225.6
85.0729	3422.52
86.1396	3435.65
87.1411	3524.48
88.1531	3434.22
89.1686	3531.03
90.1701	3837.76
91.1704	3830.4
92.1708	3864
93.1723	3927.27
94.1726	3897.6
95.173	3752
96.1745	3401.4
97.1749	3740.8
98.2043	4255.78
99.2046	3964.8
100.229	3860.94
101.231	4497.9
102.234	3666.27
103.263	3200
104.265	3099.3
105.321	2789.39
106.375	2776.07
107.376	2942.66
108.379	2246.71
109.379	2688
110.433	2627.16
111.433	2284.8
112.443	2408.72
113.443	2688
114.446	2313.77
115.446	2688
116.498	2227.21
117.498	2632
118.563	2842.1
119.573	2661.39
120.575	2372.03
121.576	1969.23
122.608	2150.92
123.657	2306.2
124.659	2662.94
125.663	2210.97
126.733	2731.96
127.752	3058.55
128.753	3345.45
129.808	2823.89
130.809	2766.4
131.899	2283.2
132.912	2377.1
133.955	2158.39
135.006	2101.33
136.077	2039.21
137.077	2105.6
138.173	1912.69
139.173	2329.6
140.255	2227.57
141.329	2630.38
142.364	2651.21
143.423	2826.47
144.508	2787.1
145.513	2674.63
146.513	2475.2
147.515	2002.8
148.515	2004.8
149.585	1905.05
150.598	1956.96
151.6	2069.93
152.706	1782.28
153.762	1346.97
154.786	1379.47
155.814	1372.76
156.921	1284.91
157.933	1528.78
158.991	1631.79
159.998	1857.4
161.064	2082.25
162.079	1942.07
163.081	2148.25
164.081	2654.4
165.142	3127.55
166.143	3401.4
167.191	2906.87
168.193	3166.43
169.257	3052.63
170.295	3315.72
171.296	3132.87
172.356	2876.68
173.356	3460.8
174.416	3447.78
175.418	3669.93
176.418	3046.4
177.504	2836.09
178.528	2704.2
179.529	2752.45
180.566	2313.51
181.567	2651.75
182.648	2374.81
183.709	2387.92
184.734	2231.25
185.75	2028.35
186.758	1679.44
187.759	1499.3
188.841	1616.28
189.842	1745.45
190.851	1711.11
191.852	2069.93
192.931	2389.61
194.009	2212.99
195.1	2186.62
196.1	2195.2
197.177	2204.64
198.179	1946.85
199.179	2217.6
200.234	2165.69
201.235	2150.4
202.236	1913.29
203.33	1998.17
204.395	1977.09
205.404	1788.89
206.502	1785.06
207.595	1660.02
208.595	1747.2
209.597	1812.59
210.635	1987.27
211.659	2296.88
212.667	2001.99
213.675	1800
214.677	1756.64
215.679	1766.07
216.682	1453.09
217.682	2038.4
218.684	1790.21
219.685	1275.52
220.696	1241.98
221.698	1163.64
222.795	745.985
223.867	731.343
224.872	713.233
225.874	783.216
226.971	643.795
228.06	771.349
229.134	939.422
230.232	918.032
231.295	1074.69
232.369	1304.75
233.369	1086.4
234.42	810.666
235.501	932.469
236.576	938.547
237.584	900.893
238.586	916.566
239.654	860.731
240.754	784
241.765	998.019
242.791	1048.97
243.864	1128.36
244.97	1427.85
246.004	1462.28
247.069	1735.21
248.071	1857.34
249.071	1724.8
250.153	1937.46
251.153	1702.4
252.196	1483.3
253.302	1458.23
254.308	1425.05
255.308	1612.8
256.359	1994.67
257.359	2788.8
258.359	2889.6
259.433	2891.33
260.433	3180.8
261.523	2684.3
262.597	2463.37
263.615	2422.81
264.686	2394.77
265.686	2352
266.694	2302.28
267.694	2542.4
268.707	2730.9
269.75	2880.61
270.822	3197.01
271.876	3254.7
272.876	3192
273.878	3311.89
274.926	2842.75
275.983	3009.27
276.996	2940.97
277.998	2931.47
279.01	2769.53
280.061	3090.39
281.063	2774.82
282.134	2844.44
283.14	3028.23
284.163	2980.82
285.222	3257.41
286.244	3773.55
287.285	3797.89
288.285	4032
289.285	4222.4
290.286	4412.8
291.355	3324.34
292.356	3278.32
293.432	2958.88
294.433	3091.2
295.482	3224.4
296.482	3147.2
297.547	3621.05
298.55	3673.78
299.552	3938.46
300.553	4318.88
301.576	3101.37
302.64	3273.68
303.651	3138.22
304.653	3289.51
305.654	3065.73
306.71	3012.12
307.747	2713.51
308.821	2607.08
309.879	2532.45
310.88	2774.82
311.949	2391.01
312.951	2875.52
313.983	2933.07
315.01	2999.03
316.022	3279.13
317.023	3468.53
318.023	2889.6
319.024	2576
320.106	2445.14
321.134	2440.47
322.189	2675.26
323.281	2184.61
324.334	2022.81
325.355	1974.53
326.355	1993.6
327.441	2023.22
328.452	1885.15
329.521	1436.7
330.586	1461.78
331.609	1402.74
332.624	1412.41
333.666	1225.33
334.747	1472.59
335.837	1367.86
336.917	1026.67
337.919	1130.07
338.925	1091.05
339.999	1137.74
341.003	1172.48
342.109	789.873
343.178	776.029
344.252	917.69
345.312	951.841
346.424	906.474
347.434	1010.11
348.517	1117.93
349.537	1394.51
350.616	1307.88
351.641	1279.69
352.695	1818.8
353.708	2885.69
354.72	3057.57
355.722	3524.48
356.722	3371.2
357.733	3504.16
358.734	3636.36
359.735	4222.4
360.791	2980.3
361.792	3144.05
362.88	2812.88
363.88	2732.8
364.906	2229.07
365.971	2515.79
366.972	2774.82
367.972	2284.8
368.976	2534.79
369.978	2640.56
370.978	2632
371.988	2897.12
373.063	3003.35
374.065	2481.44
375.13	2578.95
376.131	2808.39
377.143	2127
378.168	2362.5
379.195	2355.6
380.222	2355.6
381.264	2343.19
382.266	2584.61
383.321	3248.53
384.384	3382.13
385.401	3648.82
386.401	3416
387.401	3292.8
388.403	3681.12
389.413	3318.93
390.489	3552.74
391.518	3657.14
392.518	3281.6
393.543	2581.25
394.545	2920.28
395.547	2202
396.557	1798.22
397.557	1937.6
398.629	2279.74
399.714	2054.19
400.714	2576
