1.10753 3105.1800999999996
2.12649 3110.0824999999995
3.1408 3105.8001
4.14116 3096.9585999999995
5.16128 3087.7682999999997
6.16163 3078.0937
7.16431 3063.6516999999994
8.19491 3045.8198
9.19526 3030.3383999999996
10.2084 3009.3944
11.2088 2988.7243
12.258 2977.1883
13.2583 2963.8830000000003
14.2587 2955.371
15.2741 2942.3198000000007
16.2745 2933.3245
17.3237 2922.9935
18.3462 2911.2776
19.3628 2893.8257999999996
20.3701 2872.2762999999995
21.3996 2848.6628999999994
22.3999 2830.2554999999998
23.4317 2817.2634999999996
24.4378 2795.2216
25.4568 2777.2756999999997
26.4571 2759.8322
27.4808 2746.5042000000003
28.4962 2733.6641
29.5396 2722.3814000000007
30.5621 2713.0168000000003
31.5915 2705.1150000000002
32.5965 2694.1807999999996
33.6038 2685.3945999999996
34.6391 2675.3442999999997
35.6394 2670.7538999999997
36.6747 2665.3354
37.675 2669.2386
38.7056 2670.2549
39.7141 2674.9417
40.7145 2677.191099999999
41.7148 2680.8015
42.7385 2682.5764999999997
43.7458 2679.8722000000002
44.7659 2673.819
45.7674 2659.8343999999997
46.8213 2645.7563999999998
47.8437 2630.9835
48.8522 2613.7302
49.8631 2599.548
50.8843 2581.0907999999995
51.9091 2556.4886
52.9234 2537.5798999999997
53.9238 2521.1537
54.9381 2505.1177000000002
55.9536 2496.1044
57.0074 2488.4775
58.0078 2482.9057000000003
59.0186 2479.3122000000008
60.019 2474.7804
61.0193 2474.5564000000004
62.0197 2485.1964000000007
63.0212 2505.7370000000005
64.0518 2527.7014
65.1324 2543.9503
66.1374 2561.9408000000003
67.1889 2576.3844
68.2405 2596.0063999999998
69.2536 2613.7587000000003
70.2609 2626.0588000000002
71.3194 2646.0944999999997
72.3966 2666.5988
73.4516 2686.3759999999997
74.5066 2701.9238
75.5989 2716.3283
76.5992 2727.2071
77.5996 2739.9751
78.6418 2747.9339999999997
79.6608 2754.8080999999993
80.7367 2749.2797
81.7987 2743.0746
82.8665 2731.2506000000003
83.8669 2718.6220000000003
84.9568 2702.4861
85.9921 2682.457
86.9924 2666.928
87.9939 2647.0857
89.014 2631.1145
90.0144 2615.3532
91.0147 2601.6197
92.0151 2586.6711000000005
93.0155 2570.3191000000006
94.0158 2551.6193000000003
95.0162 2535.0433000000007
96.0165 2515.9405000000006
97.0169 2503.2845000000007
98.0533 2488.7245000000003
99.0536 2468.8426
100.069 2446.6666
101.069 2429.0079
102.073 2404.5472
103.112 2385.8362
104.112 2370.1553
105.164 2355.2323999999994
106.234 2345.3171
107.314 2333.1154000000006
108.349 2326.7754000000004
109.349 2323.6334000000006
110.403 2318.4254000000005
111.403 2310.7046
112.412 2304.0966
113.412 2298.5722
114.415 2286.1402000000003
115.415 2282.2649000000006
116.468 2274.5368999999996
117.468 2265.0629
118.533 2252.1253
119.543 2235.3523000000005
120.544 2217.3624
121.546 2200.05781
122.577 2187.17678
123.626 2173.3512099999994
124.627 2158.06698
125.632 2137.9047400000004
126.702 2125.0288600000003
127.722 2107.8274300000007
128.722 2086.7233500000007
129.777 2066.2984500000002
130.778 2049.43005
131.867 2029.41484
132.886 2016.2165599999998
133.924 2000.5791
134.976 1989.3504000000003
136.046 1976.73076
137.046 1964.9341100000001
138.143 1951.68263
139.143 1942.04576
140.224 1929.92176
141.303 1918.8254599999998
142.333 1904.8126600000003
143.392 1893.8627600000002
144.478 1882.1272600000002
145.483 1873.7442600000002
146.483 1864.2459600000002
147.483 1856.9993600000003
148.484 1854.5174600000003
149.554 1849.9456600000003
150.567 1845.7805600000002
151.573 1840.5720600000002
152.676 1834.7117600000001
153.732 1834.7715600000001
154.756 1847.16896
155.784 1861.33256
156.891 1877.1331599999999
157.903 1896.1931599999998
158.961 1908.31146
159.967 1917.2300599999999
161.032 1923.5389599999999
162.048 1926.64086
163.048 1930.96416
164.049 1932.82256
165.112 1931.46966
166.112 1927.98766
167.16 1921.5486600000002
168.16 1925.4891599999999
169.226 1925.6068599999999
170.264 1928.15606
171.264 1926.91486
172.325 1923.8446600000002
173.325 1927.1289600000002
174.385 1921.6990600000001
175.385 1917.4612600000003
176.385 1907.6052600000003
177.386 1906.71746
178.386 1904.23756
179.387 1907.11986
180.421 1908.79986
181.421 1915.87786
182.504 1921.52866
183.578 1933.6533600000002
184.579 1947.2310600000003
185.591 1962.8519600000004
186.598 1983.0935600000003
187.6 2009.9814600000002
188.6 2034.1877600000003
189.667 2048.52376
190.699 2062.8764600000004
191.699 2076.52936
192.778 2088.69966
193.864 2095.79446
194.864 2110.18306
195.937 2121.4597599999997
197.017 2139.37556
198.027 2157.67416
199.027 2176.10496
200.082 2186.5891600000004
201.083 2196.33316
202.083 2204.16386
203.175 2216.2048599999994
204.253 2227.9893599999996
205.279 2235.17956
206.352 2243.90456
207.442 2251.1462600000004
208.442 2262.48516
209.442 2268.51546
210.506 2279.9394600000005
211.506 2288.80146
212.514 2295.99876
213.523 2306.9510599999994
214.523 2322.8906599999996
215.524 2336.77866
216.524 2344.8922600000005
217.524 2354.4214600000005
218.525 2360.4175600000003
219.526 2368.2782600000005
220.539 2379.15546
221.54 2385.98506
222.54 2394.0490600000003
223.597 2404.53456
224.712 2419.487150000001
225.713 2430.6425800000006
226.722 2439.4977500000005
227.776 2444.7921800000004
228.874 2452.63092
229.949 2457.649
231.041 2460.83713
232.118 2466.20411
233.209 2467.93011
234.262 2467.2492099999995
235.355 2468.8613999999993
236.423 2471.2252799999997
237.423 2473.16804
238.429 2476.52804
239.496 2476.0214800000003
240.601 2475.22688
241.606 2475.32579
242.631 2475.64907
243.631 2474.3043799999996
244.693 2472.9308999999994
245.751 2469.6458699999994
246.796 2468.61487
247.797 2465.37857
248.797 2458.43457
249.871 2456.8242700000005
250.872 2462.14077
251.93 2474.3508699999998
253.021 2491.3468700000003
254.027 2510.92297
255.039 2531.46857
256.09 2554.1377700000003
257.126 2573.16737
258.2 2582.25617
259.282 2584.1761699999997
260.282 2585.67197
261.363 2578.5576699999997
262.438 2577.09227
263.473 2576.27677
264.532 2577.76197
265.532 2578.3614700000003
266.535 2579.95077
267.54 2583.8043700000003
268.575 2585.3812700000003
269.594 2586.59537
270.594 2588.6838700000003
271.609 2582.13617
272.609 2575.30657
273.609 2570.82657
274.657 2560.7779699999996
275.663 2555.00367
276.728 2547.21207
277.728 2541.92597
278.728 2534.98797
279.78 2533.19597
280.801 2535.2032700000004
281.857 2540.7265700000003
282.858 2548.35377
283.872 2553.6177700000003
284.941 2555.71687
285.975 2559.92207
287.04 2558.765170000001
288.099 2555.2474700000002
289.101 2554.1620700000003
290.101 2545.8036700000002
291.101 2528.3657700000003
292.102 2518.6217700000007
293.148 2508.7052700000004
294.148 2497.3762700000007
295.206 2486.5122700000006
296.208 2476.7991700000002
297.208 2466.7597700000006
