1.61585 1912.8256599999997
2.66157 1933.77218
3.67239 1928.96698
4.6867 1943.04508
5.69054 1956.7049800000002
6.79442 1970.30518
7.88317 1975.2641800000001
8.98356 1986.20968
10.0095 1993.7983800000002
11.0808 2006.28778
12.1719 2017.0947800000001
13.1722 2026.87738
14.1726 2040.9786799999997
15.1881 2049.75738
16.1919 2053.0374800000004
17.2446 2057.01198
18.2612 2065.01598
19.2744 2067.4826799999996
20.2829 2069.44028
21.3681 2071.55868
22.3685 2071.98918
23.3689 2068.15538
24.3692 2070.02278
25.4312 2068.9656800000002
26.4316 2066.57088
27.5145 2060.0292799999997
28.5812 2053.78168
29.6397 2043.35338
30.7028 2035.9789799999999
31.7032 2027.75938
32.7035 2020.87508
33.7039 2016.46928
34.7915 2012.99728
35.8453 2003.32898
36.9294 1996.89428
37.9344 1998.7746800000002
38.9348 2000.8016800000003
39.9351 1998.2351800000001
40.9355 1998.4344800000001
41.9673 1997.74858
42.9723 2003.42118
44.0098 2009.93138
45.0102 2021.7386800000002
46.0105 2032.49068
47.1016 2044.14498
48.1985 2056.59328
49.228 2073.8289800000002
50.2283 2090.5282800000004
51.2461 2106.95938
52.3151 2124.6830800000002
53.3154 2142.1094800000005
54.353 2160.1414800000002
55.4394 2179.1382800000006
56.4398 2193.93458
57.5158 2209.76208
58.5301 2229.8753800000004
59.6246 2246.26278
60.625 2256.74938
61.6684 2261.16908
62.6687 2262.4914800000006
63.6737 2262.4914800000006
64.7067 2268.8191800000004
65.7617 2272.7702000000004
66.8539 2281.3508600000005
67.9148 2289.5013
68.9826 2295.8486999999996
69.9946 2304.1609
71.0193 2307.5953
72.0639 2314.4990000000003
73.1294 2324.9107000000004
74.1798 2334.385
75.2487 2343.6813
76.3584 2351.0778999999998
77.3588 2361.2192999999993
78.4778 2373.2234999999996
79.5026 2379.8838000000005
80.5425 2385.3482000000004
81.6033 2395.0400000000004
82.6711 2404.3997000000004
83.7692 2412.6135000000004
84.7695 2421.7034
85.8001 2424.6153999999997
86.89 2430.3918999999996
87.9125 2436.5291999999995
88.9396 2435.4054
89.94 2433.9937
90.9496 2433.2415
92.0291 2437.0978000000005
93.0294 2443.0484
94.0333 2448.5363999999995
95.0429 2457.4982999999993
96.0572 2472.0110999999997
97.0576 2478.7569999999996
98.1045 2474.3416999999995
99.1048 2468.4676999999997
100.121 2463.2036999999996
101.122 2454.2084
102.123 2451.7755
103.153 2464.2581
104.153 2473.9253
105.203 2485.7972999999993
106.264 2495.9771999999994
107.348 2510.0946999999996
108.376 2526.6281000000004
109.376 2537.8185000000003
110.438 2549.3545
111.438 2571.6258
112.447 2590.4418
113.447 2611.7999999999997
114.449 2630.504
115.449 2648.5638000000004
116.499 2671.1877999999997
117.528 2689.5665
118.567 2713.9398
119.578 2746.1896000000006
120.579 2776.7667000000006
121.579 2804.3372000000004
122.605 2833.1212000000005
123.654 2864.456600000001
124.654 2898.8946000000005
125.662 2934.5106
126.74 2970.3308
127.756 2998.9301000000005
128.849 3034.2788000000005
129.93 3065.2073000000005
130.93 3091.0341
132.028 3116.4581
133.028 3139.4586999999997
134.085 3163.7472999999995
135.113 3190.8403
136.195 3212.8555
137.195 3235.1212
138.294 3261.5532
139.3 3292.4802
140.362 3315.4497999999994
141.415 3332.8830000000003
142.481 3354.9792000000007
143.546 3377.7697
144.636 3395.9434000000006
145.642 3413.1956000000005
146.761 3431.5919
147.761 3445.8603000000003
148.762 3460.1963
149.827 3475.1866999999997
150.844 3489.7404
151.844 3506.1524
152.845 3519.4804000000004
153.865 3529.0732000000003
154.879 3534.6214999999997
155.924 3543.5402
156.924 3552.2929
157.926 3561.3649
158.982 3568.6843000000003
159.993 3581.7824000000005
161.058 3595.1269000000007
162.078 3606.4086000000007
163.078 3621.5405
164.082 3643.9405
165.148 3671.6648
166.212 3705.4417000000003
167.212 3739.3498000000004
168.308 3767.123600000001
169.392 3799.542200000001
170.424 3823.6827000000008
171.511 3849.9815000000003
172.511 3873.8361
173.598 3896.9311000000002
174.663 3925.2049999999995
175.663 3950.5179
176.663 3970.7589
177.765 3994.1316000000006
178.77 4014.4303000000004
179.782 4033.7683000000006
180.801 4047.5595000000008
181.816 4057.9553
182.887 4070.3801
183.913 4081.1526999999996
184.98 4085.7450999999996
185.984 4088.0544
186.99 4089.0147
187.991 4083.9865999999997
189.062 4075.6986
190.062 4064.4986000000004
191.091 4052.7066000000004
192.108 4046.5704
193.182 4043.7137
194.243 4040.2445999999995
195.243 4038.7463999999995
196.244 4033.9515999999994
197.301 4027.4266999999995
198.301 4018.2029999999995
199.302 4004.6909999999993
200.353 3993.1254
201.362 3986.8447
202.362 3978.7826
203.362 3970.8306
204.386 3963.4386
205.391 3953.1035
206.391 3933.7504000000004
207.392 3911.1834
208.449 3886.7019
209.455 3865.8552999999997
210.456 3843.5425
211.456 3818.3383
212.456 3798.6752
213.457 3781.280100000001
214.457 3760.5745000000006
215.457 3739.1825000000003
216.458 3720.0954
217.458 3700.0474
218.458 3681.5674
219.459 3663.3114
220.459 3640.6946
221.459 3620.5815
222.46 3599.5864
223.49 3578.8774999999996
224.491 3560.9044999999996
225.491 3544.1533
226.491 3525.2462
227.542 3501.9933
228.563 3478.4733
229.589 3456.4548999999997
230.598 3442.2910999999995
231.64 3427.881099999999
232.717 3421.3824999999993
233.717 3426.0717
234.785 3438.8397
235.833 3451.9066000000003
236.834 3455.5060000000003
237.859 3458.3155
238.911 3465.1366000000003
239.911 3472.3647000000005
240.912 3473.8207
241.912 3464.1025000000004
242.912 3455.2814
243.945 3449.1214
244.958 3437.1009000000004
245.993 3426.3631000000005
247.062 3418.5924000000005
248.062 3413.3381000000004
249.063 3407.9516000000003
250.064 3400.7378999999996
251.084 3385.5539
252.084 3365.887
253.085 3343.9382000000005
254.085 3318.7526000000003
255.193 3293.4781000000003
256.24 3264.2853000000005
257.248 3238.7343000000005
258.248 3211.3717000000006
259.248 3185.7327000000005
260.287 3161.5407
261.287 3145.5845000000004
262.341 3122.6192
263.394 3097.5751999999998
264.44 3070.6445
265.44 3041.6282999999994
266.44 3008.4262
267.456 2979.1146000000003
268.502 2947.9208000000003
269.507 2911.745000000001
270.507 2878.8635000000004
271.528 2846.7195000000006
272.529 2818.6926000000003
273.529 2786.539
274.575 2757.8565999999996
275.575 2727.9725000000008
276.575 2696.7425000000003
277.618 2664.042
278.634 2637.0467000000003
279.695 2607.514
280.722 2585.0080000000003
281.77 2566.0996
282.771 2547.9146
283.784 2533.0332999999996
284.859 2517.8332
285.908 2501.2627999999995
286.976 2491.6526999999996
288.021 2482.6546000000003
289.029 2478.1746000000003
290.029 2478.7735000000002
291.122 2483.9993
292.131 2491.2909
293.187 2498.0153999999998
294.187 2505.2668
295.246 2508.4401
296.25 2511.8425999999995
297.361 2515.197899999999
