1.09894	2425.55
2.09929	2441.6
3.09964	2172.8
4.10348	2210.97
5.10732	2054.64
6.10884	1958.04
7.11035	1890.91
8.11303	1620.76
9.11571	1654.29
10.1161	1590.4
11.1231	1356.9
12.1247	1644.76
13.1285	1741.97
14.1323	1976.47
15.1327	2139.2
16.1377	2106.27
17.1439	2137.57
18.1442	2105.6
19.1446	2139.2
20.1449	2128
21.1478	1766.07
22.1516	2076.97
23.1543	2101.4
24.157	2101.4
25.1632	2148.71
26.1693	2182.11
27.1708	2282.52
28.1747	2311.47
29.175	2352
30.1777	2369.66
31.2274	1911.15
32.2324	2275.7
33.2362	2255.63
34.2412	2217.71
35.2451	2177.47
36.2489	2222.13
37.2493	2352
38.2508	2483.92
39.2523	2416.78
40.255	2559.68
41.2576	2604.39
42.2595	2092.31
43.2633	2512.46
44.266	2425.55
45.2687	2403.19
46.2818	2465.55
47.2822	2408
48.286	2389.63
49.2922	2371.37
50.2937	2394.41
51.2964	2481.44
52.2971	1960
53.2974	2329.6
54.3048	2235.55
55.3051	2217.6
56.3055	2184
57.3082	2101.4
58.3132	2106.27
59.3135	2228.8
60.3174	2300.3
61.32	2313.77
62.323	1855.49
63.3233	2240
64.3248	2181.82
65.3252	2307.2
66.3255	2598.4
67.3282	2805.59
68.3297	2786.01
69.3336	2847.46
70.3339	2867.2
71.3366	2827.94
72.3733	2659.46
73.3737	2340.8
74.3752	2752.45
75.3755	2665.6
76.3782	2626.75
77.3786	2542.4
78.3789	2396.8
79.3804	2327.27
80.3808	2273.6
81.3835	2246.71
82.3861	2224.35
83.3916	1771.94
84.3955	2132.8
85.397	2125.87
86.3997	2202
87.4012	2260.14
88.4039	2235.53
89.4054	2327.27
90.4069	2495.1
91.4107	2601.79
92.4227	2636.6
93.4239	2170.63
94.4254	2707.69
95.4257	2755.2
96.4273	2674.12
97.4299	2582.03
98.4338	2423.13
99.4341	2374.4
100.438	2344.97
101.439	2260.14
102.443	2188.63
103.444	1948.8
104.449	1952.19
105.455	2104.17
106.458	2235.53
107.458	2284.8
108.463	2396.02
109.465	2461.54
110.47	2518.61
111.471	2584.61
112.472	2688
113.474	2760.88
114.475	2204.2
115.476	2788.8
116.477	2797.2
117.478	2654.4
118.479	2584.61
119.481	2483.92
120.483	2436.73
121.486	2392.01
122.489	2380.84
123.49	2383.22
124.494	1987.64
125.495	2430.4
126.495	2408
127.496	2416.78
128.5	2322.63
129.502	2260.14
130.502	2195.2
131.504	2081.12
132.504	2027.2
133.504	1993.6
134.521	1730.71
135.525	1896.41
136.526	1937.6
137.532	1903.78
138.537	1849.95
139.539	1868.53
140.54	1902.1
141.543	1989.62
142.545	2045.51
143.547	1980.42
144.55	2034.33
145.55	1769.6
146.551	2260.14
147.552	2419.2
148.554	2514.97
149.558	2534.79
150.563	2596.62
151.565	2696.5
152.569	2746.96
153.569	2710.4
154.569	2833.6
155.571	2403.19
156.574	2973.25
157.577	2895.01
158.578	2830.77
159.588	2697.32
160.589	2618.18
161.591	2483.92
162.591	2430.4
163.594	2358.48
164.597	2291.42
165.63	1832.33
166.636	2184.28
167.636	2172.8
168.637	2083.2
169.638	2002.8
170.644	1981.71
171.645	1971.2
172.647	1989.62
173.649	1991.61
174.65	1991.61
175.652	2002.8
176.656	1753.14
177.656	2150.4
178.659	2302.59
179.659	2385.6
180.659	2419.2
181.661	2528.67
182.661	2643.2
183.664	2749.7
184.668	2802.79
185.669	2853.15
186.671	2226.57
187.673	3110.49
188.676	3081.95
189.679	2917.36
190.679	2833.6
191.68	2777.6
192.682	2593.21
193.683	2497.6
194.683	2430.4
195.687	2322.63
196.69	1954.14
197.692	2439.16
198.696	2445.46
199.698	2447.9
200.7	2427.97
201.7	2452.8
202.703	2459.08
203.703	2531.2
204.705	2651.75
205.707	2716.17
206.709	2786.01
207.71	2262.4
208.711	2752.45
209.711	2744
210.713	2629.37
211.718	2485.17
212.722	2378.46
213.724	2347.3
214.726	2282.52
215.729	2257.88
216.731	2134.93
217.732	1745.45
218.734	2047.55
219.737	2336.13
220.737	2564.8
221.738	2640.56
222.742	2612.96
223.746	2601.79
224.75	2590.63
225.753	2626.75
226.757	2702.29
227.759	2235.53
228.759	2676.8
229.762	2626.75
230.762	2531.2
231.764	2551.05
232.765	2472.73
233.769	2467.8
234.77	2461.54
235.774	2423.13
236.777	2492.61
237.799	2345.21
238.8	2072
239.802	2313.77
240.804	2193.01
241.805	2148.25
242.808	2190.82
243.811	2291.42
244.812	2226.57
245.814	2226.57
246.816	2179.64
247.818	2170.63
248.82	1754.89
249.823	2134.93
250.823	2206.4
251.823	2228.8
252.825	2226.57
253.826	2170.63
254.829	2324.95
255.833	2534.79
256.833	2744
257.835	2774.82
258.836	2228.8
259.836	2688
260.839	2704.99
261.84	2685.31
262.841	2699.2
263.842	2662.94
264.846	2490.13
265.846	2396.8
266.848	2271.33
267.849	2237.76
268.87	2086.27
269.872	2034.33
270.874	2193.01
271.878	2143.97
272.88	2302.59
273.884	2423.13
274.886	2416.78
275.888	2436.73
276.89	2528.67
277.891	2629.37
278.892	2609.6
279.896	2141.83
280.898	2629.37
281.898	2553.6
282.904	2427.04
283.907	2313.77
284.907	2318.4
285.911	2311.47
286.912	2260.14
287.915	2202
288.916	2172.8
289.916	1724.8
290.916	2072
291.918	2092.31
292.92	2146.11
293.925	2139.7
294.926	2240
295.927	2271.33
296.932	2284.58
297.936	2289.13
298.94	2300.3
299.961	1963.56
300.963	2170.63
301.964	2226.57
302.967	2168.46
303.969	2125.87
304.971	2146.11
305.976	2128.56
306.98	2088.14
307.983	2101.4
308.986	2134.93
309.987	2170.63
310.99	1898.31
311.994	2266.8
312.996	2226.57
314.001	2217.71
315.004	2277.97
316.007	2280.24
317.01	2224.35
318.01	2172.8
319.011	2128
320.012	2159.44
321.012	1769.6
322.017	2173.13
323.019	2237.76
324.021	2347.3
325.022	2430.4
326.023	2573.43
327.024	2609.6
328.028	2579.46
329.029	2584.61
330.029	2531.2
331.042	2058.5
332.042	2475.2
333.044	2403.19
334.045	2296
335.047	2235.53
336.048	2262.4
337.052	2289.13
338.053	2327.27
339.058	2306.86
340.063	2295.72
341.068	2306.86
342.07	1890.91
343.074	2255.63
344.078	2188.63
345.08	2168.46
346.083	2146.11
347.086	2112.57
348.088	2134.93
349.09	2170.63
350.09	2161.6
351.094	2132.8
352.095	1834.96
353.099	2322.63
354.099	2576
355.103	2925.62
356.105	3065.73
357.106	3323.08
358.108	3311.89
359.111	3215.95
360.115	3204.78
361.119	3160.12
362.12	2662.94
363.124	3372.28
364.126	3300.7
365.129	3115.45
366.13	3124.8
367.134	2959.12
368.135	2875.52
369.136	2732.8
370.136	2710.4
371.137	2595.8
372.139	2573.43
373.143	2063.75
374.145	2495.1
375.145	2452.8
376.152	2424.63
377.153	2374.4
378.154	2260.14
379.157	2213.17
380.157	2184
381.158	2206.4
382.159	2181.82
383.16	1769.6
384.163	2324.95
385.164	2461.54
386.166	2774.82
387.166	2833.6
388.166	2788.8
389.169	2716.17
390.169	2710.4
391.172	2682.63
392.175	2693.81
393.179	2199.8
394.18	2763.64
395.182	2685.31
396.184	2526.15
397.185	2587.2
398.187	2503.79
399.188	2441.6
400.188	2374.4
