1.09312 2200.9005
2.10859 2202.4669
3.12756 2204.8803
4.1314 2209.0507
5.13291 2212.9177
6.13443 2221.9536
7.14525 2232.583
8.14909 2244.4698
9.1541 2257.0297999999993
10.1672 2269.3652999999995
11.1732 2283.2681
12.1735 2296.6268999999998
13.1739 2307.5548
14.1789 2317.2261
15.1804 2320.1629000000003
16.1807 2325.1503000000002
17.1857 2329.1585999999998
18.1861 2330.9232999999995
19.1888 2329.6245999999996
20.1915 2326.1642
21.1943 2321.4003000000002
22.1982 2319.9676000000004
23.1985 2312.7704000000003
24.2023 2304.5546000000004
25.2062 2292.8464
26.21 2285.0499999999997
27.2139 2278.3903000000005
28.2212 2273.6514
29.2216 2272.1284
30.2242 2271.6303
31.2262 2272.720999999999
32.2289 2278.5118999999995
33.2292 2279.2368999999994
34.2308 2280.8048999999996
35.2334 2277.849
36.2349 2275.9728
37.2376 2276.3945
38.2391 2277.7868000000003
39.2407 2278.3462000000004
40.2433 2278.4764999999993
41.2437 2280.7119999999995
42.249 2283.4881999999993
43.2505 2291.4998999999993
44.2544 2295.7268999999997
45.2571 2300.7022
46.2586 2300.8544000000006
47.2624 2305.2180000000008
48.2639 2307.1870000000004
49.2655 2306.8049
50.267 2305.3504000000003
51.2673 2304.1862
52.2715 2303.0438999999997
53.2742 2306.7706
54.2757 2306.7706000000003
55.276 2306.7706000000003
56.2764 2302.4445
57.2791 2302.1180000000004
58.2794 2301.0002
59.2809 2299.4131
60.2813 2297.9778000000006
61.284 2296.4847000000004
62.2846 2294.9014000000006
63.2849 2297.1045000000004
64.2876 2296.116
65.288 2295.3709000000003
66.293 2294.2034999999996
67.298 2295.3793999999994
68.2995 2297.0465999999997
69.3033 2298.0753999999997
70.3037 2299.371
71.3064 2300.4681000000005
72.3067 2300.6206
73.3097 2299.7881
74.31 2304.2590999999998
75.3139 2305.0756999999994
76.3154 2305.9411
77.3169 2300.7718999999997
78.3184 2301.6120999999994
79.3223 2301.1903
80.3261 2300.5455
81.3311 2299.2535000000003
82.3315 2296.8045
83.3335 2294.3181999999997
84.3338 2295.8142
85.3377 2291.6797
86.3392 2287.5682
87.343 2280.0877
88.3434 2276.3290000000006
89.3461 2273.3774000000003
90.3499 2272.3931000000002
91.3549 2274.9614
92.3587 2279.549
93.3622 2284.3166
94.3649 2294.7844999999998
95.3664 2301.7422999999994
96.3691 2308.1470999999997
97.3718 2308.9211999999998
98.3733 2314.0363999999995
99.3736 2316.8077
100.374 2318.2386
101.376 2318.9730000000004
102.379 2318.0534
103.381 2315.4851
104.382 2313.7587999999996
105.384 2313.613699999999
106.386 2309.8364999999994
107.387 2305.0253
108.389 2296.0376999999994
109.392 2291.8979
110.393 2288.9026
111.395 2287.9827999999998
112.397 2291.4512999999997
113.401 2297.2113999999997
114.405 2302.8244
115.408 2313.1276000000003
116.41 2319.4926000000005
117.411 2326.8772000000004
118.415 2326.7189
119.423 2336.3857
120.423 2344.4880000000003
121.424 2351.6276000000003
122.425 2359.1800000000007
123.427 2366.1812000000004
124.43 2374.7046000000005
125.433 2385.6587000000004
126.434 2392.3652
127.435 2397.8571
128.436 2398.1295
129.439 2400.1699
130.443 2401.0039999999995
131.446 2398.8203999999996
132.446 2396.3862
133.446 2393.6737
134.468 2390.8003
135.47 2391.8295
136.472 2392.2914
137.473 2391.2855
138.474 2390.5015000000003
139.479 2387.0125000000003
140.482 2390.9375
141.483 2396.3322
142.485 2403.4620999999997
143.488 2408.7209
144.493 2413.1919000000003
145.493 2418.1024000000007
146.494 2428.0704000000005
147.495 2434.9266000000002
148.498 2442.7351000000003
149.5 2445.8355
150.504 2456.3864000000003
151.505 2466.4224000000004
152.508 2476.1887
153.511 2484.7955
154.512 2491.7556
155.517 2496.9024
156.522 2505.5442
157.524 2510.1267
158.526 2514.9824999999996
159.526 2516.731
160.529 2523.6488000000004
161.533 2531.4995
162.535 2538.7834
163.54 2545.2043
164.541 2551.2711000000004
165.557 2556.7984
166.559 2562.4458
167.56 2566.2705
168.56 2568.4394999999995
169.56 2569.6583
170.562 2567.9159999999993
171.567 2570.377499999999
172.569 2572.9339
173.572 2574.5245000000004
174.576 2574.4626000000003
175.576 2572.2535000000007
176.579 2568.8443000000007
177.583 2570.6810000000005
178.583 2567.603
179.586 2566.3219999999997
180.587 2560.2669
181.587 2560.4665
182.589 2561.5144999999998
183.589 2562.5868000000005
184.594 2563.5942000000005
185.597 2565.0188000000003
186.598 2565.5983000000006
187.599 2570.9103
188.602 2573.0573000000004
189.603 2577.2170000000006
190.607 2576.2804
191.608 2578.6254
192.608 2578.4013999999997
193.608 2577.7906
194.61 2576.8141999999993
195.61 2575.9457999999995
196.649 2576.311
197.652 2581.3763000000004
198.655 2581.904
199.656 2582.1798999999996
200.659 2580.0687000000003
201.662 2578.2143
202.666 2579.6933000000004
203.669 2580.1400000000003
204.681 2579.8693
205.683 2580.1027999999997
206.684 2579.7872999999995
207.687 2579.5634999999993
208.689 2583.4263999999994
209.691 2583.1130999999996
210.693 2583.1358
211.695 2576.2817999999997
212.695 2571.156
213.698 2566.2900999999997
214.7 2562.9898
215.704 2559.9988
216.706 2557.2618
217.709 2554.3527
218.711 2560.3584
219.711 2557.6439
220.713 2557.1088
221.716 2552.1621999999998
222.719 2553.1962000000003
223.721 2554.2306000000003
224.723 2553.587
225.726 2553.6987
226.731 2552.6927
227.734 2551.8878999999997
228.735 2553.9209999999994
229.735 2550.4260999999997
230.737 2546.5083000000004
231.738 2539.8339000000005
232.74 2535.5616
233.743 2532.6780000000003
234.746 2531.6731000000004
235.751 2532.5063
236.754 2533.6108000000004
237.754 2534.7544000000003
238.757 2536.132
239.757 2542.1945
240.758 2541.8585000000007
241.761 2539.3969000000006
242.763 2529.8268
243.765 2526.161
244.767 2522.9867000000004
245.767 2518.9588
246.768 2514.2900999999997
247.769 2508.5528000000004
248.774 2501.8396000000007
249.774 2500.6375000000003
250.774 2491.4292000000005
251.775 2482.8689000000004
252.777 2470.3783000000008
253.779 2462.4656000000004
254.78 2455.282
255.783 2449.4639000000006
256.783 2444.8166000000006
257.784 2440.61
258.787 2436.181
259.788 2435.3993000000005
260.79 2429.3886000000007
261.793 2423.0827000000004
262.793 2413.7562000000003
263.797 2408.4726
264.801 2403.8545
265.801 2400.6161999999995
266.803 2398.1577999999995
267.806 2395.3822
268.827 2393.0585
269.831 2391.7277000000004
270.832 2392.6209999999996
271.834 2388.7264
272.835 2384.1173
273.835 2376.0792
274.838 2373.1452
275.841 2371.6693999999998
276.841 2370.7989000000002
277.843 2372.2293
278.845 2376.2289
279.848 2382.4379
280.851 2395.8702
281.855 2403.9504
282.859 2411.9902
283.864 2413.1557
284.865 2420.3242999999993
285.867 2427.1493999999993
286.871 2433.4421
287.871 2438.1839999999997
288.872 2441.9173
289.876 2442.8993000000005
290.88 2445.7554999999998
291.881 2442.1389
292.883 2438.5333
293.887 2430.9681
294.887 2425.4965
295.891 2420.7503
296.893 2416.5304
297.893 2413.1265000000003
298.893 2409.8785000000003
299.909 2407.8625000000006
300.909 2410.2228
