1.09894 2277.8048000000003
2.09929 2276.1507000000006
3.09964 2273.6210000000005
4.10348 2271.3810000000003
5.10732 2268.7932000000005
6.10884 2269.2885000000006
7.11035 2272.0634000000005
8.11303 2276.0023000000006
9.11571 2283.7549000000004
10.1161 2291.8274000000006
11.1231 2301.1095
12.1247 2313.3866000000003
13.1285 2323.8190000000004
14.1323 2334.0081000000005
15.1327 2336.2854
16.1377 2342.7814
17.1439 2349.6907
18.1442 2354.8590000000004
19.1446 2359.6491000000005
20.1449 2363.0963
21.1478 2366.1836
22.1516 2372.4429999999998
23.1543 2375.4816999999994
24.157 2378.2998999999995
25.1632 2377.1622999999995
26.1693 2379.9792
27.1708 2382.2381
28.1747 2383.5807
29.175 2383.6922999999997
30.1777 2382.7736999999997
31.2274 2381.0290999999997
32.2324 2382.7288
33.2362 2380.2438
34.2412 2377.6235
35.2451 2372.7535000000003
36.2489 2369.9429000000005
37.2493 2367.0976000000005
38.2508 2362.6154000000006
39.2523 2356.2757
40.255 2350.7932
41.2576 2344.2174
42.2595 2338.0697000000005
43.2633 2337.6017000000006
44.266 2332.2813000000006
45.2687 2328.3691000000003
46.2818 2322.0332
47.2822 2319.9791
48.286 2320.0910999999996
49.2922 2321.3444999999997
50.2937 2322.9787
51.2964 2325.0008000000003
52.2971 2327.1514
53.2974 2335.021
54.3048 2338.8289999999997
55.3051 2344.8094999999994
56.3055 2346.6653999999994
57.3082 2354.5579
58.3132 2362.494
59.3135 2369.739
60.3174 2374.4242
61.32 2377.6029999999996
62.323 2379.3044999999993
63.3233 2385.0535999999997
64.3248 2386.2384
65.3252 2387.3344000000006
66.3255 2382.5857000000005
67.3282 2378.4445
68.3297 2372.1166
69.3336 2365.0885
70.3339 2356.6419
71.3366 2347.7870000000003
72.3733 2339.2196
73.3737 2332.5212
74.3752 2329.0293
75.3755 2321.4208999999996
76.3782 2314.7929
77.3786 2306.0567999999994
78.3789 2302.1367999999993
79.3804 2301.1947
80.3808 2301.7780000000002
81.3835 2303.2340000000004
82.3861 2306.0536000000006
83.3916 2310.2421000000004
84.3955 2320.0197
85.397 2326.7195999999994
86.3997 2333.9923999999996
87.4012 2334.2381
88.4039 2342.7416
89.4054 2351.2057999999997
90.4069 2357.1067
91.4107 2360.4917
92.4227 2362.2497999999996
93.4239 2361.8158999999996
94.4254 2365.0855999999994
95.4257 2362.3127
96.4273 2357.987
97.4299 2350.7871999999998
98.4338 2349.3585
99.4341 2349.5818
100.438 2350.3168
101.439 2351.1468
102.443 2353.0733999999993
103.444 2355.7778999999996
104.449 2361.6018999999997
105.455 2368.5974999999994
106.458 2374.7174999999997
107.458 2380.2223
108.463 2379.9982999999997
109.465 2383.5626
110.47 2386.3872
111.471 2387.4948000000004
112.472 2386.500400000001
113.474 2383.405
114.475 2379.2692
115.476 2380.0524000000005
116.477 2374.7432
117.478 2368.1205
118.479 2359.031
119.481 2353.6604
120.483 2352.1825
121.486 2353.4632
122.489 2355.9487000000004
123.49 2358.2699000000007
124.494 2360.4556000000002
125.495 2366.4855000000002
126.495 2368.449
127.496 2371.3918999999996
128.5 2369.5794
129.502 2373.1211000000003
130.502 2376.7871999999998
131.504 2380.1472
132.504 2384.8464999999997
133.504 2389.3017999999997
134.521 2394.0438
135.525 2401.3521
136.526 2406.6193
137.532 2412.1694
138.537 2416.5837
139.539 2418.8042
140.54 2423.2566
141.543 2426.1657
142.545 2427.7520000000004
143.547 2429.2051000000006
144.55 2432.3151000000003
145.55 2434.2375
146.551 2438.8072
147.552 2438.0022000000004
148.554 2435.5164999999997
149.558 2427.9156999999996
150.563 2423.9170999999997
151.565 2420.0148999999997
152.569 2415.3378999999995
153.569 2410.134
154.569 2404.7362999999996
155.571 2399.6497999999997
156.574 2400.9658
157.577 2398.6733
158.578 2397.4714000000004
159.588 2391.4517000000005
160.589 2391.3585000000003
161.591 2392.2266
162.591 2394.2405
163.594 2396.9285000000004
164.597 2399.9730999999997
165.63 2401.9602
166.636 2407.6049
167.636 2408.4753999999994
168.637 2409.1249999999995
169.638 2409.1556999999993
170.644 2409.471
171.645 2411.5840000000003
172.647 2413.3116999999997
173.649 2416.4414
174.65 2420.7566
175.652 2425.0083000000004
176.656 2429.3476
177.656 2437.1029
178.659 2441.8926000000006
179.659 2444.9627000000005
180.659 2442.525
181.661 2444.6267000000003
182.661 2444.876
183.664 2442.7144
184.668 2438.3551
185.669 2433.5112000000004
186.671 2428.0944000000004
187.673 2428.430100000001
188.676 2419.3452000000007
189.679 2410.2537
190.679 2398.3281
191.68 2390.7120999999997
192.682 2383.8592
193.683 2379.3882
194.683 2375.8091999999997
195.687 2373.9052
196.69 2373.3922
197.692 2376.6966
198.696 2375.1963000000005
199.698 2373.7446999999997
200.7 2368.9013000000004
201.7 2366.3279
202.703 2364.0656
203.703 2361.1593999999996
204.705 2357.1061
205.707 2352.0497
206.709 2346.1736
207.71 2339.1949000000004
208.711 2337.5849000000003
209.711 2331.4097
210.713 2325.6760000000004
211.718 2318.3654
212.722 2316.1817
213.724 2314.6628
214.726 2313.3669
215.729 2313.3214000000003
216.731 2313.545
217.732 2314.4392
218.734 2318.7127
219.737 2319.5172000000007
220.737 2317.7503000000006
221.738 2309.7983
222.742 2305.124
223.746 2301.372
224.75 2298.8271
225.753 2297.2248
226.757 2296.6916
227.759 2295.7647
228.759 2299.204
229.762 2298.2821000000004
230.762 2297.3266000000003
231.764 2292.5996
232.765 2291.8411
233.769 2291.1456999999996
234.77 2289.4276999999997
235.774 2287.1676
236.777 2285.5603
237.799 2283.5254999999997
238.8 2283.3461
239.802 2285.6947
240.804 2285.5141999999996
241.805 2286.6527
242.808 2284.0793
243.811 2284.7274
244.812 2283.6995
245.814 2283.1184
246.816 2282.3138000000004
247.818 2281.6431000000002
248.82 2281.2861
249.823 2285.4435
250.823 2285.7102
251.823 2284.9742
252.825 2281.0357999999997
253.826 2281.9963999999995
254.829 2286.0501
255.833 2292.0568
256.833 2297.3661999999995
257.835 2303.1569999999997
258.836 2308.5276999999996
259.836 2318.3992
260.839 2323.5669999999996
261.84 2328.1182999999996
262.841 2327.8945999999996
263.842 2334.6254
264.846 2341.0029999999997
265.846 2347.2562
266.848 2354.5362
267.849 2361.4141
268.87 2367.7917
269.872 2374.257
270.874 2381.0177
271.878 2385.0456000000004
272.88 2389.3402
273.884 2386.9518
274.886 2387.6715
275.888 2388.0317
276.89 2387.9106999999995
277.891 2386.368
278.892 2382.6757000000002
279.896 2378.7114
280.898 2379.1331
281.898 2374.9034
282.904 2371.1856000000002
283.907 2364.6112000000003
284.907 2364.723
285.911 2366.1544000000004
286.912 2370.7879000000003
287.915 2376.5225
288.916 2382.3905
289.916 2387.8242
290.916 2397.6802
291.918 2403.7865
292.92 2409.8015
293.925 2410.3383999999996
294.926 2416.5778
295.927 2421.0308999999997
296.932 2423.5791
297.936 2426.6052999999993
298.94 2428.7518999999993
299.961 2430.1649
300.963 2434.2733000000003
