1.01259	3673.96
2.03272	1800.78
3.03424	772.027
4.06715	358.139
5.08229	474.482
6.09893	440.944
7.10232	346.161
8.11347	443.125
9.12904	540.689
10.144	529.655
11.1519	567.229
12.1663	662.721
13.176	788.107
14.1796	915.653
15.1828	1049.65
16.19	1245.68
17.1911	1342.66
18.1929	1353.85
19.1994	1280.32
20.2024	1607.98
21.2087	1146.72
22.2092	1904
23.2128	2121.64
24.2147	2349.65
25.2167	2604.39
26.2181	2965.03
27.2187	3248
28.2227	3324.3
29.2235	3808
30.224	3920
31.2256	2439.16
32.2258	4233.6
33.2278	4318.88
34.2281	4592
35.2296	4632.17
36.2304	5017.6
37.2307	5275.2
38.231	5488
39.232	5739.86
40.2339	5728.67
41.364	5025.13
42.3645	4692.8
43.3656	5337.06
44.3666	5415.38
45.3675	5140.8
46.3695	4828.74
47.3696	4300.8
48.3713	3860.14
49.3726	4274.12
50.3734	3684.8
51.3745	3647.55
52.3764	2651.75
53.3775	4397.2
54.3779	4200
55.3789	4486.71
56.3798	4771.2
57.3812	4833.57
58.3827	5079.72
59.3827	5409.6
60.3834	5219.2
61.3836	5712
62.3854	3960.84
63.3864	5745.6
64.3884	5041.12
65.3903	4923.08
66.3906	4894.4
67.3929	4661.08
68.3947	4206.99
69.3971	3666.27
70.3995	2995.61
71.4016	2783.23
72.5087	2246.07
73.5105	2293.71
74.5125	3297.41
75.5127	3628.8
76.5143	4061.54
77.5157	4576.22
78.5182	5018.76
79.5186	5297.6
80.5203	5370.63
81.5204	5712
82.5206	5868.8
83.5214	6036.8
84.5224	6462.4
85.5225	6294.4
86.5229	5286.4
87.5234	4793.6
88.5243	5342.4
89.5253	5303.5
90.5255	5118.4
91.5272	4889.51
92.5285	4531.47
93.5358	3826.02
94.537	3535.66
95.5382	3580.42
96.5397	3177.62
97.5413	1633.57
98.5437	3107.39
99.5454	3669.93
100.547	3658.74
101.547	4278.4
102.55	4526.95
103.55	4894.4
104.552	5068.53
105.554	5448.95
106.555	5896.5
107.592	3758.53
108.593	5493.71
109.594	5174.4
110.596	4878.32
111.597	4788.81
112.6	4728.14
113.6	4267.2
114.602	3893.71
115.603	3132.87
116.604	3401.4
117.776	2716.31
118.777	2439.16
119.778	3393.6
120.78	3781.82
121.783	4075.77
122.784	4547.2
123.784	4704
124.785	4923.08
125.787	5135.66
126.787	5286.4
127.788	5437.76
128.79	3390.21
129.791	5325.87
130.793	5119.36
131.793	5196.8
132.794	5046.15
133.795	4699.3
134.797	4520.28
135.798	4855.94
136.799	4592
137.799	5163.2
138.862	3385.31
139.864	5236.36
140.864	4950.4
141.866	5046.15
142.866	4939.2
143.866	5028.8
144.866	5208
145.868	5437.76
146.868	5656
147.87	5549.65
148.87	5622.4
149.87	3281.6
150.871	5163.2
151.873	4878.32
152.875	4844.75
153.875	5040
154.876	4692.8
155.876	5364.8
156.878	5146.85
157.879	5180.42
158.881	4884.63
159.883	3334.26
160.884	5017.6
161.885	4744.06
162.886	5073.6
163.887	5247.55
164.888	5443.2
165.888	5566.4
166.889	5549.65
167.89	5404.19
168.892	5538.46
169.983	3935.41
170.984	4811.19
171.985	5264
172.985	5264
173.985	5745.6
174.985	5835.2
175.985	6328
176.986	6204.8
177.986	6742.4
178.986	6652.8
179.987	7033.6
180.988	4005.59
181.989	5303.5
182.991	4900.7
183.992	4838.4
184.992	4592
185.994	4274.12
186.996	3703.5
187.996	2878.4
189	2043.47
190.003	1451.65
191.004	794.405
192.008	1596.81
193.011	1643.11
194.014	1808.97
195.017	2009.97
196.019	2293.71
197.02	2430.4
198.02	2665.6
199.021	3020.98
200.022	3158.4
