1.06431	4596.02
2.06613	1141.26
3.06758	5784.62
4.0683	6417.6
5.06859	6137.6
6.07005	5885.31
7.07164	5784.62
8.07237	5734.4
9.0734	5751.05
10.0737	5779.2
11.074	5835.2
12.0755	5896.5
13.7231	4059.74
14.7237	5779.2
15.7253	1823.78
16.7273	5186.43
17.7282	1892.8
18.7291	4681.6
19.7296	4468.8
20.7314	4419.58
21.732	4379.2
22.7329	3147.2
23.7348	4206.99
24.7361	4967.83
25.737	5073.6
26.7385	4889.51
27.7391	4804.8
28.741	4855.94
29.7424	4967.83
30.7439	4811.19
31.7441	4782.4
32.8016	3962.91
33.8046	4187.44
34.8056	5057.34
35.806	5129.6
36.8065	5152
37.8067	4984
38.8076	4872
39.8095	4844.75
40.811	4665.73
41.8113	4491.2
42.8129	4464.33
43.8145	3166.43
44.8174	4135.73
45.8177	4928
46.8195	4632.17
47.8196	4681.6
48.8198	4580.8
49.8198	4681.6
50.82	4659.2
51.8204	4614.4
52.8208	4603.2
53.8222	4553.85
54.8238	3781.82
55.8257	4352.45
56.8264	4513.6
57.8377	4564.19
58.8393	4587.41
59.8402	4536
60.8403	4480
61.8403	4513.6
62.8408	4592
63.8414	4480
64.8414	4390.4
65.8433	3144.05
66.8456	4370.46
67.8471	4240.56
68.8488	4318.88
69.8495	4323.2
70.8503	4345.6
71.8508	4334.4
72.8521	4206.99
73.8525	4166.4
74.8548	4158.08
75.8554	2788.8
76.8575	4269.86
77.8583	4132.8
78.8608	4281.04
79.8627	4307.69
80.8642	4475.52
81.8642	4412.8
82.8644	4468.8
83.8658	4710.49
84.8665	4849.6
85.9348	4289.14
86.9367	4005.59
87.9384	4800
88.9394	4777.62
89.9398	4737.6
90.9407	4692.8
91.941	4737.6
92.9414	4670.4
93.9427	4732.87
94.9453	4862.27
95.9456	4905.6
96.9466	3132.87
97.9488	4661.08
98.9503	4721.68
99.9525	4750.5
100.954	4732.87
101.955	4967.83
102.956	4860.8
103.958	4732.87
104.96	4587.41
105.96	4569.6
106.961	3068.8
107.961	4771.2
108.963	4620.98
109.965	4728.14
110.966	4681.6
111.968	4553.85
112.971	4723.43
113.972	4755.24
114.972	5745.6
115.974	5627.97
117.086	4879.21
118.087	4274.12
119.089	5029.94
120.091	5018.76
121.093	4721.68
122.093	4569.6
123.095	4515.77
124.095	4468.8
125.097	4386.01
126.098	4352.45
127.101	4225.15
128.103	3155.24
129.103	4401.6
130.106	4381.64
131.107	4229.37
132.109	4218.18
133.109	4256
134.109	4289.6
135.111	4281.04
136.112	4318.88
137.113	4312
138.113	1019.2
139.115	3804.2
140.116	3848.95
141.117	4039.16
142.12	4281.04
143.12	4334.4
144.122	4441.96
145.123	4648
146.124	4654.54
147.125	4665.73
148.213	4241.18
149.214	4222.4
150.529	2802.13
151.531	4538.12
152.531	4513.6
153.533	4609.79
154.536	4728.14
155.537	4923.08
156.538	4894.4
157.54	4867.13
158.54	4267.2
159.54	3942.4
160.542	4795.21
161.543	4726.4
162.544	4547.2
163.544	4569.6
164.545	4659.2
165.545	4692.8
166.546	4692.8
167.548	4560.48
168.55	4609.79
169.55	3382.4
170.551	4939.2
171.552	4744.06
172.554	4900.7
173.555	4934.27
174.557	5029.94
175.559	5012.59
176.561	5007.58
177.562	5057.34
178.564	5012.59
179.564	3427.2
180.565	5437.76
181.567	5314.69
182.567	5521.6
183.969	3269.66
184.969	5017.6
185.97	4782.4
186.97	5118.4
187.972	4934.27
188.973	4822.38
189.975	3353.29
190.979	4544.77
191.979	4446.4
192.98	5174.4
193.981	5073.6
194.982	4923.08
195.983	4833.57
196.985	4560.48
197.986	4793.6
198.986	4737.6
200.03	4026.84
201.03	4032
202.031	4547.2
203.033	4475.52
204.033	4412.8
205.036	4265.6
206.037	4401.6
207.039	4251.75
208.041	4281.04
209.041	4121.6
210.042	4099.2
211.044	3009.79
212.045	4240.56
213.045	4368
214.047	4386.01
215.047	4345.6
216.05	4392.81
217.052	4441.96
218.052	5219.2
219.053	2137.06
220.054	4491.2
221.054	4435.2
222.055	5258.74
223.056	4928
224.056	5488
225.056	2038.4
226.552	3121.93
227.555	4269.86
228.555	4312
229.555	4267.2
230.556	4424
231.558	3196.81
232.56	4419.58
233.562	4374.83
234.563	4312
235.564	4162.24
236.565	4195.8
237.565	4177.6
238.568	4269.86
239.568	4244.8
240.57	4173.43
241.572	2861.48
242.574	4325.75
243.575	4206.99
244.576	4233.6
245.577	4233.6
246.579	4437.52
247.58	4569.6
248.583	4466.6
249.586	4683.43
250.587	4979.02
251.641	4601.14
252.643	4039.16
253.643	4692.8
254.643	4737.6
255.644	4715.2
256.644	4737.6
257.646	4833.57
258.647	4692.8
259.648	4934.27
260.65	5018.76
261.651	4603.2
262.651	3147.2
263.652	4587.41
264.653	4580.8
265.653	4603.2
266.655	4475.52
267.657	4538.12
268.659	4676.92
269.659	4681.6
270.66	4715.2
271.661	4800
