1.63371	669.645
3.44219	755.752
4.72403	34.972
5.82093	1001.46
7.18304	222.026
8.26133	155.844
9.31867	158.94
10.3842	147.23
11.4438	148.064
12.5499	212.658
13.8123	17.749
15.5548	173.593
17.3257	240.451
18.3827	286.092
19.4517	209.737
20.5183	262.664
21.5745	339.393
22.5785	267.996
23.5798	346.853
24.5826	469.461
25.7109	69.503
26.7299	88.015
27.9466	211.842
29.0156	167.79
30.0962	155.555
31.1523	169.696
32.2225	157.009
33.2695	235.339
34.2865	110.236
36.445	93.419
37.543	102.003
39.1762	116.595
40.2417	157.746
41.3141	167.164
42.3796	168.262
43.4395	232.672
44.4701	119.611
46.1372	201.559
47.1434	144.731
48.2461	284.573
49.3302	216.974
50.3375	88.977
51.4216	185.977
52.6546	145.454
53.7445	164.554
54.7775	97.674
55.8617	278.966
57.2005	159.043
58.259	158.79
59.3408	165.772
60.4156	145.996
61.4997	154.981
62.5803	165.925
64.2669	106.287
65.3217	223.149
66.4011	228.359
67.6131	147.854
68.6798	115.572
69.7383	201.134
70.784	182.2
71.8193	248.888
72.9208	162.761
73.9619	333.525
74.996	314.119
76.0524	710.606
77.0656	486.475
78.3253	106.751
79.3455	197.647
80.4586	181.132
81.6451	160.539
82.7048	243.248
84.1134	135.227
85.3313	220.87
86.3381	467.594
87.3943	360.606
88.4749	269.629
89.5694	214.99
90.6442	281.564
91.7249	197.037
92.8334	171.841
93.9338	224
95.2086	43.956
96.2846	62.511
97.3732	514.705
98.4387	241.877
100.413	51.089
101.518	293.936
102.931	71.337
104.03	214.012
105.119	308.823
106.188	241.198
107.239	469.333
109.368	242.105
110.449	72.525
111.547	163.205
112.623	166.697
113.713	246.831
114.745	499.224
115.909	48.151
117.011	254.083
118.108	633.576
119.141	520.93
120.182	408.837
121.284	244.141
122.335	287.725
123.395	338.432
124.437	354.702
125.77	268.867
126.858	236.982
127.872	265.088
128.887	276.134
130.635	102.517
131.805	134.017
132.882	259.981
133.922	334.167
135.014	246.153
136.218	242.061
137.345	59.627
138.348	1676.65
139.374	1201.95
140.421	1081.45
141.505	857.564
142.589	661.254
143.679	575.941
144.743	378.947
146.103	148.344
147.168	147.368
148.189	175.514
149.233	257.471
150.234	134.4
151.342	404.332
152.771	94.117
153.982	37.024
155.041	190.368
156.117	156.279
157.178	158.49
158.512	159.52
159.612	438.216
160.703	236.113
161.805	213.623
163.027	229.132
164.114	195.948
165.131	77.089
166.268	19.718
167.287	143.025
168.396	171.686
169.476	269.879
171.105	123.832
172.168	189.651
173.227	169.216
174.687	145.853
175.83	9.807
176.887	296.688
177.947	285.552
178.989	343.953
180.044	552.037
181.213	277.844
182.305	215.384
183.577	105.66
185.658	150.769
186.714	371.212
188.09	105.813
189.17	394.439
190.19	417.254
191.271	321.481
192.332	10.556
193.567	226.72
194.79	247.463
195.886	245.255
196.98	153.705
198.063	155.268
199.15	154.553
200.186	151.497
201.282	225.022
202.31	174.319
203.328	286.332
204.354	764.878
205.414	781.886
206.461	642.447
207.551	493.663
208.629	238.961
209.703	156.57
210.773	240.972
211.889	180.645
212.956	168.105
214.048	307.692
215.138	215.977
216.226	298.804
217.228	447.105
218.305	291.179
220.193	290.677
222.526	206.429
223.58	648.812
224.81	127.583
226.139	92.771
227.256	572.043
228.33	302.702
229.417	319.411
230.509	225.641
231.515	423.482
232.578	347.695
233.672	225.434
234.741	241.198
235.79	213.536
237.136	183.197
238.251	100.448
239.533	104.918
240.601	167.947
241.611	354.851
242.623	620.375
243.652	479.377
244.723	491.503
245.779	222.727
246.86	238.518
247.952	194.871
249.037	330.322
250.105	335.895
251.169	115.789
252.194	481.25
253.328	296.296
254.428	142.545
255.475	171.319
256.879	39.914
257.909	141.359
258.996	226.887
260.024	533.852
261.141	110.394
262.141	392
263.164	470.772
264.513	215.863
265.571	180.132
266.651	331.851
267.762	262.342
268.85	195.768
269.921	261.437
270.99	251.685
271.993	201.197
272.996	658.823
273.996	694.4
275.034	658.188
276.053	825.147
277.054	2632
278.107	4328.96
279.108	4603.2
280.16	4375.67
281.161	4670.4
282.161	4536
283.161	4704
284.162	4614.4
285.162	4614.4
286.163	4536
287.163	4513.6
288.203	4505.87
289.311	4629.6
290.312	3920
291.353	4120.65
292.417	4210.53
293.417	4289.6
294.424	3785.29
295.453	3907.48
296.455	3960.84
297.484	4157.82
298.504	4282.35
299.546	4299.42
300.589	4299.42
301.652	4298.78
302.69	4844.7
303.691	5219.2
304.749	5123.63
305.75	5700.8
306.779	5278.91
307.779	5700.8
308.802	5358.9
309.826	5309.87
310.826	5555.2
311.826	5588.8
312.827	5824
313.827	4771.2
314.86	4775.19
315.921	4902.64
316.927	4586.88
317.927	4816
318.928	4827.2
319.983	4469.38
320.983	4648
322.002	4488.8
323.032	4817.09
324.093	4902.64
325.155	4893.41
326.156	5028.8
327.156	4580.8
328.184	4652.14
329.234	4302.76
330.266	4080.62
331.328	4229
332.4	4183.01
333.451	4081.45
334.499	3911.45
335.5	4222.4
336.557	4545.69
337.593	4497.3
338.637	4477.85
339.637	4928
340.638	5252.8
341.666	5981.32
342.668	6035.93
343.669	6328
344.669	6339.2
345.716	6006.88
346.716	6899.2
347.717	5992
348.749	5800.97
349.763	6174.36
350.785	5939.73
351.797	5793.87
352.821	5780.65
353.844	5780.65
354.893	5760.31
355.893	5846.4
356.893	5768
357.932	5794.22
358.972	6392.3
359.972	6395.2
360.991	5941.06
361.992	6339.2
362.992	6305.6
364.029	6242.62
365.052	6367.12
366.066	6119.13
367.07	5951.74
368.094	5955.82
369.117	5955.82
370.161	5916.78
371.174	5716.09
372.174	5902.4
373.195	5759.06
374.196	6720
375.201	5951.04
376.201	6339.2
377.202	6339.2
378.202	6227.2
379.202	6182.4
380.203	6350.4
381.216	6865.94
382.216	6563.2
383.216	5857.6
384.244	5965.33
385.244	6507.2
386.266	6684.93
387.267	6451.2
388.267	5857.6
389.299	5985.65
390.299	6776
391.322	6487.67
392.322	6372.8
393.322	5868.8
394.358	5994.98
395.358	6988.8
396.38	6312.33
397.397	5930.71
398.443	6034.07
399.443	6350.4
