0.0601875	60
0.141218	62
0.145871	65
0.150567	68
0.15522	71
0.159872	75
0.212831	84
0.217484	83
0.21981	82
0.225626	82
0.227953	81
0.234932	81
0.237258	81
0.244237	82
0.246564	83
0.322172	93
0.324498	95
0.329151	98
0.332647	100
1.5245	96
1.52683	92
1.52915	89
1.5741	92
1.57643	88
1.57875	85
1.58108	82
1.5834	80
1.58573	78
1.58806	76
1.59038	74
1.65203	80
1.65669	81
1.6625	81
1.66483	82
1.67064	83
1.6753	84
1.68111	85
1.68577	87
1.69158	88
1.71443	85
1.71908	82
1.7249	80
1.72722	77
1.73304	76
1.73653	74
1.74309	73
1.74775	72
1.75281	72
1.79122	75
1.79703	76
1.80401	77
1.8075	78
1.81448	79
1.81913	80
1.82146	80
1.8296	81
1.83542	82
1.84124	83
1.90987	87
3.02493	91
3.02726	88
3.03075	85
3.03308	82
3.08616	86
3.08849	83
3.09082	81
3.09314	78
3.09547	76
3.15066	75
3.15531	74
3.15996	73
3.16462	73
3.16927	73
3.21706	72
3.22404	72
3.23218	72
3.24149	73
3.24963	75
3.32756	85
3.34502	90
4.10865	87
4.11097	84
4.16872	81
4.17104	79
4.17337	77
4.23111	75
4.23344	73
4.23576	72
4.2935	71
4.29583	70
4.29816	69
4.35473	75
4.35706	74
4.35939	72
4.41596	78
4.41829	76
4.42062	74
4.42294	73
4.47945	72
4.48294	71
4.48643	70
4.48992	70
4.54617	69
4.55315	69
4.5578	70
4.56478	70
4.63341	72
4.64388	75
4.65086	78
4.66133	81
4.74508	94
4.77416	99
5.65667	105
5.71906	99
5.78184	95
5.84423	91
5.90754	87
5.97047	84
6.03287	81
6.09526	79
6.15766	77
6.22745	76
6.31585	77
6.42868	82
6.54151	86
13.7834	83
13.8446	88
13.8469	85
13.9084	82
13.9142	80
13.9165	79
13.991	79
14.0014	81
14.0038	82
14.0096	83
14.1015	87
14.1143	90
14.1224	93
15.7904	107
16.0267	102
16.088	104
16.1499	106
16.2111	109
16.2723	110
16.3336	112
16.3359	106
16.396	100
16.3994	96
16.4584	91
16.4618	88
16.5207	84
16.5242	82
16.5831	79
16.5866	77
16.6455	75
16.649	74
16.7079	72
16.7114	71
16.7703	70
16.7738	69
16.8327	68
16.8362	67
16.8951	67
16.8986	66
16.9575	65
16.9622	65
17.0206	65
17.0245	64
17.099	66
17.106	68
17.1944	71
17.2048	75
18.3897	73
18.4509	79
18.4533	77
18.5133	75
18.5157	74
18.5746	80
18.5781	78
18.5805	76
18.637	74
18.6405	73
18.644	72
18.7002	71
18.7037	70
18.7071	69
18.7626	68
18.7672	67
18.7707	67
18.825	66
18.8296	66
18.8331	66
18.887	72
18.8908	71
18.8943	70
18.9503	76
18.9538	75
18.9584	74
19.0131	80
19.0166	78
19.0189	76
19.0236	75
19.0778	73
19.0813	72
19.0848	71
19.0894	71
19.1424	70
19.1459	69
19.1506	69
19.1552	68
19.225	70
19.2308	72
19.239	75
19.2471	77
19.36	93
20.4956	89
20.4979	86
20.5563	83
20.5598	81
20.5621	79
20.618	84
20.6215	82
20.625	80
20.6792	84
20.6839	82
20.6874	80
20.7412	84
20.7451	82
20.7498	80
20.7521	78
20.8149	77
20.8231	77
20.8289	77
20.8347	78
20.9115	80
20.9243	83
20.9324	85
20.9429	88
21.0557	95
23.6227	91
23.6851	87
23.7475	84
23.8099	81
23.8724	79
23.9348	77
23.9972	75
24.0647	82
24.1519	91
24.2636	104
24.3764	119
25	120
25.0613	120
25.1225	120
25.1846	121
25.2459	121
25.3071	121
25.371	122
25.4384	123
25.5245	127
25.7257	147
26.9097	144
26.9712	141
27.0326	139
27.035	129
27.0953	121
27.0976	113
27.1579	107
27.1625	102
27.2277	98
27.2358	94
27.3149	93
27.3254	93
27.4184	94
27.4312	96
27.5301	109
27.5441	111
30.6617	110
31.9924	105
32.0855	104
33.4443	103
33.7571	129
34.8808	121
34.8831	114
34.9622	110
34.9669	106
35.075	117
35.6791	110
35.7404	112
35.8016	113
35.8628	114
35.8652	108
35.9252	102
35.9275	97
35.9876	93
35.9899	89
36.05	85
36.0523	83
36.1124	80
36.1159	78
36.1748	76
36.1794	74
36.2574	75
36.2667	77
36.3795	93
37.9026	96
37.9049	92
37.965	88
37.9685	85
38.0262	90
38.0297	87
38.0883	91
38.0952	88
38.1569	93
38.165	91
38.2302	96
38.2406	95
38.3081	101
38.3209	99
38.3232	97
38.4	96
38.4175	96
38.4221	97
38.4919	96
38.5105	95
38.5186	95
38.5908	96
38.6105	96
38.621	97
38.6955	98
38.7164	101
38.7304	104
38.806	114
38.8281	116
38.842	117
38.9188	126
39.4539	138
39.7784	135
39.9796	157
41.301	165
41.6139	183
42.0466	175
42.1083	169
42.1696	163
42.2308	158
42.2931	154
42.3546	150
42.4158	146
42.4823	144
42.5625	144
42.6591	148
42.7719	156
43.4562	144
43.5174	142
43.5787	139
43.6399	137
43.7015	135
43.7627	133
43.8239	132
43.8938	132
43.9845	135
44.0974	144
44.8581	136
44.9193	137
44.9806	135
45.0418	134
45.103	132
45.1643	131
45.2255	130
45.2867	129
45.3479	128
45.4102	127
45.4714	127
45.5335	126
45.5948	126
45.6571	126
45.7186	125
45.7798	125
45.8467	125
45.9316	128
46.0398	136
46.1526	147
46.683	167
47.0847	162
47.1459	157
47.2071	152
47.2684	149
47.3296	145
47.3908	142
47.4521	140
47.5192	138
47.6064	140
47.8076	159
48.3959	156
48.4571	152
48.5184	148
48.5796	145
48.6408	142
48.702	140
48.7633	137
48.8245	135
48.8857	134
48.9477	132
49.009	131
49.0703	130
49.136	130
49.2116	131
49.2988	135
49.4117	143
50.7341	158
50.7965	146
50.8589	135
50.9218	134
50.9242	125
50.987	118
50.9916	112
50.994	106
51.0614	102
51.0684	100
51.0707	97
51.0754	95
51.1463	102
51.1487	100
51.158	99
51.1626	98
51.1696	97
51.244	106
51.2487	106
51.2615	107
51.2685	107
51.2778	108
51.3569	118
52.686	111
52.7472	112
52.8193	115
52.9019	120
53.0007	127
53.1136	138
54.2984	136
54.3596	134
54.362	125
54.422	117
54.4244	110
54.4863	105
54.4898	100
54.5502	95
54.5548	91
54.614	88
54.6187	85
54.6767	82
54.6825	80
54.738	85
54.745	83
54.8004	87
54.8074	85
54.883	91
54.8946	91
54.9749	101
54.9877	101
55.0807	112
55.0958	113
55.0982	113
55.211	115
56.3691	119
56.4703	117
56.5819	116
56.6936	115
57.0064	140
57.5206	161
58.7227	158
58.8227	151
60.1465	140
60.2094	130
60.2745	122
60.3536	117
60.6664	141
61.7901	131
61.8513	130
61.9144	129
61.9168	121
61.9775	114
61.9822	108
62.0413	102
62.0483	98
62.1045	93
62.1126	90
62.169	86
62.1795	84
62.2365	82
62.2469	80
62.2998	85
62.3114	84
62.3661	88
62.3789	87
62.4347	91
62.4498	90
62.5057	95
62.5219	94
62.5778	98
62.5952	97
62.5976	94
62.6546	92
62.6732	90
62.6778	89
62.7395	88
62.7616	88
62.7697	89
62.8069	86
62.825	83
62.8321	80
62.8697	78
62.8862	78
62.8937	77
62.9309	80
62.9475	79
62.9551	78
62.9922	81
63.0087	80
63.0166	79
63.0594	82
63.0792	82
63.0815	81
63.0931	81
63.1408	81
63.1594	80
63.1629	80
63.1745	80
63.2257	81
63.2455	82
63.2513	82
63.2641	83
63.3199	85
63.342	89
63.349	90
63.363	93
63.4235	101
63.4467	104
63.456	105
63.4712	107
63.5363	116
64.0167	117
64.097	125
64.0993	123
64.126	122
64.2121	121
64.5494	119
64.6565	131
64.7646	141
64.767	137
64.8716	133
64.8751	130
64.9798	127
64.9856	125
65.0927	124
65.4125	133
65.5195	143
65.6289	152
65.6312	147
65.6913	136
65.6948	127
65.7537	119
65.7583	112
65.8165	106
65.8207	100
65.8789	95
65.8835	91
65.9422	88
65.9457	85
66.0034	89
66.0081	86
66.0646	90
66.0693	87
66.1259	91
66.1305	88
66.1871	92
66.1918	88
66.251	92
66.258	89
66.3301	95
66.3405	95
66.4208	103
66.4336	103
66.522	113
66.5371	113
66.7383	137
68.6029	159
68.6786	148
68.741	138
68.8022	136
68.8045	127
68.8646	119
68.8669	112
68.8693	106
68.927	100
68.9293	96
68.9316	91
68.9894	88
68.9917	84
68.994	82
69.0506	87
69.0529	84
69.0553	81
69.1118	85
69.1142	83
69.1165	80
69.1731	85
69.1754	82
69.1777	80
69.1801	78
69.2355	76
69.239	74
69.2413	73
69.2436	71
69.2979	70
69.3025	69
69.306	69
69.3095	68
69.3603	68
69.366	67
69.3683	67
69.373	67
69.4215	72
69.4296	72
69.4331	71
69.4389	71
69.4831	76
69.4924	75
69.4982	74
69.5041	74
69.5064	73
69.5494	72
69.5599	71
69.568	71
69.5773	71
69.5808	72
69.6309	73
69.646	74
69.6564	76
69.6692	78
69.6762	80
69.7437	90
71.3422	106
71.348	107
71.4609	108
72.4732	102
72.533	105
72.5365	100
72.6028	96
72.611	93
72.6901	92
72.7028	92
72.8157	96
73.8283	92
73.8897	89
73.8921	85
73.9531	83
73.9565	80
74.0154	78
74.0201	76
74.0778	74
74.0825	73
74.1402	71
74.1449	70
74.2158	71
74.224	72
74.3112	84
74.3275	87
74.4403	103
75.7722	98
75.7745	94
75.7768	91
75.7792	88
75.8356	85
75.8391	82
75.8426	80
75.846	78
75.8989	76
75.9024	75
75.9059	73
75.9094	72
75.9601	77
75.9648	76
75.9694	75
75.9729	74
76.0214	78
76.026	77
76.0318	76
76.0353	74
76.0826	79
76.0849	77
76.0896	75
76.0954	73
76.1	72
76.145	71
76.1485	70
76.1543	69
76.1589	69
76.1648	68
76.2119	68
76.2177	68
76.227	69
76.2351	70
76.2433	72
76.3061	81
76.3142	84
76.3282	87
76.3398	90
76.3526	93
76.4527	108
79.6844	102
79.7476	97
79.8146	93
79.903	101
80.1042	125
81.3652	132
81.678	155
82.4376	174
82.7596	161
82.8398	151
82.9364	144
83.0469	140
84.3996	134
85.7857	125
85.8492	117
85.9116	110
85.974	104
86.0378	99
86.1018	95
86.1661	91
86.2464	98
86.3464	108
86.5476	132
87.2002	141
87.2805	147
87.3433	146
87.4069	143
87.4692	141
87.5327	139
87.6002	138
87.6898	140
87.8026	148
88.4156	137
88.4769	136
88.5381	134
88.5993	133
88.6606	131
88.7218	130
88.783	129
88.8443	128
88.9055	127
88.9686	127
89.0322	127
89.0957	127
89.1818	130
89.2946	138
90.4201	129
90.4804	121
90.4839	113
90.5424	114
90.5447	108
90.5494	103
90.6051	98
90.6086	93
90.6144	90
90.6682	86
90.6729	84
90.6787	81
90.7315	79
90.7374	77
90.7432	76
90.7967	81
90.8048	80
90.8118	79
90.8595	84
90.8688	82
90.8781	81
90.9374	87
90.9514	87
90.9642	88
90.9665	88
91.041	90
91.0596	92
91.077	95
91.1899	111
92.0706	105
92.1323	107
92.1935	109
92.1959	103
92.2568	98
92.2603	94
92.3429	93
92.3487	93
92.5498	117
92.8957	111
92.9605	112
93.0227	114
93.085	116
93.0873	109
93.1474	103
93.1509	98
93.2101	94
93.2148	90
93.2725	86
93.2795	84
93.3349	81
93.343	79
93.3973	77
93.4066	75
93.4608	73
93.4701	73
93.522	79
93.5325	78
93.5941	83
93.6151	85
93.707	96
94.893	91
94.9519	95
94.9554	91
95.0138	95
95.0173	91
95.075	95
95.0797	91
95.146	96
95.1542	94
95.2554	104
95.2577	105
99.4839	99
99.5474	95
99.6098	91
99.6722	87
99.7346	84
99.8138	83
99.9243	87
102.696	88
102.758	84
102.821	82
102.883	79
102.946	77
103.009	75
103.071	74
103.134	72
103.197	71
103.259	70
103.322	69
103.384	68
103.445	75
103.506	81
103.568	86
103.629	90
103.697	95
103.779	102
103.87	111
103.978	122
104.08	133
104.188	142
104.19	138
104.303	135
105.139	128
105.201	129
105.263	129
105.324	128
105.386	127
105.448	127
105.451	119
105.511	112
105.515	106
105.579	101
105.585	97
105.663	95
105.672	94
105.767	96
105.78	97
105.893	101
106.924	127
107.37	126
107.482	138
107.59	148
107.698	156
107.701	151
107.761	139
107.763	130
107.823	121
107.826	114
107.886	107
107.889	102
107.948	97
107.952	93
108.011	89
108.014	85
108.073	82
108.077	80
108.135	78
108.139	76
108.199	74
108.201	73
108.261	71
108.265	70
108.323	69
108.327	68
108.386	67
108.39	67
108.448	66
108.452	66
108.513	65
108.519	65
108.589	67
108.597	68
108.675	70
108.686	73
108.786	78
108.799	82
108.896	85
108.91	88
109.006	91
109.022	94
109.134	98
109.631	93
109.692	97
109.753	100
109.814	103
109.876	105
109.937	107
109.939	102
109.999	97
110.003	93
110.062	89
110.065	85
110.124	83
110.128	80
110.186	78
110.19	76
110.249	74
110.252	72
110.312	71
110.319	71
110.38	70
110.39	70
110.454	71
110.467	71
110.547	74
110.561	77
110.634	78
110.65	79
110.725	80
110.744	82
110.823	84
110.843	86
110.924	88
110.945	89
111.031	92
111.058	94
111.13	95
111.158	95
111.231	96
111.262	97
111.337	98
111.371	99
111.449	101
111.684	127
112.312	123
112.405	132
112.505	139
112.617	148
112.727	157
113.061	165
113.162	171
113.269	176
113.331	175
113.333	161
113.393	148
113.395	138
113.455	128
113.459	120
113.518	113
113.521	106
113.58	101
113.584	96
113.643	92
113.646	88
113.705	85
113.708	82
113.768	79
113.771	77
113.83	75
113.834	74
113.892	72
113.896	71
113.955	70
113.959	69
114.017	68
114.021	67
114.081	67
114.084	66
114.143	66
114.147	65
114.205	65
114.209	64
114.268	64
114.271	64
114.338	65
114.343	65
114.422	68
114.428	70
114.52	73
114.528	76
114.633	81
115.057	85
115.17	102
115.743	105
115.805	107
115.866	109
115.928	111
115.989	112
116.05	113
116.112	115
116.175	116
116.241	117
116.323	121
116.432	130
116.633	152
117.483	148
117.545	145
117.619	144
117.722	148
117.923	167
118.394	162
118.455	157
118.516	152
118.577	149
118.639	145
118.7	143
118.762	140
118.823	138
118.884	136
118.945	134
119.007	133
119.081	133
119.142	133
119.213	133
119.305	136
119.418	145
120.542	135
120.611	127
120.617	120
120.712	126
120.716	123
120.725	122
120.838	134
122.028	125
122.089	125
122.092	117
122.152	110
122.155	104
122.214	99
122.218	95
122.275	98
122.279	94
122.337	97
122.339	93
122.343	89
122.428	89
122.433	90
122.44	91
122.546	94
122.965	106
122.968	104
123.028	99
123.031	94
123.09	90
123.094	87
123.153	84
123.157	81
123.215	79
123.22	77
123.277	82
123.281	80
123.339	85
123.342	82
123.4	87
123.404	84
123.462	89
123.465	86
123.524	90
123.527	87
123.585	91
123.589	88
123.646	91
123.655	89
123.724	94
123.737	94
123.829	104
123.846	106
124.048	132
127.099	154
127.161	143
127.223	133
127.285	131
127.287	123
127.347	115
127.349	109
127.352	103
127.409	98
127.412	94
127.414	90
127.416	87
127.472	84
127.474	81
127.476	79
127.479	77
127.533	82
127.535	79
127.538	77
127.54	75
127.604	82
127.608	81
127.614	80
127.619	80
127.7	90
127.708	92
127.711	93
127.719	95
127.728	96
129.179	92
129.182	89
129.184	86
129.239	83
129.242	80
129.244	78
129.246	76
129.301	81
129.303	79
129.305	77
129.307	75
129.362	80
129.364	78
129.366	76
129.369	75
129.423	80
129.425	78
129.43	76
129.435	75
129.438	74
129.495	74
129.499	74
129.506	74
129.513	74
129.52	75
129.584	77
129.589	78
129.601	81
129.612	84
129.621	87
129.724	102
131.031	99
131.088	104
131.094	99
131.151	94
131.158	90
131.214	87
131.222	84
131.277	81
131.285	79
131.355	79
131.366	79
131.455	90
131.47	93
131.568	107
132.755	101
132.817	97
132.878	100
132.94	103
132.943	98
133.022	96
133.025	94
133.128	96
133.135	97
133.241	99
133.352	114
133.686	128
134.028	127
134.091	119
134.153	112
134.216	105
134.278	100
134.34	95
134.403	91
134.465	87
134.527	84
134.591	81
134.653	79
134.718	77
134.78	75
134.844	74
134.93	75
136.253	74
136.316	72
136.377	78
136.379	77
136.439	75
136.443	74
136.509	81
136.516	80
136.611	91
136.621	94
136.724	108
137.51	102
137.571	105
137.633	107
137.694	109
137.696	103
137.756	98
137.759	93
137.819	90
137.823	86
137.882	83
137.886	81
137.945	78
137.949	76
138.007	75
138.013	73
138.073	72
138.083	73
138.154	81
138.168	83
138.253	94
138.269	96
138.382	111
139.457	105
139.516	107
139.519	102
139.521	97
139.578	93
139.583	89
139.586	86
139.639	90
139.645	87
139.649	84
139.701	88
139.708	86
139.712	83
139.772	88
139.781	87
139.788	86
139.79	85
139.869	87
139.886	89
139.896	91
139.901	94
141.148	90
141.209	94
141.271	97
141.334	101
141.405	105
141.49	111
141.587	120
141.699	131
141.9	154
143.148	142
143.227	134
143.329	130
143.441	128
143.554	126
144.975	124
145.082	122
146.502	120
146.568	113
146.63	107
146.693	101
146.754	104
146.818	107
146.894	111
146.985	117
147.087	127
147.2	138
147.971	134
148.04	138
148.101	137
148.162	135
148.224	134
148.287	132
148.349	131
148.414	131
148.482	131
148.564	133
148.642	137
148.73	140
148.83	146
148.938	154
149.051	162
149.473	167
149.535	166
149.596	160
149.657	156
149.72	151
149.781	148
149.842	145
149.903	142
149.965	139
150.026	137
150.087	135
150.158	135
150.25	138
150.342	144
150.439	149
150.545	156
150.657	164
151.306	151
151.367	147
151.428	144
151.489	142
151.551	139
151.613	137
151.674	135
151.735	134
151.801	133
151.888	135
151.98	140
152.082	147
152.195	156
153.584	144
153.647	134
153.708	132
153.71	124
153.77	116
153.772	110
153.775	104
153.833	99
153.837	95
153.84	91
153.843	88
153.896	85
153.901	82
153.904	80
153.909	78
153.963	77
153.972	76
153.977	76
153.983	76
154.054	85
154.066	87
154.076	89
154.086	91
154.165	102
154.179	105
155.527	111
155.533	108
155.632	107
155.641	107
155.744	108
155.754	108
155.867	110
156.879	104
156.939	107
156.943	101
157.003	96
157.006	92
157.065	89
157.07	85
157.128	82
157.134	80
157.191	78
157.197	76
157.253	74
157.26	73
157.315	79
157.322	78
157.389	84
157.401	84
157.462	91
157.475	91
157.533	96
157.546	94
157.605	99
157.608	95
157.624	93
157.688	92
157.691	91
157.706	90
157.767	88
157.772	87
157.788	86
157.851	86
157.857	86
157.875	86
157.941	94
157.948	95
157.968	97
158.039	105
158.048	105
158.071	107
158.138	115
158.152	115
158.179	117
158.246	124
158.249	122
158.261	121
158.288	119
158.356	118
158.359	117
158.372	116
158.399	115
158.468	115
159.586	129
160.037	127
160.098	127
160.159	126
160.221	126
160.282	125
160.343	125
160.346	117
160.406	110
160.409	104
160.469	99
160.472	95
160.532	91
160.535	87
160.594	84
160.598	81
160.672	81
160.678	80
160.773	83
160.782	86
162.17	83
162.234	88
162.236	86
162.305	84
162.309	82
162.405	84
162.413	87
163.799	83
163.862	81
163.923	86
164.006	93
164.101	104
164.302	128
165.486	127
165.549	119
165.612	112
165.674	106
165.749	102
165.835	100
165.936	111
166.044	123
166.245	146
167.432	144
167.499	134
167.586	128
167.899	151
169.24	142
169.336	136
170.659	127
170.722	119
170.787	112
170.849	114
170.916	116
171.001	120
171.107	129
171.22	140
171.626	146
171.688	146
171.749	143
171.81	140
171.871	138
171.932	136
171.994	134
172.055	133
172.116	131
172.177	130
172.239	129
172.306	129
172.385	131
172.479	136
172.59	145
172.702	154
172.81	163
173.011	181
174.205	175
174.29	172
174.292	162
174.381	153
174.387	146
174.492	141
174.5	138
176.151	130
176.244	126
176.341	122
176.454	121
176.567	120
177.904	113
177.968	106
178.029	109
178.091	110
178.153	112
178.215	113
178.278	115
178.342	116
178.421	119
178.489	123
178.57	126
178.683	134
179.93	125
179.992	117
180.059	111
180.142	108
180.208	102
180.277	98
180.34	94
180.409	90
180.479	88
180.55	94
180.625	101
180.705	108
180.795	115
180.885	123
180.985	131
181.085	140
181.192	148
181.305	157
181.634	151
181.745	160
181.947	179
183.192	177
183.294	168
183.607	186
184.731	171
184.792	165
184.855	159
184.931	157
184.933	147
185.024	140
185.031	135
185.132	131
185.143	129
185.245	127
185.256	125
185.358	123
185.368	122
186.56	115
186.646	120
186.651	116
186.759	116
188.145	109
188.207	103
188.27	98
188.339	94
188.437	95
191.387	119
191.7	143
192.013	133
192.076	125
192.139	117
192.201	110
192.264	104
192.326	99
192.394	95
192.479	93
192.791	121
195.694	113
195.757	107
195.833	111
195.941	120
196.054	133
197.245	132
197.307	131
197.377	131
197.468	134
197.581	143
198.971	134
199.054	127
199.155	124
200.479	116
200.542	110
200.604	104
200.667	98
200.73	94
200.793	90
200.855	86
200.919	91
200.995	97
201.098	108
201.208	121
201.321	133
201.967	124
202.028	124
202.09	124
202.151	124
202.212	124
202.274	124
202.335	123
202.413	125
202.508	131
202.709	152
203.33	154
203.391	150
203.452	146
203.514	143
203.577	141
203.638	139
203.7	137
203.762	135
203.823	133
203.885	132
203.947	131
204.019	131
204.117	136
204.318	157
204.833	152
204.895	149
204.956	145
205.019	143
205.08	140
205.142	138
205.203	136
205.265	134
205.343	135
205.454	142
205.655	163
207.081	152
207.167	144
207.27	150
207.273	144
207.371	139
207.375	134
207.378	131
207.481	128
207.488	126
207.594	137
210.336	146
210.447	142
213.771	132
213.833	123
213.896	115
213.958	109
214.02	103
214.084	98
214.151	94
214.218	99
214.286	103
214.365	109
214.457	116
214.569	127
215.016	140
215.395	142
215.456	140
215.517	137
215.578	135
215.64	134
215.701	132
215.763	131
215.824	130
215.886	129
215.947	128
216.008	127
216.072	127
216.148	129
216.244	134
216.341	141
216.447	149
216.56	157
219.302	170
219.365	157
219.439	146
219.545	151
219.655	159
219.657	153
219.968	173
220.387	159
220.448	154
220.509	150
220.571	147
220.632	144
220.634	134
220.694	125
220.697	117
220.757	110
220.759	104
220.819	99
220.823	94
220.89	91
220.896	89
220.972	88
220.98	87
221.065	88
221.076	89
221.177	92
221.624	95
222.809	98
222.87	101
222.873	97
222.933	92
222.936	89
222.999	94
223.005	91
223.062	95
223.064	91
223.07	88
223.126	85
223.13	82
223.136	80
223.188	78
223.194	76
223.204	75
223.252	73
223.259	72
223.268	71
223.313	76
223.321	75
223.333	75
223.378	79
223.39	79
223.404	79
223.449	84
223.46	83
223.474	83
223.516	87
223.518	85
223.531	83
223.545	81
223.589	80
223.594	80
223.607	79
223.623	79
223.669	79
223.675	79
223.69	80
223.708	80
223.76	87
223.768	89
223.785	91
223.802	94
223.851	100
223.861	100
223.88	101
223.897	103
223.951	108
223.963	109
223.966	108
223.989	108
224.009	109
224.056	108
224.069	108
224.074	108
224.098	108
224.119	108
224.168	109
224.182	109
224.21	113
225.65	114
225.655	108
225.713	102
225.718	97
225.776	93
225.782	89
225.838	86
225.845	84
225.899	88
225.907	85
225.966	90
225.978	88
226.06	96
226.076	98
226.168	110
226.188	112
226.389	137
226.936	128
226.998	127
227.059	126
227.061	118
227.121	111
227.125	105
227.184	100
227.188	95
227.246	91
227.253	88
227.309	85
227.318	83
227.39	89
227.404	90
227.517	104
228.967	99
229.028	94
229.031	90
229.094	87
229.099	85
229.174	84
229.183	84
233.251	86
235.214	83
235.278	80
235.34	78
235.402	76
235.465	74
235.527	73
235.589	71
235.652	70
235.714	69
235.777	68
235.839	67
235.902	67
235.965	66
236.046	68
236.151	73
239.806	71
239.869	70
239.931	69
239.993	68
240.056	67
240.118	67
240.181	66
240.243	66
240.305	65
240.368	65
240.43	64
240.494	64
240.558	64
240.637	66
240.724	69
240.824	72
240.931	77
242.356	81
242.669	110
245.043	107
245.045	104
245.139	103
245.144	103
245.345	128
246.531	120
246.592	113
246.654	114
246.716	115
246.778	116
246.84	117
246.906	118
246.909	112
246.995	109
246.999	107
247.087	105
247.094	103
247.191	104
247.202	104
247.313	106
247.644	120
247.753	132
247.866	144
249.551	147
250.948	138
251.042	132
251.355	155
252.509	146
252.605	150
252.709	156
252.911	175
254.097	169
254.159	163
254.221	158
254.282	154
254.344	150
254.416	148
254.513	150
254.625	158
257.861	171
257.937	159
258.031	151
258.232	169
259.303	155
259.364	151
259.425	148
259.487	144
259.548	142
259.609	139
259.67	137
259.732	135
259.8	134
259.873	135
259.955	138
260.041	141
260.14	147
260.253	155
261.683	143
261.746	133
261.81	132
261.812	124
261.876	117
261.882	111
261.966	108
261.978	106
264.909	128
265.017	126
265.13	124
265.243	123
265.344	120
265.446	118
265.558	130
265.671	141
268.744	159
268.822	149
268.902	140
268.99	134
269.095	130
269.198	126
271.129	118
271.191	111
271.254	105
271.316	100
271.378	95
271.441	91
271.503	87
271.576	85
271.667	86
273.01	86
273.099	86
273.202	99
273.204	100
273.317	102
273.713	110
273.775	112
273.836	113
273.898	114
273.96	115
274.021	116
274.023	110
274.084	104
274.086	99
274.147	94
274.149	90
274.209	87
274.212	84
274.272	81
274.275	79
274.334	77
274.338	75
274.402	74
274.408	73
274.491	75
274.5	77
274.602	81
274.714	98
278.066	94
278.129	98
278.131	94
278.193	90
278.196	87
278.254	92
278.258	88
278.315	92
278.318	88
278.32	85
278.378	82
278.38	79
278.382	77
278.44	75
278.442	74
278.445	72
278.502	71
278.505	70
278.507	69
278.564	75
278.566	74
278.568	72
278.625	78
278.628	76
278.632	75
278.686	80
278.691	78
278.694	77
278.76	83
278.762	82
278.77	82
278.776	82
278.859	84
278.863	86
278.875	88
278.884	91
278.976	94
281.776	118
282.089	142
282.577	132
282.638	131
282.699	130
282.76	129
282.821	128
282.883	127
282.947	127
283.02	128
283.111	133
283.212	140
283.413	160
284.071	167
284.15	169
284.211	165
284.272	160
284.333	155
284.395	151
284.457	147
284.518	144
284.58	142
284.642	139
284.71	138
284.798	140
284.909	148
285.022	157
286.209	153
286.271	149
286.273	139
286.333	129
286.335	121
286.338	114
286.395	107
286.398	102
286.4	97
286.458	92
286.46	89
286.462	85
286.52	82
286.522	80
286.525	77
286.583	75
286.586	74
286.591	73
286.644	79
286.649	77
286.653	76
286.705	81
286.711	79
286.716	78
286.773	83
286.782	82
286.784	81
286.791	80
286.865	81
286.878	83
286.883	85
286.894	87
286.976	90
287.087	105
288.343	107
288.406	101
288.468	96
288.53	92
288.603	90
288.688	89
288.767	88
288.829	94
288.89	98
288.951	101
289.016	104
289.093	109
289.196	117
289.306	129
289.507	152
290.694	149
290.76	146
290.844	147
290.951	152
291.064	160
292.201	150
292.512	170
294.024	162
294.118	153
294.181	142
294.243	132
294.304	131
294.366	130
294.427	129
294.489	128
294.55	127
294.611	127
294.672	126
294.734	125
294.795	125
294.867	126
294.87	120
294.97	117
294.976	116
295.088	116
296.101	110
296.163	104
296.224	106
296.286	108
296.35	110
296.413	112
296.415	106
296.476	101
296.48	96
296.544	93
296.55	90
296.616	87
296.624	86
296.694	85
296.704	84
296.775	84
296.788	84
296.86	93
296.878	94
296.958	103
296.974	104
297.05	113
297.068	113
297.146	120
297.166	119
297.245	127
297.266	126
297.268	123
297.35	120
297.373	119
297.377	117
297.802	129
297.915	141
301.09	158
301.187	150
302.513	140
302.576	130
302.644	122
302.734	118
303.046	142
304.384	157
304.447	145
304.509	135
304.573	126
304.637	118
304.71	113
304.802	119
305.003	141
305.589	141
305.651	138
305.713	136
305.774	135
305.835	133
305.896	132
305.958	130
306.019	129
306.081	129
306.142	128
306.203	127
306.266	127
306.328	126
306.399	127
306.49	131
306.691	151
307.278	151
307.34	148
307.401	144
307.463	142
307.525	139
307.587	138
307.65	136
307.712	134
307.799	136
308	155
309.185	151
309.254	148
309.256	139
309.343	133
309.347	128
309.45	136
309.456	133
309.563	143
310.889	158
311.202	177
311.586	163
311.649	150
311.711	139
311.774	130
311.836	121
311.898	114
311.961	107
312.023	102
312.088	97
312.154	93
312.219	89
312.284	86
312.364	86
314.321	83
314.385	80
314.448	78
314.511	76
314.573	74
314.635	73
314.698	71
314.76	70
314.823	69
314.885	68
314.949	68
315.02	68
315.333	99
315.725	94
315.787	90
315.849	87
315.912	83
315.974	81
316.037	78
316.099	76
316.161	75
316.224	73
316.294	73
316.391	75
317.715	74
317.777	72
317.838	79
317.841	77
317.901	75
317.903	73
317.905	72
317.977	73
317.982	74
317.987	75
318.081	88
318.089	91
318.091	93
318.098	95
318.202	98
319.689	122
320.002	146
320.477	135
320.54	126
320.602	118
320.665	111
320.727	105
320.789	100
320.852	95
320.914	91
320.977	87
321.039	84
321.101	81
321.164	79
321.226	77
321.29	75
321.352	73
321.415	72
321.492	72
321.58	74
321.691	79
323.014	77
323.077	75
323.138	81
323.141	79
323.201	77
323.205	75
323.262	81
323.267	79
323.324	84
323.329	82
323.386	86
323.393	84
323.463	90
323.474	90
323.569	101
323.584	103
323.587	104
325.279	106
325.342	101
325.404	96
325.468	92
325.531	88
325.594	85
325.679	85
325.792	99
327.018	101
327.082	96
327.143	100
327.204	103
327.265	105
327.327	107
327.388	109
327.449	111
327.451	105
327.512	99
327.515	95
327.574	91
327.578	87
327.638	84
327.641	81
327.7	79
327.705	77
327.763	75
327.769	74
327.824	79
327.83	78
327.895	84
327.904	83
327.984	92
327.995	93
328.083	104
328.097	105
328.21	119
328.858	142
330.297	132
330.36	124
330.423	116
330.486	109
330.549	103
330.613	98
330.676	94
330.74	90
330.803	87
330.893	87
332.569	115
332.977	109
333.04	103
333.102	98
333.165	93
333.227	89
333.289	86
333.352	83
333.414	80
333.48	78
333.587	82
334.936	82
335.046	86
335.248	114
335.732	115
335.793	116
335.855	117
335.916	118
335.978	118
336.039	119
336.101	119
336.163	120
336.224	120
336.286	120
336.349	121
336.423	123
336.526	130
336.727	151
337.197	148
337.258	145
337.32	142
337.382	140
337.444	138
337.506	136
337.568	134
337.63	133
337.693	132
337.778	134
337.891	142
338.521	132
338.582	131
338.643	130
338.704	129
338.766	128
338.827	127
338.888	126
338.949	126
339.011	125
339.073	125
339.136	125
339.198	125
339.26	125
339.33	126
339.424	130
339.625	151
340.813	148
340.875	145
340.878	135
340.942	126
340.947	119
340.949	113
341.014	108
341.021	104
341.026	101
341.106	108
341.118	107
341.126	107
341.327	131
342.816	126
342.819	122
342.823	119
342.936	119
345.195	113
345.198	108
345.272	112
345.277	108
345.357	115
345.364	112
345.451	120
345.461	118
345.463	115
345.558	114
345.57	113
345.575	113
347.131	114
347.192	115
347.253	116
347.315	117
347.318	110
347.378	104
347.382	99
347.44	95
347.446	91
347.503	87
347.51	84
347.565	81
347.572	79
347.628	77
347.635	75
347.689	80
347.696	78
347.75	83
347.757	81
347.811	86
347.818	83
347.873	87
347.88	85
347.934	88
347.941	86
347.943	83
347.996	80
348.004	78
348.008	76
348.059	75
348.066	73
348.071	72
348.122	71
348.13	70
348.135	69
348.185	68
348.191	68
348.196	68
348.246	73
348.252	72
348.258	72
348.308	77
348.314	76
348.32	75
348.37	79
348.375	78
348.378	76
348.384	74
348.433	73
348.438	71
348.443	71
348.449	70
348.496	69
348.502	68
348.506	67
348.513	67
348.558	66
348.565	67
348.57	67
348.577	67
348.62	72
348.626	72
348.632	71
348.639	71
348.682	75
348.688	74
348.694	73
348.696	72
348.703	71
348.745	70
348.751	69
348.758	68
348.761	68
348.768	67
348.808	67
348.815	66
348.823	66
348.827	66
348.836	67
348.869	71
348.877	71
348.885	71
348.89	70
348.897	70
348.93	73
348.938	73
348.948	72
348.953	72
348.956	71
348.964	70
348.993	69
349.002	69
349.012	68
349.019	68
349.022	67
349.031	67
349.058	67
349.067	67
349.077	67
349.084	67
349.09	68
349.099	69
349.123	71
349.133	72
349.143	72
349.15	72
349.157	72
349.166	73
349.19	75
349.192	74
349.201	73
349.212	73
349.22	72
349.227	72
349.236	72
349.258	71
349.263	71
349.272	71
349.283	71
349.292	71
349.3	72
349.312	74
349.337	77
349.344	78
349.356	80
349.366	82
349.374	83
349.381	84
349.39	84
349.409	86
349.412	84
349.418	83
349.429	82
349.44	81
349.448	80
349.456	79
349.464	78
349.484	78
349.488	78
349.495	78
349.506	77
349.516	78
349.526	79
349.534	80
349.543	81
349.563	83
349.569	83
349.576	84
349.586	85
349.597	85
349.606	86
349.608	85
349.618	85
349.627	85
349.647	85
349.654	85
349.661	85
349.671	85
349.682	85
349.691	85
349.696	85
349.705	85
349.714	86
349.734	89
349.742	90
349.75	91
349.761	92
349.771	93
349.78	93
349.786	94
349.796	94
349.805	95
349.807	95
349.828	95
349.839	95
349.849	95
349.861	96
349.874	97
349.885	98
349.892	99
349.901	99
349.91	100
349.913	101
349.929	103
349.939	104
349.947	105
349.957	105
349.969	105
349.981	105
349.987	105
349.998	105
350.006	105
350.011	104
350.013	104
350.031	103
350.04	103
350.049	103
350.06	103
350.07	103
350.082	102
350.09	102
350.1	102
350.108	102
350.114	102
350.119	103
350.136	105
350.146	107
350.155	108
350.165	109
350.176	109
350.188	110
350.196	111
350.206	111
350.215	112
350.218	111
350.225	111
350.231	111
350.249	111
350.259	112
350.267	112
350.277	112
350.288	112
350.299	112
350.307	112
350.318	111
350.326	112
350.331	113
350.53	111
350.535	110
350.544	109
350.563	109
350.582	110
350.599	109
350.607	108
350.617	107
350.625	107
350.632	106
350.64	106
350.653	106
350.655	104
350.661	101
350.669	97
350.671	93
350.679	89
350.687	86
350.694	83
350.702	80
350.715	78
350.718	76
350.723	74
350.731	73
350.733	71
350.74	71
350.749	71
350.756	70
350.764	70
350.776	70
350.779	69
350.784	69
350.792	69
350.795	68
350.802	68
350.81	68
350.817	68
350.825	68
350.838	69
350.84	68
350.845	68
350.848	67
350.855	67
350.857	66
350.864	66
350.872	65
350.879	65
350.887	65
350.9	64
350.902	64
350.908	64
350.91	64
350.917	63
350.919	63
350.926	63
350.935	63
350.942	63
350.95	62
350.962	62
350.965	62
350.97	62
350.973	62
350.98	62
350.982	62
350.988	63
350.996	64
351.003	64
351.011	65
351.024	66
351.026	65
351.031	66
351.034	65
351.041	66
351.043	65
351.049	65
351.057	66
351.064	66
351.072	67
351.085	68
351.087	67
351.093	67
351.095	66
351.102	67
351.104	66
351.11	66
351.118	67
351.125	67
351.128	66
351.135	66
351.147	65
351.15	65
351.155	64
351.157	64
351.164	64
351.167	64
351.173	63
351.181	63
351.188	63
351.19	63
351.197	63
351.21	62
351.212	62
351.217	62
351.22	62
351.227	62
351.229	62
351.235	62
351.243	62
351.25	62
351.252	62
351.259	62
351.272	62
351.274	62
351.28	62
351.282	62
351.289	62
351.291	62
351.296	63
351.304	64
351.311	64
351.314	64
351.321	64
351.333	65
351.336	65
351.341	65
351.343	65
351.35	65
351.353	65
351.357	65
351.366	65
351.372	66
351.375	65
351.382	66
351.399	67
351.403	67
351.41	68
351.413	69
351.421	70
351.426	70
351.432	71
351.44	73
351.448	74
351.452	74
351.46	76
351.48	78
351.485	79
351.492	81
351.497	81
351.506	83
351.512	84
351.514	84
351.521	85
351.53	85
351.539	86
351.545	87
351.555	88
351.581	89
351.589	91
351.598	93
351.605	95
351.616	97
351.621	98
351.625	99
351.631	101
351.638	101
351.646	102
351.652	103
351.66	103
351.684	103
351.692	103
351.702	103
351.71	103
351.72	103
351.726	103
351.732	104
351.739	104
351.746	105
351.755	105
351.761	106
351.77	106
351.796	107
351.804	108
351.812	110
351.821	111
351.832	112
351.839	113
352.054	113
352.063	113
352.073	113
352.075	113
352.095	113
352.126	116
352.14	115
352.148	115
352.155	114
352.163	113
352.17	113
352.175	111
352.193	112
352.222	114
352.234	113
352.244	112
352.252	111
352.254	109
352.264	108
352.27	107
352.275	106
352.29	105
352.318	104
352.331	103
352.34	102
352.35	101
352.353	101
352.364	101
352.372	101
352.377	101
352.393	101
352.418	101
352.431	101
352.441	101
352.451	101
352.457	101
352.467	103
352.476	104
352.483	105
352.498	107
352.522	110
352.535	110
352.546	111
352.555	111
352.562	111
352.575	112
352.587	113
352.596	114
352.787	113
352.797	112
352.8	111
352.839	112
352.857	112
352.872	111
352.882	110
352.894	110
352.899	109
352.934	112
352.951	112
352.966	111
352.978	111
352.98	109
352.992	108
352.999	107
353.03	105
353.048	104
353.063	103
353.077	103
353.081	102
353.096	103
353.106	103
353.142	104
353.157	105
353.168	105
353.18	105
353.185	104
353.196	106
353.207	106
353.239	109
353.255	110
353.266	110
353.279	110
353.285	109
353.298	109
353.308	110
353.338	112
353.353	113
353.366	112
353.379	112
353.386	112
353.4	112
353.41	112
353.438	114
353.441	113
353.456	111
353.47	110
353.483	109
353.491	109
353.505	108
353.517	108
353.543	107
353.548	107
353.563	107
353.577	107
353.591	107
353.602	108
353.656	113
353.84	116
353.848	113
353.877	114
353.888	112
353.927	114
353.936	112
353.964	112
353.977	111
354.012	112
354.015	109
354.025	107
354.051	104
354.065	102
354.104	101
354.11	100
354.122	100
354.154	100
354.164	100
354.192	98
354.198	98
354.211	98
354.241	100
354.253	100
354.279	102
354.286	101
354.3	101
354.329	103
354.342	103
354.368	105
354.376	103
354.391	103
354.418	105
354.432	105
354.456	106
354.458	104
354.469	102
354.484	101
354.51	100
354.525	99
354.548	98
354.553	98
354.564	97
354.579	97
354.607	97
354.628	98
354.656	99
354.663	100
354.675	102
354.688	102
354.707	102
354.725	101
354.753	100
354.761	100
354.774	100
354.786	100
354.806	99
354.824	101
354.85	104
354.86	105
354.874	106
354.888	107
354.907	108
354.927	110
354.953	112
354.963	112
354.978	113
354.992	114
355.012	115
355.035	117
355.06	118
355.071	118
355.088	119
355.102	120
355.124	121
355.148	123
355.346	122
355.369	122
355.382	119
355.417	116
355.445	114
355.468	112
355.482	111
355.515	109
355.545	111
355.567	113
355.582	113
355.615	115
355.653	118
355.68	120
355.873	117
355.889	114
355.893	112
355.968	110
355.986	108
355.992	107
356.066	106
356.085	105
356.092	105
356.175	115
356.197	117
356.468	115
356.496	112
356.566	111
356.594	112
356.672	120
356.706	123
356.77	129
356.802	129
356.866	133
356.898	132
356.963	136
356.994	135
357.061	138
357.091	137
357.163	141
357.199	140
357.262	144
357.296	143
357.359	145
357.393	143
357.458	146
357.491	144
357.557	146
357.589	144
357.66	147
357.697	146
357.761	149
357.795	147
357.86	149
357.892	147
357.959	149
357.991	147
358.059	149
358.09	147
358.16	149
358.198	148
358.262	151
358.295	149
358.359	150
358.39	148
358.454	149
358.485	146
358.548	148
358.58	145
358.642	146
358.679	144
358.746	147
358.773	145
358.841	147
358.869	144
358.905	142
358.931	136
358.968	131
358.992	125
359.032	122
359.053	118
359.093	116
359.114	111
359.155	110
359.175	107
359.221	107
359.242	104
359.291	105
359.313	104
359.366	106
359.389	105
359.443	108
359.468	107
359.525	111
359.527	107
359.554	105
359.626	104
359.63	104
359.649	103
359.712	101
359.718	99
359.738	98
359.801	96
359.808	95
359.828	95
359.89	94
359.899	95
359.92	97
359.982	104
359.993	104
360.013	105
360.079	111
360.093	111
360.118	113
360.12	112
360.177	110
360.189	109
360.215	107
360.218	106
360.276	105
360.289	104
360.314	104
360.319	104
360.378	111
360.391	111
360.416	113
360.423	112
360.482	119
360.485	117
360.498	116
360.523	115
360.531	114
360.593	113
360.597	113
361.182	112
361.274	122
361.277	118
361.369	115
361.373	113
361.465	123
361.472	120
361.526	124
361.529	117
361.534	110
361.589	104
361.591	99
361.596	95
361.65	97
361.652	93
361.657	89
361.711	93
361.714	89
361.718	86
361.772	90
361.775	86
361.777	83
361.781	81
361.835	78
361.837	76
361.839	75
361.843	73
361.897	72
361.9	70
361.902	69
361.905	68
361.96	68
361.962	67
361.964	67
361.967	66
362.021	72
362.023	71
362.025	70
362.028	69
362.082	75
362.084	74
362.087	72
362.089	71
362.143	77
362.146	75
362.148	73
362.15	72
362.205	77
362.207	76
362.209	74
362.212	73
362.214	71
362.267	70
362.269	69
362.272	68
362.274	67
362.276	67
362.329	66
362.332	66
362.334	65
362.336	65
362.339	64
362.392	64
362.394	64
362.396	64
362.399	63
362.401	63
362.454	63
362.456	63
362.459	63
362.461	63
362.463	63
362.517	62
362.519	62
362.521	62
362.523	62
362.526	62
362.579	62
362.581	62
362.584	63
362.586	63
362.588	63
362.64	69
362.642	69
362.645	68
362.647	67
362.649	67
362.701	73
362.704	71
362.706	70
362.708	69
362.711	69
362.763	74
362.765	73
362.767	72
362.77	70
362.772	69
362.824	75
362.826	73
362.828	72
362.831	71
362.833	70
362.885	75
362.887	74
362.89	73
362.892	71
362.894	70
362.946	76
362.949	74
362.951	73
362.953	71
362.956	70
363.008	76
363.01	74
363.012	73
363.014	72
363.017	70
363.069	76
363.071	74
363.073	73
363.076	72
363.078	71
363.13	76
363.132	74
363.135	73
363.137	71
363.139	70
363.191	76
363.194	74
363.196	73
363.198	72
363.201	71
363.252	76
363.255	74
363.257	73
363.259	72
363.262	71
363.314	76
363.316	74
363.318	73
363.321	71
363.323	70
363.375	76
363.377	74
363.38	73
363.382	72
363.384	71
363.436	76
363.438	74
363.441	73
363.443	72
363.445	71
363.497	76
363.5	74
363.502	73
363.504	72
363.507	71
363.559	76
363.561	74
363.563	73
363.566	72
363.568	70
363.62	76
363.622	74
363.624	73
363.627	72
363.629	71
363.681	76
363.683	74
363.686	73
363.688	72
363.69	71
363.742	76
363.745	74
363.747	73
363.749	72
363.752	70
363.804	76
363.806	74
363.808	73
363.811	72
363.813	71
363.865	76
363.867	74
363.87	73
363.872	72
363.874	71
363.927	76
363.93	74
363.932	73
363.934	72
363.937	71
363.991	77
363.993	75
363.996	74
363.998	73
364	72
364.053	78
364.056	76
364.058	74
364.06	73
364.063	72
364.117	77
364.119	76
364.122	75
364.124	74
364.126	73
364.179	78
364.182	76
364.184	75
364.186	73
364.189	72
364.244	78
364.246	77
364.249	75
364.251	74
364.253	73
364.308	79
364.31	77
364.312	76
364.315	74
364.317	73
364.37	79
364.372	77
364.375	75
364.377	74
364.379	73
364.434	78
364.436	77
364.438	75
364.44	74
364.443	73
364.496	78
364.498	77
364.501	75
364.503	74
364.505	72
364.561	78
364.563	77
364.565	75
364.568	74
364.57	73
364.624	79
364.627	77
364.629	76
364.631	74
364.633	73
364.687	79
364.689	77
364.691	75
364.694	74
364.696	73
364.751	78
364.754	77
364.756	76
364.758	74
364.761	73
364.815	79
364.817	77
364.82	76
364.822	75
364.824	73
364.878	79
364.881	77
364.883	76
364.885	75
364.888	73
364.941	79
364.943	77
364.945	75
364.948	74
364.95	73
365.006	78
365.008	77
365.01	76
365.013	74
365.015	73
365.071	79
365.073	78
365.075	76
365.078	75
365.08	74
365.137	80
365.139	79
365.142	77
365.144	76
365.146	75
365.204	81
365.207	80
365.209	79
365.211	77
365.214	76
365.274	83
365.277	81
365.279	80
365.281	79
365.284	78
365.286	77
365.349	77
365.351	77
365.353	76
365.356	76
365.358	76
365.36	75
365.425	76
365.428	76
365.43	76
365.432	76
365.435	76
365.437	76
365.505	76
365.507	77
365.509	77
365.512	77
365.514	77
365.516	77
365.586	78
365.588	78
365.591	79
365.593	79
365.595	79
365.598	79
365.67	80
365.672	81
365.674	81
365.677	82
365.679	82
365.681	83
365.757	92
365.759	92
365.762	91
365.764	91
365.766	91
365.769	91
365.849	100
365.851	99
365.854	99
365.856	98
365.858	98
365.86	97
365.943	107
365.945	105
365.948	104
365.95	103
365.952	102
365.955	102
365.957	101
366.044	101
366.047	101
366.049	101
366.051	101
366.054	101
366.056	101
366.058	101
366.149	101
366.151	102
366.154	102
366.156	103
366.158	103
366.161	104
366.163	104
366.258	116
366.261	115
366.263	115
366.265	114
366.268	114
366.27	114
366.272	113
366.37	125
366.372	124
366.483	121
366.555	127
366.557	122
366.56	117
366.562	112
366.564	109
366.639	115
366.641	111
366.643	108
366.646	105
366.648	103
366.65	100
366.726	99
366.728	97
366.731	96
366.733	95
366.735	94
366.738	93
366.813	92
366.815	92
366.818	91
366.82	91
366.822	91
366.825	91
366.904	100
366.906	99
366.909	98
366.911	98
366.913	97
366.916	96
366.997	106
366.999	104
367.002	103
367.004	102
367.006	101
367.009	100
367.011	100
367.093	99
367.096	99
367.098	99
367.1	98
367.103	98
367.105	98
367.107	98
367.19	97
367.192	98
367.195	98
367.197	98
367.199	98
367.202	98
367.204	98
367.29	108
367.292	108
367.295	107
367.297	106
367.299	106
367.302	105
367.304	105
367.391	115
367.394	114
367.396	112
367.398	111
367.401	110
367.403	109
367.405	108
367.494	118
367.496	117
367.498	115
367.501	114
367.503	112
367.505	111
367.508	111
367.51	110
367.599	109
367.602	109
367.604	108
367.606	108
367.609	108
367.611	107
367.613	107
367.616	107
367.708	107
367.71	107
367.712	107
367.715	107
367.717	107
367.719	107
367.722	107
367.724	107
367.816	107
367.818	108
367.82	108
367.823	108
367.825	109
367.827	109
367.83	109
367.832	109
367.926	121
367.929	120
367.931	119
367.933	118
367.936	117
367.938	117
367.94	116
367.943	116
368.037	127
368.039	125
368.041	123
368.044	122
368.046	121
368.048	120
368.051	119
368.053	118
368.15	129
368.268	127
368.271	125
368.37	134
368.372	131
368.374	128
368.376	126
368.379	124
368.478	134
368.48	131
368.482	129
368.485	126
368.487	124
368.489	123
368.591	121
368.593	120
368.809	131
368.812	128
368.814	126
368.816	123
368.919	122
368.921	120
368.923	119
368.926	118
369.029	130
369.031	128
369.034	126
369.036	124
369.138	135
369.141	132
369.143	130
369.145	127
369.248	138
369.25	134
369.252	132
369.255	129
369.257	127
369.361	125
369.363	123
369.365	122
369.368	121
369.37	120
369.473	119
369.476	118
369.478	117
369.48	117
369.483	116
369.555	112
369.557	108
369.559	105
369.562	102
369.564	100
369.64	107
369.642	105
369.644	102
369.647	100
369.649	99
369.726	106
369.728	104
369.73	102
369.733	100
369.735	99
369.813	107
369.815	105
369.818	103
369.82	101
369.822	100
369.904	108
369.906	106
369.908	104
369.911	103
369.913	102
369.996	110
369.998	108
370	107
370.003	105
370.005	103
370.089	112
370.091	110
370.093	108
370.096	107
370.098	105
370.183	114
370.185	112
370.188	110
370.19	108
370.192	107
370.279	116
370.282	114
370.284	112
370.286	110
370.289	109
370.377	118
370.38	116
370.382	114
370.384	112
370.386	110
370.476	120
370.478	118
370.481	115
370.483	114
370.485	112
370.577	122
370.58	119
370.582	117
370.584	116
370.587	114
370.678	124
370.681	121
370.683	119
370.685	117
370.688	115
370.782	125
370.784	123
370.787	121
370.789	119
370.791	117
370.886	127
370.888	124
370.89	122
370.892	120
370.895	118
370.991	128
370.994	126
370.996	124
370.998	122
371.001	120
371.097	130
371.1	127
371.102	125
371.104	123
371.107	121
371.205	131
371.208	129
371.21	126
371.212	124
371.215	122
371.312	133
371.315	130
371.317	127
371.319	125
371.322	123
371.421	133
371.423	130
371.425	128
371.428	125
371.43	123
371.531	134
371.533	132
371.536	129
371.538	127
371.54	125
371.64	136
371.643	133
371.645	130
371.647	128
371.65	126
371.751	136
371.753	133
371.756	131
371.758	128
371.76	126
371.863	137
371.865	134
371.867	131
371.87	129
371.872	127
371.975	138
372.193	147
372.195	142
372.198	138
372.301	147
372.303	142
372.306	138
372.308	135
372.413	132
372.415	129
372.417	127
372.42	125
372.524	123
372.527	122
372.529	121
372.531	120
372.636	132
372.638	130
372.641	128
372.643	126
372.748	137
372.75	134
372.752	132
372.755	129
372.975	127
372.977	124
373.082	122
373.084	121
373.086	119
373.191	118
373.193	117
373.196	116
373.3	115
373.303	115
373.305	114
373.41	127
373.412	125
373.414	123
373.519	134
373.521	131
373.524	129
373.628	139
373.631	136
373.633	133
373.635	130
373.74	128
373.742	126
373.745	124
373.747	122
373.852	121
373.854	120
373.856	119
373.859	118
373.963	117
373.966	116
373.968	115
373.97	115
374.075	115
374.077	114
374.08	114
374.082	113
374.187	113
374.189	113
374.191	113
374.194	112
374.298	112
374.301	112
374.303	112
374.305	112
374.41	112
374.412	112
374.415	112
374.417	112
374.522	111
374.524	111
374.526	111
374.529	111
374.633	111
374.636	111
374.638	111
374.64	111
374.745	111
374.747	111
374.75	111
374.752	111
374.857	111
374.859	111
374.861	111
374.864	111
374.968	111
374.971	111
374.973	111
374.975	111
375.081	111
375.083	112
375.086	112
375.088	112
375.193	112
375.195	112
375.197	112
375.2	111
375.305	111
375.307	111
375.309	111
375.311	111
375.416	111
375.418	111
375.421	111
375.423	111
375.514	109
375.516	108
375.519	107
375.521	105
375.596	103
375.599	100
375.601	98
375.603	96
375.68	94
375.683	93
375.685	92
375.687	91
375.765	90
375.767	89
375.77	89
375.772	88
375.854	88
375.856	88
375.858	88
375.861	88
375.944	88
375.947	89
375.949	89
375.951	89
376.036	89
376.038	90
376.041	90
376.043	90
376.128	90
376.13	90
376.133	90
376.135	91
376.223	91
376.226	92
376.228	92
376.23	92
376.32	93
376.322	93
376.325	94
376.327	94
376.417	106
376.419	105
376.421	104
376.424	103
376.517	114
376.519	113
376.521	111
376.524	110
376.618	120
376.62	118
376.622	117
376.625	115
376.719	125
376.721	122
376.724	120
376.726	117
376.728	116
376.825	114
376.827	113
376.829	112
376.832	111
376.834	111
376.931	110
376.933	110
376.935	109
376.938	109
376.94	109
377.039	121
377.041	120
377.043	118
377.046	117
377.048	116
377.147	128
377.149	126
377.152	124
377.154	122
377.156	120
377.159	119
377.26	118
377.262	117
377.264	117
377.267	116
377.269	116
377.271	115
377.372	115
377.374	115
377.376	115
377.378	114
377.381	114
377.383	114
377.482	126
377.484	125
377.487	123
377.489	122
377.491	120
377.494	119
377.496	118
377.566	114
377.568	110
377.57	107
377.573	105
377.575	102
377.577	100
377.58	98
377.652	106
377.654	103
377.656	101
377.659	100
377.661	98
377.663	97
377.666	96
377.739	104
377.741	102
377.744	100
377.746	99
377.748	98
377.751	97
377.753	96
377.755	95
377.829	94
377.831	94
377.833	93
377.836	93
377.838	93
377.84	93
377.843	93
377.845	92
377.921	101
377.923	100
377.925	100
377.928	99
377.93	98
377.932	98
377.935	97
377.937	97
377.939	96
378.015	96
378.017	96
378.019	96
378.022	96
378.024	96
378.026	96
378.029	96
378.031	96
378.033	96
378.111	106
378.114	105
378.116	104
378.118	103
378.121	103
378.123	102
378.125	102
378.128	101
378.13	101
378.132	100
378.21	100
378.213	100
378.215	100
378.217	100
378.219	100
378.222	100
378.224	101
378.226	101
378.229	101
378.231	101
378.311	110
378.314	109
378.316	109
378.318	108
378.321	108
378.323	107
378.325	107
378.328	107
378.33	107
378.332	107
378.335	106
378.414	116
378.416	114
378.418	113
378.421	112
378.423	111
378.425	110
378.428	109
378.43	109
378.432	108
378.435	108
378.437	107
378.439	107
378.52	107
378.522	107
378.524	107
378.527	107
378.529	107
378.531	107
378.534	107
378.536	107
378.538	107
378.541	107
378.543	107
378.545	107
378.548	107
378.63	108
378.632	108
378.635	109
378.637	109
378.639	110
378.642	110
378.644	110
378.646	111
378.649	111
378.651	111
378.653	111
378.656	111
378.658	112
378.739	122
378.742	120
378.744	119
378.746	118
378.749	118
378.751	117
378.753	117
378.756	116
378.758	116
378.76	116
378.763	115
378.765	115
378.767	115
378.77	115
378.851	124
378.853	123
378.949	119
378.951	115
378.953	111
378.956	107
378.958	104
378.96	101
379.019	105
379.021	102
379.023	100
379.026	97
379.028	95
379.03	93
379.033	92
379.035	90
379.037	89
379.04	88
379.042	87
379.101	87
379.104	86
379.106	86
379.108	86
379.11	86
379.113	86
379.115	85
379.117	85
379.12	85
379.122	85
379.124	85
379.185	92
379.187	91
379.19	91
379.192	90
379.194	89
379.197	89
379.199	89
379.201	88
379.204	88
379.206	88
379.208	87
379.211	87
379.272	87
379.275	87
379.277	87
379.279	87
379.281	88
379.284	88
379.286	88
379.288	88
379.291	88
379.293	88
379.295	88
379.298	88
379.359	96
379.362	95
379.364	94
379.366	94
379.369	93
379.371	93
379.373	92
379.376	92
379.378	91
379.38	91
379.383	91
379.385	91
379.449	98
379.451	97
379.454	97
379.456	96
379.458	95
379.461	95
379.463	94
379.465	94
379.468	94
379.47	93
379.472	93
379.475	93
379.477	93
379.54	92
379.542	92
379.544	92
379.547	92
379.549	93
379.551	93
379.554	93
379.556	93
379.558	93
379.561	93
379.563	93
379.565	93
379.568	93
379.632	100
379.634	99
379.636	99
379.639	98
379.641	98
379.643	97
379.646	97
379.648	96
379.65	96
379.653	96
379.655	95
379.657	95
379.66	95
379.726	103
379.728	102
379.73	101
379.733	101
379.735	100
379.737	100
379.74	99
379.742	99
379.744	99
379.747	98
379.749	98
379.751	98
379.754	97
379.756	97
379.821	97
379.824	97
379.826	97
379.828	96
379.831	96
379.833	96
379.835	96
379.837	96
379.84	96
379.842	96
379.844	95
379.847	96
379.849	96
379.851	96
379.918	104
379.92	103
379.922	103
379.925	102
379.927	102
379.929	101
379.932	101
379.934	101
379.936	100
379.939	100
379.941	100
379.943	100
379.946	100
379.948	99
380.015	107
380.018	106
380.02	106
380.022	105
380.025	104
380.027	104
380.029	103
380.032	103
380.034	102
380.036	102
380.039	102
380.041	101
380.043	101
380.046	101
380.048	101
380.117	101
380.119	101
380.121	101
380.124	101
380.126	101
380.128	101
380.131	101
380.133	101
380.135	101
380.138	101
380.14	101
380.142	101
380.145	101
380.147	101
380.149	101
380.217	100
380.219	100
380.221	100
380.224	100
380.226	100
380.228	100
380.231	100
380.233	100
380.235	100
380.238	100
380.24	100
380.242	100
380.245	100
380.247	100
380.249	100
380.317	100
380.319	100
380.321	100
380.324	100
380.326	101
380.328	101
380.331	101
380.333	101
380.335	101
380.338	101
380.34	101
380.342	101
380.345	101
380.347	101
380.349	102
380.418	110
380.42	109
380.423	108
380.425	108
380.427	107
380.43	106
380.432	106
380.434	106
380.437	105
380.439	105
380.441	105
380.444	105
380.446	104
380.448	104
380.451	104
380.52	112
380.523	111
380.525	110
380.527	110
380.53	109
380.532	108
380.534	108
380.537	107
380.539	107
380.541	107
380.544	106
380.546	106
380.548	106
380.551	106
380.553	105
380.623	114
380.625	112
380.627	111
380.63	111
380.632	110
380.634	109
380.637	108
380.639	108
380.641	107
380.644	107
380.646	107
380.648	106
380.651	106
380.653	106
380.655	106
380.658	105
380.729	105
380.731	105
380.733	105
380.735	105
380.738	105
380.74	105
380.742	105
380.745	105
380.747	105
380.749	105
380.752	105
380.754	105
380.756	105
380.759	105
380.761	105
380.763	105
380.833	105
380.836	105
380.838	105
380.84	105
380.843	105
380.845	105
380.847	105
380.849	105
380.852	105
380.854	105
380.856	105
380.859	104
380.861	104
380.863	104
380.866	104
380.868	104
380.938	104
380.94	104
380.943	104
380.945	104
380.947	104
380.95	104
380.952	104
380.954	104
380.956	104
380.959	104
380.961	104
380.963	104
380.966	104
380.968	104
380.97	104
380.973	104
381.043	104
381.045	104
381.047	104
381.05	104
381.052	104
381.054	104
381.057	104
381.059	104
381.061	104
381.064	104
381.066	104
381.068	104
381.07	104
381.073	104
381.075	104
381.077	104
381.147	104
381.15	104
381.152	104
381.154	104
381.157	104
381.159	104
381.161	104
381.164	104
381.166	104
381.168	104
381.171	104
381.173	104
381.175	104
381.178	104
381.18	104
381.182	104
381.252	104
381.254	104
381.257	104
381.259	104
381.261	104
381.264	104
381.266	104
381.268	104
381.271	104
381.273	104
381.275	104
381.278	104
381.28	104
381.282	104
381.285	104
381.287	104
381.357	104
381.359	104
381.361	104
381.364	104
381.366	104
381.368	104
381.371	104
381.373	104
381.375	104
381.378	104
381.38	104
381.382	104
381.385	104
381.387	104
381.389	104
381.392	104
381.461	104
381.464	104
381.466	104
381.468	104
381.471	104
381.473	104
381.475	104
381.478	104
381.48	104
381.482	104
381.485	104
381.487	104
381.489	104
381.492	104
381.494	104
381.496	104
381.566	104
381.568	104
381.571	104
381.573	104
381.575	104
381.578	104
381.58	104
381.582	104
381.585	104
381.587	104
381.589	104
381.592	104
381.594	104
381.596	104
381.599	104
381.601	104
381.671	104
381.673	104
381.675	104
381.678	104
381.68	104
381.682	104
381.685	104
381.687	104
381.689	104
381.692	104
381.694	104
381.696	104
381.699	104
381.701	104
381.703	104
381.706	104
381.775	104
381.778	104
381.78	104
381.782	104
381.785	104
381.787	104
381.789	104
381.792	104
381.794	104
381.796	104
381.799	104
381.801	104
381.803	104
381.806	104
381.808	104
381.81	104
381.88	104
381.882	104
381.885	104
381.887	104
381.889	104
381.892	104
381.894	104
381.896	104
381.899	104
381.901	104
381.903	104
381.906	104
381.908	104
381.91	104
381.913	104
381.915	104
381.985	104
381.987	104
381.989	104
381.992	104
381.994	104
381.996	104
381.999	104
382.001	104
382.003	104
382.006	104
382.008	104
382.01	104
382.013	104
382.015	104
382.017	104
382.02	104
382.089	104
382.092	104
382.094	104
382.096	104
382.099	104
382.101	104
382.103	104
382.106	104
382.108	104
382.11	104
382.113	104
382.115	104
382.117	104
382.12	104
382.122	104
382.124	104
382.194	104
382.196	104
382.199	104
382.201	104
382.203	104
382.206	104
382.208	104
382.21	104
382.213	104
382.215	104
382.217	104
382.22	104
382.222	104
382.224	104
382.227	104
382.229	104
382.299	104
382.301	104
382.303	104
382.306	104
382.308	104
382.31	104
382.313	104
382.315	104
382.317	104
382.32	104
382.322	104
382.324	104
382.327	104
382.329	104
382.331	104
382.334	104
382.404	104
382.406	104
382.408	104
382.41	104
382.413	104
382.415	104
382.417	104
382.42	104
382.422	104
382.424	104
382.427	104
382.429	104
382.431	104
382.434	104
382.436	104
382.438	104
382.508	104
382.511	104
382.513	104
382.515	104
382.518	104
382.52	104
382.522	104
382.524	104
382.527	104
382.529	104
382.531	104
382.534	104
382.536	104
382.538	104
382.541	104
382.543	104
382.613	104
382.615	104
382.618	104
382.62	104
382.622	104
382.625	104
382.627	104
382.629	104
382.632	104
382.634	104
382.636	104
382.638	104
382.641	104
382.643	104
382.645	104
382.648	104
382.718	104
382.72	104
382.722	104
382.725	104
382.727	104
382.729	104
382.732	104
382.734	104
382.736	104
382.739	104
382.741	104
382.743	104
382.745	104
382.748	104
382.75	104
382.752	104
382.822	104
382.825	104
382.827	104
382.829	104
382.832	104
382.834	104
382.836	104
382.839	104
382.841	104
382.843	104
382.846	104
382.848	104
382.85	104
382.853	104
382.855	104
382.857	104
382.927	104
382.929	104
382.932	104
382.934	104
382.936	104
382.939	104
382.941	104
382.943	104
382.946	104
382.948	104
382.95	104
382.953	104
382.955	104
382.957	104
382.96	104
382.962	104
383.032	104
383.034	104
383.036	104
383.039	104
383.041	104
383.043	104
383.046	104
383.048	104
383.05	104
383.053	104
383.055	104
383.057	104
383.06	104
383.062	104
383.064	104
383.067	104
383.136	104
383.139	104
383.141	104
383.143	104
383.146	104
383.148	104
383.15	104
383.153	104
383.155	104
383.157	104
383.16	104
383.162	104
383.164	104
383.167	104
383.169	104
383.171	104
383.241	104
383.243	104
383.246	104
383.248	104
383.25	104
383.253	104
383.255	104
383.257	104
383.26	104
383.262	104
383.264	104
383.267	104
383.269	104
383.271	104
383.274	104
383.276	104
383.346	104
383.348	104
383.35	104
383.353	104
383.355	104
383.357	104
383.36	104
383.362	104
383.364	104
383.367	105
383.369	105
383.371	105
383.374	105
383.376	105
383.378	105
383.381	106
383.452	114
383.454	113
383.456	113
383.459	112
383.461	112
383.463	111
383.466	111
383.468	110
383.47	110
383.472	110
383.475	109
383.477	109
383.479	109
383.482	109
383.484	109
383.486	109
383.559	117
383.561	116
383.563	115
383.566	114
383.568	114
383.57	113
383.573	113
383.575	112
383.577	112
383.58	111
383.582	111
383.584	111
383.586	111
383.589	110
383.591	110
383.593	110
383.666	119
383.668	117
383.67	116
383.673	115
383.675	114
383.677	114
383.68	113
383.682	113
383.684	112
383.687	112
383.689	111
383.691	111
383.694	111
383.696	111
383.698	110
383.7	110
383.774	119
383.776	118
383.778	117
383.781	116
383.783	115
383.785	115
383.788	114
383.79	114
383.792	113
383.795	113
383.797	112
383.799	112
383.802	112
383.804	112
383.806	112
383.809	111
383.811	111
383.883	111
383.885	111
383.888	110
383.89	110
383.892	110
383.895	110
383.897	110
383.899	110
383.902	109
383.904	109
383.906	109
383.909	109
383.911	109
383.913	109
383.916	109
383.918	109
383.92	109
383.992	109
383.995	109
383.997	110
383.999	110
384.002	110
384.004	110
384.006	110
384.009	110
384.011	110
384.013	111
384.016	111
384.018	111
384.02	111
384.023	111
384.025	111
384.027	111
384.03	111
384.103	120
384.105	119
384.108	118
384.11	117
384.112	117
384.115	116
384.117	116
384.119	115
384.122	115
384.124	114
384.126	114
384.129	114
384.131	114
384.133	114
384.136	113
384.138	113
384.14	113
384.216	122
384.334	121
384.337	119
384.339	117
384.341	116
384.344	114
384.346	113
384.348	111
384.351	110
384.426	118
384.429	115
384.431	114
384.433	112
384.436	110
384.438	109
384.44	108
384.443	107
384.445	106
384.447	106
384.45	105
384.452	104
384.53	104
384.532	104
384.534	104
384.537	105
384.539	105
384.541	105
384.544	105
384.546	105
384.548	105
384.551	105
384.553	105
384.555	105
384.558	105
384.635	105
384.637	105
384.639	105
384.642	105
384.644	105
384.646	105
384.648	105
384.651	106
384.653	106
384.655	106
384.658	106
384.66	106
384.662	106
384.74	116
384.743	115
384.745	114
384.747	113
384.75	112
384.752	112
384.754	111
384.757	111
384.759	110
384.761	110
384.764	110
384.766	109
384.768	109
384.771	109
384.851	109
384.853	109
384.856	109
384.858	109
384.86	110
384.863	110
384.865	110
384.867	111
384.869	111
384.872	111
384.874	111
384.876	111
384.879	111
384.881	112
384.961	121
384.964	120
384.966	119
384.968	119
384.971	118
384.973	117
384.975	117
384.978	116
384.98	116
384.982	115
384.985	115
384.987	114
384.989	114
384.992	114
384.994	114
385.075	114
385.167	110
385.17	107
385.172	104
385.174	101
385.177	98
385.179	95
385.181	93
385.239	98
385.242	96
385.244	94
385.246	92
385.249	90
385.251	89
385.253	87
385.256	86
385.258	85
385.26	85
385.32	92
385.322	90
385.324	89
385.327	88
385.329	87
385.331	87
385.334	86
385.336	86
385.338	85
385.341	85
385.402	92
385.405	91
385.407	90
385.409	89
385.412	89
385.414	88
385.416	88
385.419	87
385.421	87
385.423	87
385.486	94
385.488	93
385.491	92
385.493	91
385.495	90
385.498	90
385.5	89
385.502	89
385.505	88
385.507	88
385.509	88
385.573	88
385.576	88
385.578	87
385.58	87
385.583	87
385.585	87
385.587	87
385.59	87
385.592	87
385.594	87
385.596	87
385.663	87
385.665	88
385.667	88
385.67	88
385.672	88
385.674	88
385.677	88
385.679	88
385.681	89
385.684	89
385.686	89
385.752	89
385.755	89
385.757	89
385.759	90
385.762	90
385.764	90
385.766	90
385.769	90
385.771	90
385.773	90
385.776	91
385.844	99
385.847	98
385.849	98
385.851	97
385.854	97
385.856	96
385.858	96
385.861	96
385.863	95
385.865	95
385.868	95
385.936	103
385.938	102
385.941	101
385.943	100
385.945	99
385.948	99
385.95	98
385.952	98
385.955	97
385.957	97
385.959	96
385.962	96
386.033	96
386.035	96
386.037	96
386.04	96
386.042	96
386.044	96
386.047	96
386.049	96
386.051	96
386.054	96
386.056	96
386.058	96
386.129	96
386.132	96
386.134	96
386.136	96
386.139	96
386.141	96
386.143	96
386.146	96
386.148	96
386.15	96
386.153	96
386.155	96
386.228	96
386.23	97
386.233	97
386.235	97
386.237	97
386.24	97
386.242	98
386.244	98
386.247	98
386.249	98
386.251	98
386.254	98
386.327	98
386.329	98
386.332	99
386.334	99
386.336	99
386.339	99
386.341	99
386.343	99
386.346	100
386.348	100
386.35	100
386.353	100
386.428	109
386.431	109
386.433	108
386.435	107
386.437	107
386.44	106
386.442	106
386.444	106
386.447	105
386.449	105
386.451	105
386.454	105
386.529	114
386.532	112
386.534	111
386.536	110
386.539	109
386.541	108
386.543	108
386.546	107
386.548	107
386.55	106
386.553	106
386.555	105
386.633	114
386.635	113
386.638	112
386.64	111
386.642	111
386.645	110
386.647	109
386.649	109
386.652	108
386.654	108
386.656	108
386.659	107
386.735	117
386.738	115
386.74	114
386.742	112
386.745	111
386.747	110
386.749	110
386.752	109
386.754	108
386.756	108
386.759	107
386.761	107
386.839	116
386.841	115
386.843	114
386.846	113
386.848	112
386.85	111
386.853	110
386.855	110
386.857	109
386.86	109
386.862	108
386.864	108
386.945	117
386.947	116
386.949	115
386.952	114
386.954	113
386.956	113
386.959	112
386.961	111
386.963	111
386.966	110
386.968	110
386.97	110
387.049	119
387.052	118
387.054	116
387.056	115
387.059	114
387.061	113
387.063	112
387.066	111
387.068	111
387.07	110
387.073	110
387.075	109
387.155	119
387.158	117
387.16	116
387.162	115
387.164	114
387.167	113
387.169	113
387.171	112
387.174	112
387.176	111
387.178	111
387.181	110
387.262	120
387.265	119
387.267	117
387.269	116
387.272	115
387.274	114
387.276	114
387.278	113
387.281	113
387.283	112
387.285	112
387.288	111
387.37	121
387.373	120
387.375	119
387.377	118
387.38	117
387.382	116
387.384	115
387.387	114
387.389	114
387.391	113
387.394	113
387.396	112
387.477	122
387.48	120
387.482	119
387.484	118
387.487	117
387.489	116
387.491	115
387.494	114
387.496	113
387.498	113
387.501	112
387.503	112
387.584	121
387.587	120
387.589	119
387.591	117
387.594	116
387.596	115
387.598	115
387.601	114
387.603	113
387.605	113
387.608	112
387.61	112
387.691	121
387.694	120
387.696	118
387.698	117
387.701	116
387.703	115
387.705	114
387.708	114
387.71	113
387.712	113
387.715	112
387.717	112
387.8	121
387.802	120
387.804	119
387.807	118
387.809	117
387.811	116
387.814	115
387.816	114
387.818	114
387.821	113
387.823	113
387.825	113
387.909	122
387.911	121
387.914	120
387.916	119
387.918	118
387.921	117
387.923	116
387.925	116
387.928	115
387.93	114
387.932	114
387.935	114
388.018	124
388.021	122
388.023	121
388.025	120
388.028	119
388.03	118
388.032	117
388.035	116
388.037	115
388.039	115
388.042	114
388.044	114
388.128	124
388.13	122
388.132	121
388.135	120
388.137	119
388.139	118
388.142	117
388.144	116
388.146	115
388.149	115
388.151	114
388.153	114
388.237	124
388.239	122
388.242	121
388.244	120
388.246	119
388.249	118
388.251	117
388.253	116
388.256	116
388.258	115
388.26	115
388.263	114
388.346	124
388.349	122
388.351	121
388.353	120
388.356	119
388.358	118
388.36	117
388.363	116
388.365	116
388.367	115
388.37	115
388.372	114
388.456	124
388.458	122
388.46	121
388.463	120
388.465	119
388.467	118
388.47	117
388.472	116
388.474	116
388.477	115
388.479	114
388.481	114
388.565	124
388.567	122
388.57	121
388.572	120
388.574	119
388.577	118
388.579	117
388.581	116
388.584	116
388.586	115
388.588	115
388.591	114
388.674	124
388.677	122
388.679	121
388.681	120
388.684	119
388.686	118
388.688	117
388.691	116
388.693	116
388.695	115
388.698	115
388.7	114
388.784	124
388.786	122
388.788	121
388.791	120
388.793	119
388.795	118
388.798	117
388.8	116
388.802	116
388.805	115
388.807	114
388.809	114
388.893	124
388.895	122
388.898	121
388.9	120
388.902	119
388.905	118
388.907	117
388.909	116
388.912	116
388.914	115
388.916	115
388.919	114
389.002	124
389.005	122
389.007	121
389.009	120
389.012	119
389.014	118
389.016	117
389.019	116
389.021	116
389.023	115
389.026	115
389.028	114
389.112	124
389.114	122
389.116	121
389.119	120
389.121	119
389.123	118
389.126	117
389.128	116
389.13	116
389.133	115
389.135	114
389.137	114
389.14	114
389.223	113
389.226	113
389.228	113
389.23	113
389.233	113
389.235	112
389.237	112
389.24	112
389.242	112
389.244	112
389.247	112
389.249	112
389.251	112
389.335	112
389.337	112
389.34	111
389.342	111
389.344	111
389.347	111
389.349	111
389.351	111
389.354	111
389.356	111
389.358	111
389.361	111
389.363	111
389.447	111
389.449	111
389.451	112
389.454	112
389.456	112
389.458	112
389.461	112
389.463	112
389.465	113
389.468	113
389.47	113
389.472	113
389.475	113
389.558	123
389.561	122
389.563	121
389.565	120
389.568	119
389.57	119
389.572	118
389.575	117
389.577	117
389.579	116
389.582	116
389.584	116
389.586	115
389.67	125
389.672	124
389.79	122
389.792	121
389.794	119
389.797	118
389.799	116
389.801	115
389.885	113
389.888	112
389.89	111
389.892	110
389.895	109
389.897	109
389.899	108
389.902	108
389.904	107
389.988	117
389.99	115
389.992	114
389.995	113
389.997	112
389.999	111
390.002	110
390.004	109
390.006	109
390.009	108
390.092	108
390.095	107
390.097	107
390.099	107
390.102	107
390.104	107
390.106	107
390.109	107
390.111	107
390.113	107
390.197	117
390.199	116
390.202	114
390.204	113
390.206	113
390.209	112
390.211	111
390.213	111
390.216	110
390.218	110
390.22	109
390.304	109
390.306	109
390.309	109
390.311	109
390.313	109
390.316	109
390.318	109
390.32	109
390.323	109
390.325	109
390.327	109
390.411	119
390.413	118
390.416	117
390.418	116
390.42	115
390.423	114
390.425	113
390.427	113
390.43	112
390.432	112
390.434	112
390.519	122
390.521	120
390.524	119
390.526	118
390.528	117
390.531	116
390.533	115
390.535	115
390.538	114
390.54	114
390.542	113
390.545	113
390.629	112
390.631	112
390.633	112
390.635	112
390.638	112
390.64	112
390.642	112
390.645	112
390.647	112
390.649	112
390.652	111
390.654	111
390.738	122
390.74	120
390.742	119
390.745	118
390.747	117
390.749	117
390.752	116
390.754	115
390.756	115
390.759	114
390.761	114
390.763	114
390.848	124
390.851	122
390.853	121
390.855	120
390.858	119
390.86	118
390.862	117
390.865	117
390.867	116
390.869	116
390.872	115
390.874	115
390.876	114
390.962	114
391.08	114
391.082	113
391.084	113
391.087	112
391.089	111
391.091	110
391.161	107
391.164	104
391.166	102
391.168	101
391.171	99
391.173	98
391.175	96
391.178	95
391.238	102
391.24	99
391.243	96
391.245	94
391.247	92
391.25	90
391.252	89
391.254	88
391.257	86
391.318	86
391.321	85
391.323	84
391.325	84
391.328	83
391.33	83
391.332	82
391.335	82
391.337	82
391.402	82
391.404	82
391.407	82
391.409	82
391.411	83
391.414	83
391.416	83
391.418	84
391.421	84
391.487	92
391.489	91
391.492	91
391.494	90
391.496	90
391.499	89
391.501	89
391.503	89
391.506	89
391.572	96
391.574	95
391.577	94
391.579	93
391.581	92
391.583	92
391.586	91
391.588	91
391.59	90
391.66	98
391.663	97
391.665	96
391.667	96
391.67	95
391.672	94
391.674	94
391.677	93
391.679	93
391.681	93
391.752	92
391.754	92
391.757	92
391.759	92
391.761	92
391.764	92
391.766	92
391.768	92
391.771	92
391.773	92
391.844	92
391.846	92
391.849	92
391.851	92
391.853	92
391.856	92
391.858	92
391.86	92
391.863	92
391.865	91
391.938	101
391.941	100
391.943	99
391.945	99
391.948	99
391.95	98
391.952	98
391.955	98
391.957	97
391.959	97
392.032	106
392.035	105
392.037	104
392.039	103
392.042	102
392.044	101
392.046	101
392.049	100
392.051	100
392.053	99
392.129	108
392.131	107
392.134	106
392.136	105
392.138	104
392.141	103
392.143	103
392.145	102
392.148	102
392.15	101
392.226	110
392.228	108
392.23	107
392.233	106
392.235	105
392.237	104
392.24	103
392.242	103
392.244	102
392.247	102
392.249	101
392.327	101
392.329	101
392.331	101
392.334	101
392.336	101
392.338	101
392.341	101
392.343	101
392.345	101
392.348	101
392.35	101
392.428	101
392.43	101
392.433	101
392.435	101
392.437	101
392.44	101
392.442	101
392.444	101
392.447	101
392.449	101
392.451	101
392.531	101
392.534	101
392.536	101
392.538	102
392.541	102
392.543	102
392.545	102
392.548	102
392.55	102
392.552	103
392.555	103
392.635	103
392.637	103
392.64	103
392.642	103
392.644	103
392.647	103
392.649	103
392.651	103
392.654	103
392.656	103
392.658	103
392.74	103
392.742	103
392.744	103
392.747	103
392.749	103
392.751	104
392.754	104
392.756	104
392.758	104
392.761	104
392.763	104
392.846	104
392.848	104
392.85	104
392.853	104
392.855	104
392.857	105
392.86	105
392.862	105
392.864	105
392.866	105
392.869	105
392.951	105
392.954	105
392.956	105
392.958	105
392.961	105
392.963	105
392.965	105
392.968	105
392.97	105
392.972	105
392.975	105
393.058	106
393.061	106
393.063	106
393.065	106
393.068	106
393.07	106
393.072	106
393.075	106
393.077	106
393.079	106
393.082	106
393.167	106
393.169	107
393.171	107
393.174	107
393.176	107
393.178	107
393.181	107
393.183	107
393.185	107
393.188	107
393.19	107
393.274	107
393.276	107
393.278	107
393.281	107
393.283	107
393.285	107
393.288	107
393.29	107
393.292	107
393.295	107
393.297	107
393.381	107
393.383	107
393.385	107
393.388	107
393.39	107
393.392	107
393.395	107
393.397	107
393.399	107
393.402	107
393.404	107
393.489	107
393.491	107
393.493	107
393.496	107
393.498	107
393.5	107
393.503	107
393.505	107
393.507	107
393.51	107
393.512	108
393.598	108
393.6	108
393.603	108
393.605	108
393.607	108
393.61	108
393.612	108
393.614	108
393.617	108
393.619	109
393.621	109
393.707	109
393.71	109
393.712	109
393.714	109
393.717	109
393.719	109
393.721	109
393.724	109
393.726	109
393.728	109
393.731	109
393.818	109
393.82	109
393.823	109
393.825	109
393.827	109
393.83	109
393.832	109
393.834	109
393.837	109
393.839	109
393.841	110
393.927	110
393.93	109
393.932	109
393.934	109
393.937	109
393.939	109
393.941	109
393.944	109
393.946	109
393.948	109
393.951	109
394.037	109
394.039	109
394.041	109
394.044	109
394.046	109
394.048	109
394.051	109
394.053	109
394.055	109
394.058	109
394.06	109
394.146	109
394.148	109
394.151	109
394.153	109
394.155	109
394.158	109
394.16	109
394.162	109
394.165	109
394.167	109
394.169	109
394.255	109
394.258	109
394.26	109
394.262	109
394.265	109
394.267	109
394.269	109
394.272	109
394.274	109
394.276	109
394.279	109
394.365	109
394.367	109
394.369	109
394.372	109
394.374	109
394.376	109
394.379	109
394.381	109
394.383	109
394.386	109
394.388	109
394.474	109
394.476	109
394.479	109
394.481	109
394.483	109
394.486	109
394.488	109
394.49	109
394.493	109
394.495	109
394.497	109
394.583	109
394.586	109
394.588	109
394.59	109
394.593	109
394.595	109
394.597	109
394.6	109
394.602	109
394.604	109
394.607	109
394.693	109
394.695	109
394.697	109
394.7	109
394.702	109
394.704	109
394.707	109
394.709	109
394.711	109
394.714	109
394.716	109
394.802	109
394.804	109
394.807	109
394.809	109
394.811	109
394.814	109
394.816	109
394.818	109
394.821	109
394.823	109
394.825	109
394.911	109
394.914	109
394.916	109
394.918	109
394.921	109
394.923	109
394.925	109
394.928	109
394.93	109
394.932	109
394.935	109
395.021	109
395.023	109
395.025	109
395.028	110
395.03	110
395.032	110
395.035	110
395.037	110
395.039	110
395.042	110
395.044	111
395.13	121
395.132	120
395.135	119
395.137	118
395.139	117
395.142	116
395.144	116
395.146	115
395.149	115
395.151	114
395.153	114
395.239	124
395.242	122
395.244	121
395.246	120
395.249	119
395.251	118
395.253	117
395.256	116
395.258	116
395.26	115
395.263	114
395.349	124
395.351	123
395.353	121
395.356	120
395.358	119
395.36	118
395.363	117
395.365	116
395.367	116
395.37	115
395.372	115
395.374	114
395.46	114
395.463	114
395.465	113
395.467	113
395.47	113
395.472	113
395.474	112
395.477	112
395.479	112
395.481	112
395.484	112
395.486	112
395.572	112
395.574	112
395.577	112
395.579	112
395.581	112
395.584	113
395.586	113
395.588	113
395.591	113
395.593	113
395.595	113
395.598	113
395.683	123
395.685	122
395.687	121
395.69	120
395.692	119
395.694	118
395.697	117
395.699	117
395.701	116
395.704	116
395.706	115
395.708	115
395.768	122
395.77	117
395.772	113
395.774	110
395.777	107
395.779	105
395.781	102
395.784	100
395.786	99
395.788	97
395.791	96
395.793	95
395.795	94
395.858	93
395.861	93
395.863	93
395.865	92
395.868	92
395.87	92
395.872	92
395.875	91
395.877	91
395.879	91
395.882	91
395.884	91
395.886	91
395.95	91
395.952	91
395.955	92
395.957	92
395.959	92
395.962	92
395.964	93
395.966	93
395.969	93
395.971	93
395.973	93
395.976	93
395.978	93
396.043	101
396.046	100
396.048	100
396.05	99
396.053	99
396.055	98
396.057	98
396.059	97
396.062	97
396.064	97
396.066	96
396.069	96
396.071	96
396.073	96
396.14	96
396.142	96
396.144	96
396.147	96
396.149	96
396.151	96
396.154	96
396.156	96
396.158	96
396.161	96
396.163	96
396.165	96
396.168	96
396.17	96
396.239	96
396.241	97
396.243	97
396.246	98
396.248	98
396.25	98
396.253	99
396.255	99
396.257	99
396.26	99
396.262	99
396.264	100
396.267	100
396.269	100
396.339	108
396.341	107
396.343	107
396.346	106
396.348	106
396.35	105
396.353	105
396.355	104
396.357	104
396.36	104
396.362	104
396.364	103
396.367	103
396.369	103
396.371	103
396.442	103
396.445	103
396.447	104
396.449	104
396.451	104
396.454	104
396.456	104
396.458	105
396.461	105
396.463	105
396.465	105
396.468	105
396.47	105
396.472	105
396.475	105
396.548	114
396.55	113
396.553	113
396.555	112
396.557	111
396.56	111
396.562	111
396.564	110
396.567	110
396.569	110
396.571	109
396.574	109
396.576	109
396.578	109
396.581	109
396.583	108
396.656	108
396.659	108
396.661	109
396.663	109
396.666	109
396.668	109
396.67	109
396.672	109
396.675	109
396.677	109
396.679	110
396.682	110
396.684	110
396.686	110
396.689	110
396.691	110
396.768	119
396.77	118
396.988	116
396.99	115
396.992	113
396.995	112
396.997	111
396.999	110
397.002	109
397.004	108
397.006	108
397.087	107
397.089	107
397.091	107
397.094	107
397.096	106
397.098	106
397.101	106
397.103	106
397.105	106
397.108	106
397.11	106
397.112	106
397.191	106
397.194	106
397.196	106
397.198	106
397.201	106
397.203	106
397.205	106
397.208	106
397.21	106
397.212	106
397.215	106
397.217	106
397.219	106
397.299	106
397.302	107
397.304	107
397.306	108
397.309	108
397.311	108
397.313	109
397.316	109
397.318	109
397.32	109
397.323	109
397.325	109
397.327	109
397.41	119
397.412	119
397.415	118
397.417	117
397.419	116
397.422	116
397.424	115
397.426	115
397.429	115
397.431	114
397.433	114
397.436	114
397.438	114
397.44	113
397.522	113
397.524	113
397.526	113
397.529	113
397.531	113
397.533	113
397.536	113
397.538	113
397.54	113
397.543	113
397.545	113
397.547	113
397.55	113
397.552	113
397.632	123
397.634	122
397.637	121
397.639	120
397.641	119
397.644	118
397.646	117
397.648	117
397.651	116
397.653	116
397.655	115
397.658	115
397.66	115
397.662	114
397.665	114
397.721	111
397.723	108
397.725	105
397.728	103
397.73	101
397.732	100
397.734	98
397.737	97
397.739	96
397.741	95
397.744	95
397.746	94
397.748	94
397.751	93
397.753	93
397.811	100
397.814	99
397.816	98
397.818	97
397.821	97
397.823	96
397.825	96
397.828	95
397.83	95
397.832	95
397.835	94
397.837	94
397.839	94
397.842	94
397.844	94
397.903	101
397.905	100
397.908	99
397.91	98
397.912	98
397.915	97
397.917	97
397.919	96
397.922	96
397.924	96
397.926	96
397.929	95
397.931	95
397.933	95
397.936	95
397.938	95
397.997	95
398	94
398.002	94
398.004	94
398.007	94
398.009	94
398.011	94
398.014	94
398.016	94
398.018	94
398.021	94
398.023	94
398.025	94
398.028	94
398.03	94
398.032	94
398.094	94
398.096	95
398.099	95
398.101	95
398.103	96
398.106	96
398.108	96
398.11	97
398.113	97
398.115	97
398.117	97
398.12	97
398.122	97
398.124	98
398.126	98
398.129	98
398.19	105
398.193	104
398.195	104
398.197	103
398.2	102
398.202	102
398.204	102
398.207	101
398.209	101
398.211	101
398.214	100
398.216	100
398.218	100
398.221	100
398.223	100
398.225	99
398.288	107
398.291	106
398.293	105
398.295	104
398.297	104
398.3	103
398.302	103
398.304	102
398.307	102
398.309	102
398.311	101
398.314	101
398.316	101
398.318	101
398.321	101
398.323	101
398.325	100
398.389	100
398.392	100
398.394	101
398.396	101
398.399	101
398.401	101
398.403	101
398.406	101
398.408	101
398.41	101
398.413	101
398.415	101
398.417	101
398.42	101
398.422	101
398.424	101
398.427	101
398.491	101
398.493	101
398.495	101
398.498	101
398.5	101
398.502	101
398.505	101
398.507	101
398.509	101
398.512	101
398.514	101
398.516	102
398.518	102
398.521	102
398.523	102
398.525	102
398.528	102
398.594	110
398.596	110
398.599	109
398.601	109
398.603	108
398.606	108
398.608	108
398.61	107
398.613	107
398.615	107
398.617	107
398.62	107
398.622	107
398.624	106
398.627	106
398.629	106
398.631	106
398.696	114
398.699	113
398.701	112
398.703	111
398.706	110
398.708	109
398.71	109
398.713	108
398.715	107
398.717	107
398.72	107
398.722	106
398.724	106
398.727	106
398.729	106
398.731	106
398.734	105
398.8	113
398.802	112
398.805	111
398.807	110
398.809	110
398.812	109
398.814	109
398.816	108
398.819	108
398.821	108
398.823	107
398.826	107
398.828	107
398.83	107
398.833	106
398.835	106
398.837	106
398.905	114
398.907	113
398.909	112
398.912	112
398.914	111
398.916	110
398.919	110
398.921	110
398.923	109
398.926	109
398.928	109
398.93	108
398.933	108
398.935	108
398.937	108
398.94	108
398.942	107
398.944	107
399.013	107
399.015	107
399.018	107
399.02	107
399.022	108
399.024	108
399.027	108
399.029	108
399.031	108
399.034	108
399.036	108
399.038	108
399.041	108
399.043	108
399.045	108
399.048	108
399.05	108
399.052	108
399.12	108
399.122	107
399.125	107
399.127	107
399.129	107
399.131	107
399.134	107
399.136	107
399.138	107
399.141	107
399.143	107
399.145	107
399.148	107
399.15	107
399.152	107
399.155	107
399.157	107
399.159	107
399.228	107
399.23	107
399.233	107
399.235	107
399.237	107
399.24	107
399.242	107
399.244	107
399.247	107
399.249	107
399.251	107
399.254	107
399.256	107
399.258	107
399.261	107
399.263	107
399.265	107
399.268	107
399.337	108
399.34	108
399.342	108
399.344	108
399.347	108
399.349	108
399.351	108
399.354	108
399.356	108
399.358	109
399.361	109
399.363	109
399.365	109
399.368	109
399.37	109
399.372	109
399.375	109
399.377	109
399.447	109
399.449	109
399.451	109
399.454	109
399.456	109
399.458	109
399.461	109
399.463	109
399.465	109
399.468	109
399.47	109
399.472	109
399.475	109
399.477	109
399.479	109
399.482	109
399.484	109
399.486	109
399.557	109
399.56	109
399.562	109
399.564	109
399.567	109
399.569	109
399.571	110
399.574	110
399.576	110
399.578	110
399.58	110
399.583	110
399.585	110
399.587	110
399.59	110
399.592	110
399.594	110
399.597	110
399.667	110
399.669	110
399.671	110
399.674	109
399.676	109
399.678	109
399.681	109
399.683	109
399.685	109
399.688	109
399.69	109
399.692	109
399.694	109
399.697	109
399.699	109
399.701	109
399.704	109
399.706	109
399.776	109
399.778	109
399.781	109
399.783	109
399.785	109
399.788	109
399.79	109
399.792	109
399.795	109
399.797	109
399.799	109
399.801	109
399.804	109
399.806	109
399.808	109
399.811	109
399.813	109
399.815	109
399.885	109
399.888	109
399.89	109
399.892	109
399.895	109
399.897	109
399.899	109
399.902	109
399.904	109
399.906	109
399.909	109
399.911	109
399.913	109
399.915	109
399.918	109
399.92	109
399.922	109
399.925	109
399.995	109
399.997	109
399.999	109
400.002	109
400.004	109
400.006	109
400.009	109
400.011	109
400.013	109
400.016	109
400.018	109
400.02	109
400.023	109
400.025	109
400.027	109
400.029	109
400.032	109
400.034	109
400.104	109
400.106	109
400.109	109
400.111	109
400.113	109
400.116	109
400.118	109
400.12	109
400.123	109
400.125	109
400.127	109
400.13	109
400.132	109
400.134	109
400.136	109
400.139	109
400.141	109
400.143	109
400.213	109
400.216	109
400.218	109
400.22	109
400.223	109
400.225	109
400.227	109
400.23	109
400.232	109
400.234	109
400.237	109
400.239	109
400.241	109
400.244	109
400.246	109
400.248	109
400.25	109
400.253	109
400.323	109
400.325	109
400.327	109
400.33	109
400.332	109
400.334	109
400.337	109
400.339	109
400.341	109
400.344	109
400.346	109
400.348	109
400.351	109
400.353	109
400.355	109
400.358	109
400.36	109
400.362	109
400.394	104
400.396	100
400.398	96
400.401	93
400.403	90
400.405	88
400.408	86
400.41	84
400.412	82
400.415	81
400.417	79
400.419	78
400.421	77
400.424	76
400.426	76
400.428	75
400.431	74
400.433	74
400.456	72
400.458	71
400.461	70
400.463	69
400.465	68
400.468	67
400.47	67
400.472	66
400.475	65
400.477	65
400.479	65
400.482	64
400.484	64
