1.13992	1858.02
2.18476	1212.26
3.19578	808.704
4.61416	213.258
5.71721	274.161
6.80945	276.923
7.88541	177.116
8.95207	168.105
10.0176	168.262
11.0854	167.947
12.095	177.601
13.7811	106.287
15.5237	205.74
16.5761	489.733
17.6019	120.195
18.6815	217.979
19.7446	263.405
20.8066	306.126
21.8709	315.789
22.9166	332.248
23.9191	380.039
25.6138	238.016
26.6227	144.444
27.7033	207.407
28.7943	164.252
29.8575	168.579
30.9311	167.008
32.0013	167.476
33.0134	221.343
34.0475	140.812
35.1315	216.974
36.3327	37.302
37.4312	173.406
38.485	127.635
39.6017	110.394
40.6765	177.281
41.7478	167.32
42.8145	168.105
43.9453	267.61
44.9575	199.209
46.0323	198.137
47.0397	133.465
48.1377	285.61
49.2265	236.764
50.2315	156.019
51.3144	165.619
52.4137	163.057
53.4977	165.313
54.5912	122.964
55.63	280.539
56.7025	167.164
57.7633	169.056
58.8288	168.262
59.9152	165.009
60.9819	168.105
62.0671	165.161
63.1431	166.697
64.1597	121.259
65.1671	166.832
66.295	258.385
67.3908	163.652
68.4377	182.026
69.5101	167.164
70.557	171.319
71.6039	289.101
72.6903	247.513
73.7395	266.92
74.7701	326.213
75.7944	590.625
76.7979	669.99
77.8377	204.812
78.8695	130.358
79.878	177.777
80.9993	179.839
82.0823	196.672
83.1466	284.21
84.2784	158.443
85.3613	238.077
86.3693	444.885
87.4255	360.606
88.5049	259.499
89.5995	225.228
90.6755	302.139
91.7549	207.599
92.8634	192.057
93.9638	234.181
95.1011	68.953
96.1925	133.455
97.2823	473.094
98.3303	267.175
100.3	90.964
101.407	313.924
102.826	118.476
103.926	213.818
105.011	309.963
106.082	271.895
107.091	444.003
108.123	391.076
109.235	151.079
110.346	90.81
111.444	163.205
112.523	166.079
113.603	249.119
114.656	510.541
115.801	136.943
116.901	244.585
117.908	678.45
118.92	509.594
119.935	408.275
121.043	333.875
122.095	266.159
123.154	338.752
124.205	341.008
125.27	378.947
126.346	270.883
127.359	165.844
128.38	372.967
129.389	188.888
130.459	94.205
131.55	174.518
132.651	224
133.693	365.451
134.789	276.164
135.856	335.895
137.248	64.367
138.267	1628.29
139.286	1276.23
140.329	1106.04
141.404	896.834
142.479	698.696
143.57	595.417
144.632	390.207
145.716	227.306
146.803	113.339
147.859	169.696
148.899	258.71
150.011	141.007
151.105	419.744
152.666	143.589
153.741	83.348
154.799	148.204
155.873	167.008
156.941	167.947
157.999	169.376
159.005	323.184
160.058	382.905
161.152	225.434
162.249	245.255
163.332	238.077
164.487	126.169
166.163	53.492
167.181	165.029
168.286	192.579
169.347	253.345
170.398	213.13
171.52	119.892
172.592	167.164
173.646	170.18
174.717	198.692
175.717	11.2
176.779	285.014
177.838	296.128
178.882	343.624
179.897	551.724
180.991	379.139
182.061	209.345
183.168	161.878
184.18	243.719
185.546	73.792
186.604	338.752
187.994	201.438
189.06	431.173
190.121	454.339
191.159	356.412
192.301	49.079
193.312	276.953
194.407	286.654
195.512	243.257
196.597	165.161
197.682	165.161
198.785	162.613
199.907	119.786
200.944	281.081
201.972	174.319
202.988	231.724
203.996	655.555
205.059	937.723
206.106	653.154
207.171	557.894
208.261	308.539
209.333	198.507
210.386	191.634
211.508	239.785
212.577	167.79
213.671	296.892
214.765	266.422
215.846	269.38
216.881	314.119
217.953	470.149
219.008	467.552
220.162	126.279
221.42	445.151
222.42	11.2
223.423	614.157
224.779	272.767
226.108	75.903
227.143	595.169
228.226	331.238
229.312	340.331
230.398	289.032
231.451	382.905
232.473	383.561
233.567	245.928
234.635	251.921
235.683	235.114
236.763	217.777
237.882	110.196
239.03	136.585
240.096	136.713
241.161	168.262
242.208	706.692
243.276	619.306
244.339	389.84
245.411	334.328
246.488	228.783
247.57	227.937
248.673	294.736
249.728	339.715
250.807	207.599
251.853	321.531
252.954	427.247
254.037	175.97
255.094	169.536
256.778	79.857
257.799	153.725
258.897	234.608
259.927	532.815
261.031	142.157
262.035	312.662
263.067	542.635
264.151	309.963
265.218	115.572
266.284	304.976
267.348	336.842
268.473	209.252
269.549	218.79
270.621	302.985
271.696	198.137
272.707	509.594
273.71	715.369
274.75	689.23
275.802	660.704
276.832	2176.87
277.852	4282.35
278.875	4701.37
279.928	4492.77
280.979	4486.39
281.979	4771.2
283.041	4492.65
284.042	4614.4
285.042	4614.4
286.043	4614.4
287.071	4390.66
288.105	4722.63
289.105	4972.8
290.106	3774.4
291.118	3999.21
292.178	4236.98
293.179	4390.4
294.224	3654.74
295.226	4072.73
296.282	3754.54
297.283	4278.4
298.283	4312
299.316	4254.26
300.358	4299.42
301.41	4326.55
302.462	4705.7
303.479	4993.7
304.523	5353.26
305.58	5451.52
306.58	5723.2
307.634	5381.96
308.635	5482.52
309.636	5409.6
310.656	5270.59
311.657	5952.45
312.658	5443.2
313.713	4894.03
314.753	4947.83
315.754	5090.91
316.756	4676.92
317.766	4324.75
318.798	4866.73
319.873	4671.88
320.875	4352.45
321.907	4731.78
322.931	4850.05
323.992	4902.64
325.054	4893.41
326.054	5107.2
327.059	4390.85
328.077	4801.57
329.139	4260.64
330.165	4108.49
331.226	4236.98
332.295	4194.76
333.295	4121.6
334.297	3994.41
335.348	3910.94
336.349	4760
337.363	4462.33
338.406	4477.85
339.467	4617.36
340.518	5440
341.518	6126.4
342.567	5957.67
343.569	6388.81
344.569	6350.4
345.605	5989.19
346.607	6836.36
347.617	5894.15
348.642	5944.19
349.643	6160
350.644	6153.85
351.645	5857.6
352.646	5683.92
353.647	5689.6
354.655	5688.89
355.657	5874.12
356.658	5728.67
357.717	5652.93
358.737	6500.39
359.738	6444.75
360.75	5915.73
361.751	6384
362.787	6140.54
363.788	6366.43
364.789	6294.4
365.789	6316.8
366.791	6131.47
367.792	5862.94
368.793	5868.8
369.794	5862.94
370.794	5958.4
371.796	5583.22
372.841	5739.46
373.875	6444.87
374.876	6489.51
375.918	6019.19
376.919	6372.8
377.919	6260.8
378.964	6232.95
379.965	6433.57
380.978	6733.27
381.98	6690.91
382.981	5728.67
384.003	6055.24
385.003	6395.2
386.024	6746.33
387.025	6563.2
388.025	5723.2
389.053	6068.48
390.055	6556.64
391.075	6676.08
392.076	6198.6
393.078	6019.58
394.108	6056.7
395.11	6813.99
396.13	6478.43
397.13	6171.2
398.131	6003.2
399.166	6059.9
400.166	7000
