1.52902 184.30849
3.11713 178.05689
4.59639 173.84832000000003
5.88099 172.03736000000004
7.47266 174.17012000000005
8.51375 172.82380000000003
10.1836 173.39712000000003
11.8563 171.63727000000003
13.763 171.52898000000002
15.1652 172.66740000000001
16.2513 174.46314
17.2981 175.93722
18.5943 174.46834
20.3586 173.47753
21.9938 175.97226999999998
23.5718 175.84392
25.2646 177.00808
26.6453 175.04672000000002
27.7525 181.27245000000002
28.7705 178.35992000000005
30.4304 180.57937000000004
31.476 179.34331
32.53 177.66221000000002
34.5523 174.30685000000003
36.0527 172.26838000000004
37.3139 172.29807000000005
38.3176 172.42018000000002
39.3715 171.95803999999998
40.4614 173.13118999999998
41.5467 171.79427999999996
42.5976 170.88244999999998
43.7726 168.54281999999998
45.5336 171.19592999999998
47.0233 176.01562
48.8981 179.94075999999998
50.0086 180.59084
51.221 182.80003000000002
52.6975 184.30412
54.0633 185.76765
56.0984 187.04529999999997
57.5022 188.77777999999998
58.8054 188.74942
60.0672 191.36616999999998
61.4197 193.70501000000002
62.4582 196.28233
63.4714 195.81818
64.5462 194.53005000000002
65.6209 194.1517
66.6502 192.99231000000003
67.7564 190.16526000000002
69.3724 188.69356000000002
71.0621 188.45439000000002
72.8182 189.17111000000003
73.9924 188.77115
75.3699 189.11504
76.4447 191.03479
77.5059 188.91326999999998
78.8832 190.70352000000003
79.9079 188.11199000000002
80.9341 185.59894000000003
82.1831 183.8439
84.3603 184.97957
86.0474 185.34222
87.1283 187.29278999999997
88.8047 188.65379000000001
90.3982 189.74264999999997
92.128 190.49653999999995
93.1294 190.88840000000002
94.6939 188.86699
96.24 186.84209
97.5962 189.93825999999999
99.2501 194.28352999999998
100.91 195.31713000000002
101.949 195.10879
103.27 196.95382999999998
104.675 197.63628999999997
106.003 199.30412
107.058 199.24752999999998
108.082 198.96369
109.487 197.08765000000002
110.536 195.37401000000003
111.561 192.07616000000004
112.604 192.77441000000005
113.663 191.84417000000002
115.185 192.11077
116.236 192.27549
117.636 195.34645
118.691 196.05773
120.596 196.81333999999998
121.657 196.35666
122.68 198.66239
123.78 185.38248
125.005 186.44139
126.194 187.57569000000004
127.454 187.40742000000006
128.715 188.35273
130.911 189.6985
132.669 188.78707
134.076 190.94712
136.125 193.32376000000002
137.58 194.04340000000002
139.359 193.52744000000004
140.514 195.98294
141.606 200.95161000000002
142.639 198.71727
143.667 201.44005
145.113 200.02754000000002
146.517 200.98273000000003
148.544 203.64660000000003
149.581 201.65811000000002
150.881 201.02306
151.889 197.78866
153.266 195.11298000000002
155.135 197.03782
156.94 193.5251
157.98 194.54189
159.636 193.36260999999996
160.685 194.48046
161.691 191.17954999999998
162.812 188.91736
163.873 188.38106000000002
165.669 188.49905000000004
167.123 187.60629000000003
168.364 187.31829000000002
169.391 186.23291
170.453 184.03180999999998
171.564 185.1145
173.178 184.89132999999998
174.267 184.71768999999998
175.737 187.03114000000002
177.95 186.58662
179.132 188.16333
180.146 190.10639
181.205 186.57667999999998
182.345 188.87348
183.352 187.56912
184.358 186.7047
185.695 188.22997
187.9 187.02040000000002
189.694 187.38472000000002
190.756 186.86153000000002
191.792 188.85296000000002
193.499 188.11517
195.125 188.23711
196.896 186.63397
198.588 184.87867
200.228 182.85
202.394 181.23149999999998
203.755 181.50614000000002
205.1 186.30233
206.466 186.82426
208.497 191.49585000000002
210.336 191.79697000000002
211.758 191.53421000000003
212.845 191.38139000000004
214.021 191.35504000000006
215.031 194.55777000000006
216.104 195.31416000000002
217.124 197.81798
218.236 202.42090000000002
219.295 202.98553
220.319 200.33758
221.634 199.91656
222.675 201.84443000000002
223.695 202.98040000000003
224.766 203.29254000000003
225.82 206.97662000000003
227.13 208.99815
228.811 213.42695
229.865 226.71229
231.134 248.99433999999997
232.347 295.58529
236.608 371.80263
238.517 452.91325
240.098 530.51312
241.232 612.6771799999999
242.458 695.43105
243.898 779.0656399999999
247.522 864.52787
249.206 952.8031599999999
250.875 1042.20364
251.875 1130.12391
253.905 1215.6919099999998
255.609 1301.5031199999999
256.818 1381.76484
257.819 1450.30378
259.581 1509.89416
260.586 1571.0068800000001
262.142 1629.9615000000001
263.21 1693.30571
264.281 1750.9679600000002
265.657 1818.0852700000003
266.77 1885.2750900000003
268.249 1953.3062900000002
269.252 2022.8098800000002
270.345 2092.9259100000004
271.406 2163.5073300000004
272.528 2236.88021
273.63 2305.46491
275.56 2374.78065
276.973 2446.89251
278.029 2520.24388
279.161 2585.66918
280.821 2644.95805
282.699 2709.1368099999995
284.434 2764.4019900000003
285.852 2823.01382
