1.67201 3811.0712100000005
3.05155 3823.5827600000002
4.37503 3807.76076
5.40132 3814.00156
7.42148 3801.4283600000003
8.84689 3792.7383600000003
9.84766 3793.77376
10.9045 3788.73376
12.0873 3741.2152600000004
13.8061 3757.86286
15.3944 3754.93516
16.9403 3744.23286
17.9437 3759.3076599999995
19.064 3736.41626
20.5996 3752.8042600000003
21.9973 3771.2908600000005
23.8459 3787.2815600000004
24.8481 3779.25446
25.9318 3755.48406
26.9931 3755.13196
28.0153 3803.7492600000005
29.0179 3804.9586600000007
30.1477 3756.1222600000006
31.8639 3758.09916
33.1818 3742.83806
34.7954 3744.44006
36.0911 3751.99366
37.3967 3756.6284000000005
38.399 3760.8321000000005
39.5064 3759.8530000000005
40.5323 3756.1369
41.585 3746.5037
42.586 3753.4882000000002
43.7531 3735.5320000000006
45.0925 3724.1664000000005
46.1586 3767.0402000000004
47.3443 3778.6987
48.7388 3775.0317999999997
50.7848 3783.7966
51.8189 3782.3667000000005
52.8195 3754.8698000000004
54.3518 3744.926100000001
56.1631 3721.32394
57.1649 3690.91123
58.5316 3675.72703
60.1452 3659.2883099999995
61.6175 3694.39201
62.6175 3701.2614100000005
63.6586 3673.2945100000006
64.6601 3663.2413100000003
66.127 3640.48471
67.2155 3653.48231
69.2201 3649.0058099999997
70.8982 3627.0252499999997
71.8996 3618.5965499999998
72.9752 3580.16315
74.0548 3528.62145
76.0997 3521.1388500000003
77.3896 3502.7272500000004
78.39 3507.2532499999998
79.3913 3478.91335
81.0447 3448.7923499999997
82.054 3437.9504500000003
83.1576 3411.4904500000002
84.1582 3388.3521500000006
86.0043 3355.0457500000007
87.0341 3377.6252500000005
88.9351 3368.9139499999997
90.2921 3368.8041499999995
92.1094 3346.2774499999996
93.1095 3333.43475
94.951 3357.85075
95.9512 3356.91195
97.6614 3325.3507499999996
99.5974 3311.6214499999996
100.965 3316.5108499999997
101.965 3337.1215499999994
103.293 3343.7295499999996
104.367 3343.7972499999996
105.368 3372.66335
106.369 3382.2885500000007
108.393 3376.54415
110.176 3362.9464500000004
111.177 3347.41265
112.177 3310.19945
113.946 3267.9608500000004
114.947 3245.51425
116.11 3221.311150000001
117.18 3224.84565
118.796 3191.7620500000003
120.426 3204.92795
122.27 3190.42645
123.526 3174.45025
124.556 3192.8317500000003
126.072 3219.4598500000006
127.465 3225.6260500000003
129.376 3228.1595500000003
131.193 3269.75425
132.854 3316.5030500000003
134.188 3360.24345
135.19 3398.6146500000004
136.191 3447.430250000001
137.69 3485.7657500000005
139.381 3484.0813500000004
141.067 3484.9127500000004
143.063 3525.06155
144.063 3530.38515
145.064 3504.27615
146.064 3534.5639500000007
147.065 3555.8448500000004
148.261 3544.5395500000004
149.264 3546.4625500000006
150.268 3543.68825
151.268 3543.99285
152.285 3532.8122500000004
153.837 3519.1682500000006
155.277 3514.02325
156.279 3530.0529500000002
157.28 3535.6037500000007
158.289 3558.1157500000004
159.29 3525.06665
160.512 3462.07978
161.849 3512.6271800000004
163.655 3527.56368
165.545 3539.2388800000003
167.12 3548.2165800000002
168.993 3550.1746800000005
170.598 3597.635080000001
172.18 3597.736480000001
174.008 3626.8959800000007
175.653 3632.8182800000004
176.654 3641.0525800000005
178.438 3613.517080000001
179.702 3615.24728
180.703 3628.2055800000003
181.704 3594.63968
182.785 3563.4824799999997
184.748 3568.97248
186.449 3565.12768
187.797 3575.00648
189.523 3590.05648
190.826 3583.39998
192.276 3603.7633400000004
193.837 3602.9454100000007
195.574 3616.2259100000006
196.577 3631.9398300000007
197.67 3613.0455300000003
198.849 3621.8117300000004
200.249 3633.1406300000003
202.262 3628.2293300000006
203.263 3660.1117300000005
205.192 3661.5938300000003
206.488 3650.04983
208.546 3670.64199
210.061 3684.57729
211.641 3705.0274900000004
212.643 3748.97669
213.645 3788.0399900000007
215.603 3821.6734900000006
216.684 3862.1572899999996
