1.06199	3032.17
2.06409	1766.07
3.06627	2783.23
4.0665	2587.2
5.06801	2260.14
6.07302	1983.68
7.08151	1977.78
8.08635	1862.95
9.09036	1617.53
10.0919	1443.36
11.0921	1041.6
12.0961	1909.47
13.0965	2184
14.0999	2277.97
15.1034	2590.63
16.1039	2609.6
17.1049	2897.9
18.1075	3330.94
19.1078	3808
20.5208	2704.81
21.5227	3737.06
22.5255	2962.07
23.5261	3214.4
24.5282	2995.61
25.5297	2853.15
26.5321	2380.84
27.5346	2313.77
28.5356	2864.33
29.5464	2716.83
30.5484	2392.01
31.5518	1775.47
32.5545	2671.46
33.5552	3012.8
34.5572	3546.85
35.5596	4012.77
36.5611	4374.83
37.5614	4491.2
38.5636	4526.95
39.5651	4889.51
40.5658	5017.6
41.855	1798.6
42.8561	3412.59
43.8583	4079.84
44.8608	4180.44
45.8627	4083.92
46.8634	3416
47.8641	2900.8
48.8659	2741.26
49.866	2486.4
50.8752	2186.72
51.8781	2134.93
52.8805	1486.63
53.8837	2311.47
54.8859	2593.21
55.8891	2724.63
56.8915	2827.94
57.8939	2895.01
58.8942	3057.6
59.8962	3275.05
60.899	3610.38
61.8995	3673.6
62.8998	3516.8
63.9017	3815.38
64.9034	3882.52
65.9049	4016.78
66.9061	4016.78
67.9074	3770.63
68.9149	3014.1
69.9246	2730.62
70.9365	2481.5
71.9369	2195.2
72.9411	1439.04
73.9446	2389.63
74.9496	2529.75
75.9524	2939.72
76.9537	3311.89
77.9539	3886.4
78.9549	4072.73
79.9553	4054.4
80.9565	4676.92
81.9573	5297.6
83.0011	869.798
84.0022	4598.6
85.0032	4262.94
86.0049	4262.94
87.0053	4177.6
88.0071	3826.57
89.0091	3051.5
90.0112	2716.17
91.0123	2372.03
92.0153	2224.35
93.1694	1766.38
94.1738	1762.55
95.1755	2349.65
96.1792	2445.46
97.1834	2543.43
98.187	2679.96
99.19	2925.62
100.193	3062.67
101.195	3129.74
102.198	3364.47
103.201	3465.07
104.201	2475.2
105.203	3390.21
106.205	3375.65
107.205	3483.2
108.208	3498.6
109.213	3112.35
110.216	2604.39
111.218	2470.26
112.222	2063.75
113.225	1911.38
114.23	1170.15
115.235	1994.82
116.239	2186.45
117.242	2269.06
118.245	2501.3
119.247	2805.59
120.248	2956.8
121.249	3076.92
122.249	3371.2
123.252	3621.56
124.253	3875.2
125.253	2643.2
126.254	3423.78
127.257	3465.07
128.259	3655.09
129.261	3714.69
130.261	3315.2
131.262	2800
132.264	2470.26
133.267	2235.53
134.269	1978.44
135.273	1250.65
136.277	2009.97
137.283	2170.97
138.287	2509.96
139.292	2666.14
140.294	2909.09
141.297	2992.62
142.299	3367.83
143.299	3494.4
144.302	3483.95
145.407	3182.62
146.411	3171.29
147.412	3472
148.413	3457.34
149.415	3222.38
150.416	2788.8
151.419	2269.06
152.431	1905.44
153.433	1877.84
154.437	1552.14
155.451	1446.94
156.456	870.119
157.459	1585.64
158.459	1926.4
159.463	2300.3
160.465	2517.48
161.466	3020.98
162.469	3509.78
163.47	3972.03
164.471	4345.6
165.472	4748.8
166.473	3248
167.473	4480
168.473	3964.8
169.474	3882.52
170.475	3617.6
171.481	3161.83
172.484	2526.15
173.486	2447.9
174.488	2067.86
175.496	2000
176.628	1485.41
177.632	1584.06
178.637	2041.43
179.641	2344.97
180.645	2353.78
181.648	2523.63
182.65	2783.23
183.652	3155.24
184.653	3401.4
185.655	3569.23
186.657	3837.76
187.659	2696.5
188.66	3200
189.66	3057.6
190.663	3062.67
191.663	2900.8
192.667	2635.29
193.67	2023.15
194.674	1996.81
195.676	1711.89
196.679	1630.31
197.702	953.424
198.707	1816.52
199.709	1991.61
200.713	2210.97
201.715	2425.55
202.717	2514.97
203.72	2570.86
204.72	2744
205.725	2900.4
206.727	2931.47
207.905	2643.12
208.907	2372.03
209.91	2389.63
210.916	2451.74
211.919	2414.37
212.921	2271.33
213.934	2001.18
214.938	1775.47
215.943	1617.53
216.949	1426.47
217.956	1258.05
218.96	825.498
219.962	1331.47
220.962	1512
221.963	1767.83
222.964	1971.2
223.967	2213.17
224.97	2289.13
225.972	2405.59
226.975	2568.29
227.979	2936.79
228.979	2016
229.981	2760.88
230.987	2618.91
231.988	2551.05
232.991	2481.44
233.992	2237.76
235.017	1846.63
236.024	1757.3
237.036	1550.94
238.042	1849.95
239.145	1462.19
240.148	1508.98
241.151	1989.62
242.151	2217.6
243.154	2358.48
244.158	2601.79
245.16	2808.39
246.161	2841.96
247.163	3088.11
248.165	3196.81
249.167	3353.29
250.17	2257.88
251.172	3166.43
252.175	3107.39
253.175	3136
254.177	3118.56
255.179	2662.94
256.181	2280.24
257.183	2213.17
258.186	1777.24
259.188	1665.47
260.198	987.908
261.204	1783.08
262.209	1961.39
263.213	2141.83
264.217	2367.3
265.22	2523.63
266.224	2769.29
267.224	2856
268.226	3076.92
269.227	3472
270.368	3170.55
271.368	2766.4
272.37	3196.81
273.373	3263.87
274.373	3449.6
275.381	3425.62
276.383	2950.9
277.386	2324.95
278.397	2271.02
279.399	2114.69
280.401	1911.38
281.402	1286.71
282.406	2121.64
283.407	2363.2
284.411	2679.96
285.412	2864.33
286.414	3062.67
287.417	3431.54
288.418	3580.42
289.419	3774.4
290.482	2341.24
291.482	3102.4
292.482	3035.2
293.485	3163.27
294.485	3113.6
295.486	3177.62
296.488	2953.85
297.489	2531.2
298.492	2411.96
299.494	2204.2
300.496	2002.8
301.501	1472.51
302.504	2289.13
303.508	2322.63
304.51	2425.55
305.512	2595.8
306.513	2844.8
307.516	3140.92
308.516	3281.6
309.519	3543.31
310.522	3699.8
311.522	2419.2
312.525	3599.2
313.526	3516.8
314.527	3595.2
315.527	3628.8
316.528	3225.6
317.529	2573.43
318.531	2369.66
319.542	2104.85
320.547	1952.19
321.549	1476.92
322.552	1520.16
323.554	1978.44
324.557	2235.53
325.559	2470.26
326.561	2704.99
327.563	2909.09
328.565	3200
329.568	3554.49
330.569	3804.2
331.57	3826.57
332.571	2867.2
333.572	3457.34
334.575	3386.83
335.579	3439.28
336.583	3193.62
337.584	2942.66
338.586	2436.73
339.598	2248.86
340.6	1980.42
341.603	1786.64
342.65	1101.81
343.65	1915.2
344.652	2045.51
345.655	2199.8
346.658	2593.21
347.66	3054.54
348.662	3532.14
349.663	3927.27
350.666	4448.7
351.666	5140.8
352.666	6182.4
353.668	6064.33
354.67	5818.18
355.671	5840.56
356.672	5622.4
357.672	5644.8
358.673	5465.6
359.673	5297.6
360.674	5331.2
361.779	4595.65
362.78	4155.2
363.782	4934.27
364.783	4777.62
365.785	4448.7
366.788	3655.09
367.79	3096.21
368.792	2897.9
369.793	2472.73
370.797	2199.8
371.802	2206.57
372.807	1461.35
373.808	2472.73
374.811	2693.81
375.811	3102.4
376.815	3863.61
377.815	3987.2
378.817	4035.13
379.818	4289.6
380.819	4648
381.82	4811.19
382.873	3201.52
383.874	4614.4
384.875	4206.99
385.876	4065.6
386.88	3852.44
387.88	3528
388.885	2710.76
389.892	2546.97
390.895	2257.88
391.895	2072
393.022	1818.63
394.025	1777.24
395.028	2548.5
396.028	2945.6
397.028	3214.4
398.029	3438.4
399.03	3752
400.032	4146.91
