1.06548	4602.59
2.07277	2635.95
3.1057	2463.56
4.16653	2673.21
5.16689	3012.8
6.1684	2886.71
7.2083	3104.52
8.24006	3248.11
9.2439	3696.11
10.2524	3066.67
11.29	3456.12
12.2915	3177.62
13.307	3067.59
14.3294	2553.42
15.3298	2688
16.3487	2255.4
17.3491	1758.4
18.51	849.655
19.858	240.949
20.9296	230.065
22.0288	601.273
23.099	680.373
24.168	765.543
25.2393	878.431
26.3152	875.162
27.4075	943.589
28.4111	3070.79
29.4312	2250.98
30.513	2393.34
31.5343	3247.01
32.6079	2045.85
33.6095	2002.8
34.6505	1463.21
35.6567	1246.92
36.7455	648.529
37.8307	578.064
38.9823	428.149
40.3385	330.383
41.399	200.754
42.4944	664.84
43.5261	304.17
44.5381	343.422
45.542	591.824
46.6505	1000.72
47.7532	1941.2
48.8245	1945.1
49.9063	2372.62
50.9729	2532.08
52.0128	3018.29
53.0167	3171.29
54.088	1892.81
55.1163	1645.14
56.1166	1310.4
57.1914	907.262
58.2406	875.5
59.2933	1107.22
60.3949	864.668
61.5173	608.912
62.5196	648.303
63.5467	610.71
64.6134	588.367
65.623	643.805
66.6246	827.972
67.6784	1180.63
68.7079	1991.84
69.7129	2273.43
70.7155	2336.13
71.7159	2822.4
72.7162	3225.6
73.7527	2875.68
74.7542	2965.03
75.7708	2061.42
76.7746	2132.8
77.7762	1454.55
78.8568	1244.44
79.8595	1274.25
80.8715	897.329
81.9288	476.821
82.9294	1164.8
83.9766	1026.93
85.0002	766.373
86.0099	888.007
87.0102	1164.8
88.0606	1706.67
89.1238	2686.74
90.1927	2873.41
91.1931	3516.8
92.1969	3260.62
93.2205	3766.18
94.2244	4488.93
95.2387	2893.89
96.2774	3161.46
97.2836	3017.1
98.2875	2735.79
99.2913	1942.97
100.36	1279.4
101.443	1076.52
102.448	669.322
103.596	302.439
104.63	932.429
105.633	648.303
106.71	644.753
107.714	904.486
108.769	1273.93
109.841	2100
110.844	2481.44
111.845	2506.29
112.846	3113.6
113.847	2707.69
114.89	3608.05
115.893	3085.03
116.916	2630.14
117.919	2668.79
118.922	2280.24
119.964	1881
120.973	1677.78
122.023	1226.67
123.058	898.164
124.152	450.869
125.164	730.434
126.219	679.431
127.226	778.55
128.231	824.676
129.242	986.93
130.263	1283.45
131.32	2078.79
132.394	2148.23
133.449	2579.72
134.523	2755.64
135.539	3398.62
136.54	2897.9
137.543	2168.46
138.627	2211.07
139.696	2023.97
140.699	1520.16
141.792	1219.4
142.795	1207.19
143.859	884.21
144.959	712.727
146.039	1245.6
147.048	932.408
148.06	941.641
149.099	1165.32
150.104	1716.22
151.203	2028.03
152.208	1561.75
153.244	1406.76
154.348	1584.04
155.492	1527.27
156.494	2069.93
157.497	1429.31
158.586	1482.35
159.589	1531.34
160.681	1117.95
161.768	1165.38
162.884	933.333
163.979	829.25
165.082	660.617
166.176	604.021
167.21	1409.49
168.26	1045.33
169.285	1071.88
170.296	1197.62
171.401	1631.85
172.507	2349.37
173.559	2384.79
174.563	2892.12
175.601	2116.88
176.642	2635.93
177.719	3057.38
178.721	2506.29
179.818	2360.58
180.854	2324.32
181.857	2101.4
182.86	2166.3
183.911	1429.33
184.918	1390.27
185.921	1017.16
187.003	922.109
188.024	1952.59
189.093	1468.16
190.135	1504.8
191.162	1570.4
192.231	1887.64
193.261	2470.75
194.341	2571.85
195.416	2930.35
196.419	2917.36
197.431	2459.35
198.533	3130.31
199.617	2727.68
200.618	2396.8
201.639	2128.11
202.715	1927.44
203.792	2121.45
204.795	2257.88
205.849	1712.44
206.855	2081.91
207.867	1606.33
208.868	3203.2
209.871	2423.13
210.907	2402.32
211.953	2601.91
212.957	2869.79
213.959	3043.36
215.007	2842.75
216.008	3468.53
217.06	3143.67
218.06	3763.2
219.12	3807.36
220.12	3550.4
221.154	3173.69
222.157	3241.52
223.157	2889.6
224.257	2119.75
225.257	2508.8
226.316	2244.23
227.35	2079.69
228.409	1850.8
229.413	3070.79
230.45	2181.68
231.488	2268.08
232.546	2339.51
233.549	2637.92
234.601	2930.54
235.66	2696.88
236.662	3345.45
237.663	2808.39
238.664	2889.6
239.723	3490.08
240.725	2886.71
241.725	2329.6
242.794	2380.52
243.798	2624.13
244.801	2324.95
245.805	2311.47
246.841	1881.08
247.847	1603.18
248.851	1038.48
249.852	1006.99
250.896	1030.87
251.908	952.72
252.912	1004.98
253.923	1075.64
254.929	1469.58
255.979	1877.33
257.053	1972.79
258.139	2485.45
259.14	2900.8
260.173	2886.82
261.174	2987.41
262.253	2368.83
263.258	2373.73
264.258	2060.8
265.358	1476.36
266.455	1308.03
267.457	1130.07
268.559	731.76
269.69	664.07
270.708	847.984
271.718	864.95
272.725	868.389
273.785	760.754
274.8	949.901
275.801	1499.3
276.803	1879.72
277.867	2463.16
278.869	2942.66
279.906	2613.69
280.916	3196.83
281.917	3423.78
282.92	2693.81
283.925	2418.31
284.938	2056.47
285.94	2036.36
286.952	1683.88
288.045	1434.58
289.115	1182.8
290.118	849.5
291.122	1138.98
292.198	708.465
293.204	823.856
294.205	1029.37
295.267	1371
296.303	2196.71
297.304	2931.47
298.306	2976.22
299.308	3498.6
300.312	3472.78
301.314	4542.66
302.316	3632.73
303.317	2979.2
304.366	2701.24
305.385	2761.49
306.391	2349.1
307.447	2015.15
308.456	1477.78
309.472	1355.91
310.481	1088.89
311.516	844.057
312.591	844.692
313.608	771.653
314.613	813.532
315.623	975.841
316.628	1526.77
317.671	2117.47
318.671	3763.2
319.672	3602.8
320.681	4255.56
321.705	4784.36
322.707	5119.36
323.708	3953.6
324.724	3582.68
325.778	3180.25
326.782	2836.29
327.788	2582.9
328.807	2101.38
329.813	1914.91
330.845	1477.4
331.852	1101.09
332.899	1606.12
333.954	1348.25
334.965	1397.23
335.973	1455.56
337.035	1697.93
338.052	2182.68
339.143	2515.12
340.229	2743.28
341.232	3062.67
342.321	2964.71
343.322	3826.57
344.352	2612.24
345.353	3009.79
346.399	2497.22
347.405	2438.17
348.488	1863.22
349.494	1647.71
350.506	1107.81
351.518	775.469
352.605	855.985
353.642	118.804
354.793	340.869
355.928	236.828
357.075	342.059
358.075	380.8
359.156	352.592
360.179	700.684
361.24	507.169
362.247	1046.52
363.248	805.594
364.251	804.79
365.254	849.5
366.254	1243.2
367.254	1534.4
368.336	1750.97
369.441	2057.56
370.54	2211.46
371.598	2288.74
372.629	2824.44
373.632	2570.86
374.709	1643.08
375.81	1710.55
376.816	1347.12
377.816	1075.2
378.816	1243.2
379.856	1099.52
380.95	1168.16
381.95	873.6
382.988	1296.05
383.993	1281.59
385.005	1240.75
386.011	1324.85
387.017	1391.65
388.024	1857.4
389.086	2088.14
390.135	2477.02
391.137	2853.15
392.172	2845.99
393.174	3423.78
394.174	3192
395.174	2934.4
396.178	2869.79
397.182	2255.63
398.185	2358.48
399.19	1762.55
400.194	1418.15
