1.80468	2120.36
2.80579	2237.76
3.8073	2606.99
4.80882	2372.03
5.81499	2148.71
6.8165	2058.74
7.82034	2076.97
8.82651	1937.18
9.83035	1753.14
10.8319	1890.91
11.8357	2043.47
12.8407	1259.3
13.8446	2523.63
14.8461	2551.05
15.8464	2912
16.8468	3315.2
17.8483	3748.25
18.8486	4200
19.8571	4522.22
20.8612	5834.26
21.8627	4934.27
22.8631	4692.8
23.8646	3927.27
24.8672	3576.85
25.8676	3046.4
26.8714	2635.29
27.8749	2724.63
28.8766	2830.77
29.9432	2363.98
30.9436	1713.6
31.944	2531.2
32.9455	2763.64
33.9481	3085.03
34.9485	3169.6
35.9814	3386.05
36.9818	3763.2
37.9891	3948.36
38.9906	4285.31
39.9921	4274.12
41.0681	3563.16
42.0682	4625.6
43.0704	4906.99
44.0707	4838.4
45.0734	4694.61
46.0737	4345.6
47.0857	3589.32
48.0896	3070.79
49.0922	2995.61
50.0961	2534.79
51.0964	2385.6
52.0968	1512
53.0995	2582.03
54.101	2774.82
55.1037	2995.61
56.1994	2659.36
57.2021	4381.64
58.2036	4341.26
59.2039	4412.8
60.2043	4558.4
61.2046	4961.6
62.2101	4312.83
63.2108	4715.2
64.2123	4475.52
65.2126	4267.2
66.2153	4113.37
67.2168	3837.76
68.2172	3203.2
69.2827	2702.72
70.2865	2557.13
71.2904	2300.3
72.2942	2054.64
73.476	1536.32
74.4799	2255.63
75.4814	2562.24
76.484	2917.36
77.4856	3020.98
78.4882	3308.58
79.4909	3409.18
80.625	3071.6
82.6542	3284.38
83.6558	2953.85
84.6561	3841.6
85.6565	3740.8
86.6603	3640.28
87.663	3364.47
88.6633	2923.2
89.6672	2411.96
90.6675	2240
91.669	2114.69
92.6729	1775.47
93.679	1213.52
94.6794	1848
95.6797	2240
96.6859	2482.7
97.6886	3006.79
98.6889	3315.2
99.6893	3796.8
100.691	4251.75
101.692	4464.33
102.785	4030.77
103.796	5239.96
104.798	4620.98
105.798	4816
106.798	4715.2
107.8	4386.01
108.801	3916.08
109.809	3091.96
110.81	2841.96
111.82	2419.82
112.824	2210.97
113.829	2095.12
114.83	1443.36
115.836	2337.97
116.84	2646.46
117.843	2570.86
118.844	3793.01
119.848	3629.11
120.85	3949.65
121.85	4278.4
122.85	4502.4
123.851	4748.8
124.852	3692.31
125.857	4814.33
126.858	4659.2
127.858	4457.6
128.86	4251.75
129.865	3922.79
130.866	3300.7
131.869	2716.17
132.873	2657.63
133.914	2227.09
135.019	1925.79
136.02	1622.38
137.021	2340.8
138.021	2542.4
139.021	2710.4
140.024	3062.67
141.027	3241.52
142.027	3516.8
143.027	3729.6
144.028	4121.6
145.033	4357.41
146.036	3129.74
147.036	3976
148.036	3942.4
149.037	3752
150.037	3360
151.232	2832.83
152.237	2295.72
153.239	2302.59
154.24	2038.4
155.242	1933.73
156.251	1088.89
157.252	1924.47
158.256	1987.64
159.259	2123.75
160.427	2341.73
161.427	2620.8
162.427	2912
163.43	3017.96
164.432	3088.11
165.432	3035.2
166.439	2747.17
167.445	2451.74
168.447	2861.48
169.45	2950.9
170.455	2908.66
171.455	2654.4
172.457	2103.5
173.458	2125.87
174.465	1959.44
175.465	1904
176.467	1622.38
177.473	1146.72
178.567	1627.79
179.57	2459.08
180.574	2601.79
181.578	2836.29
182.579	2976.22
183.581	3267.13
184.582	3681.12
185.584	3737.06
186.584	3808
187.584	2800
188.585	3606.4
189.585	3561.6
190.587	3524.48
191.589	3431.54
192.591	3009.79
193.593	2514.97
194.595	2316.08
195.599	2088.14
196.604	1939.1
197.619	1787.59
198.62	1500.8
199.62	2329.6
200.624	2534.79
201.703	2812.97
202.705	3300.7
203.705	3416
204.705	3628.8
205.707	3882.52
206.709	3871.33
207.709	4211.2
208.712	2973.25
209.713	3737.06
210.715	3502.1
211.716	3379.02
212.719	3085.03
213.733	2617.75
214.735	2405.59
215.735	2139.2
216.74	1961.39
217.742	1756.64
218.742	1086.4
219.745	1732.53
220.745	1993.6
221.903	1703.72
222.904	2584.61
223.907	2447.9
224.907	2788.8
225.907	3080
226.908	3292.8
227.909	3479.72
228.946	3196.91
229.95	3115.45
230.952	3446.15
231.952	3348.8
232.955	3107.39
233.959	2713.46
234.96	2360.84
235.962	2517.48
237.078	2248.03
238.083	2295.72
239.088	2039.4
240.095	1391.65
241.098	2210.97
242.099	2452.8
243.1	2786.01
244.101	3225.6
245.102	3379.02
246.104	3837.76
247.106	4236.33
248.108	4598.6
249.108	5062.4
250.111	3830.11
251.112	4984
252.112	4894.4
253.113	4844.75
254.116	4359.28
255.116	3752
256.119	2917.36
257.12	2844.8
258.122	2514.97
259.147	2154.69
260.175	1677.82
261.177	1902.1
262.178	2450.35
263.218	2285.27
264.22	3390.21
265.225	3153.83
266.226	3423.78
267.228	3725.87
268.314	3568.32
269.332	4878.66
270.335	4616.37
271.335	3080
272.335	4345.6
273.335	4222.4
274.338	4102.19
275.34	3703.5
276.341	3121.68
277.345	2668.79
278.348	2380.84
279.351	1987.64
280.352	1870.4
281.357	1225.87
282.363	1970.58
283.366	2246.71
284.367	2439.16
285.368	2576
286.369	2953.85
287.369	3147.2
288.371	3367.83
289.371	3662.4
290.373	4520.28
291.395	4778.08
292.397	4934.27
293.397	4435.2
294.401	4220.94
295.401	3718.4
296.404	3252.69
297.414	2830.52
298.414	2665.6
299.416	2472.73
300.417	2237.76
301.42	1430.74
302.42	2273.6
303.422	2539.86
304.425	2758.12
305.426	3035.2
306.43	3260.62
307.472	3332.05
308.472	3740.8
309.628	3051.9
310.666	4222.95
311.668	4262.94
312.669	4296.5
313.671	4240.56
314.673	4124.55
315.676	3766.87
316.676	3259.2
317.678	2707.69
318.682	2143.97
319.688	2282.31
320.689	2103.5
321.69	1736
322.691	1476.92
323.693	2092.31
324.791	1805.46
325.791	2486.4
326.794	2481.44
327.971	2226.68
328.975	3349.95
329.976	3110.49
330.978	3300.7
332.001	3382.99
333.004	2637.92
334.01	3239.76
335.011	3166.43
336.015	3104.29
337.016	3080
338.033	2665.09
339.037	2188.63
340.04	2291.42
341.043	1889.02
342.051	1766.67
343.056	1103.28
344.06	1954.14
345.062	2125.87
346.196	2014.81
347.298	2835.57
348.302	2802.79
349.303	3057.6
350.303	3248
351.522	2260.21
352.523	2920.28
353.525	3289.51
354.526	3367.83
355.527	3315.2
356.527	3315.2
357.53	3297.41
358.53	3382.4
359.532	3367.83
360.532	3382.4
361.532	3382.4
362.534	2539.86
363.536	3233.57
364.54	3327.62
365.54	3147.2
366.54	2844.8
367.624	1797.79
368.627	2716.17
369.627	2128
370.653	1813.85
371.655	1756.64
372.655	1153.6
373.779	1545.86
374.782	2146.11
375.794	2127
376.867	2024.98
377.871	2802.79
378.871	2531.2
379.912	2302.4
380.914	3155.24
381.947	3093.02
382.951	2478.96
383.951	2800
384.955	2947.96
385.956	2965.03
386.957	2889.6
387.96	2601.79
388.988	2039.34
389.991	2110.47
390.992	1747.2
391.998	1603.18
393.04	1343.57
394.043	1196.01
395.155	1530.94
396.155	2184
397.158	2213.17
398.326	2428.11
399.388	2267.42
400.41	2958.9
