1.74421 1764.4929599999998
2.76624 1754.63129
3.76659 1720.7467900000001
4.76811 1709.58909
5.79638 1700.2396899999999
6.83511 1697.89989
7.86222 1692.58999
8.93469 1692.1028900000001
9.95598 1691.1544900000001
10.9587 1686.20929
11.959 1680.53009
12.9594 1677.61809
13.9632 1667.62439
14.9647 1664.56559
15.9662 1654.87679
16.9712 1646.27619
18.4799 1635.72689
19.628 1629.8693500000002
20.6588 1633.4042100000001
21.8104 1639.5067099999999
22.9073 1642.0396999999998
23.9646 1643.3736299999996
25.0266 1645.0211999999997
26.1037 1647.1676099999997
27.2123 1654.8633399999999
28.2147 1666.5048
29.2151 1663.2768999999998
30.2166 1668.5409
31.3042 1670.2192
32.3045 1673.8193
33.3561 1671.5917000000002
34.4867 1680.2093
35.5685 1684.5865
36.7491 1690.9246999999996
37.8007 1694.9009999999998
38.9522 1701.4245899999999
40.1085 1709.5325
41.1239 1713.44177
42.1768 1722.8646700000002
43.2134 1726.72884
44.2242 1732.8344299999999
45.2258 1739.5176
46.2913 1748.2701699999998
47.3265 1759.5403099999996
48.3269 1762.9870099999998
49.3284 1755.13581
50.4276 1751.1809099999998
51.4361 1742.4913099999999
52.4574 1735.7606099999998
53.524 1719.35971
54.5686 1709.75711
55.6783 1704.7280100000003
56.7763 1703.0222100000003
57.8849 1703.5450100000003
58.9155 1703.1649100000004
60.0042 1700.9312000000002
61.0069 1698.8911900000003
62.041 1697.22282
63.0747 1706.34808
64.1262 1708.88657
65.151 1713.53116
66.1525 1719.0381599999998
67.1761 1728.90099
68.1765 1738.4807000000003
69.2687 1746.4570000000003
70.3028 1758.1587000000002
71.3043 1754.9536999999998
72.3151 1753.0014999999996
73.3841 1758.2171999999998
74.4496 1750.3213999999998
75.4511 1745.1761999999999
76.4666 1742.5255
77.4704 1744.7367
78.472 1747.3544
79.4781 1748.7174999999997
80.5436 1751.5955999999996
81.9022 1752.5012499999998
82.9028 1756.2177099999997
83.9466 1763.9863099999998
84.9702 1768.5739099999998
85.9787 1776.0161799999998
86.979 1783.2106299999998
88.0305 1792.05863
89.0937 1800.1484300000002
90.1615 1799.4093300000002
91.163 1798.3848300000002
92.1657 1794.63133
93.1893 1786.16953
94.1897 1779.68093
95.2087 1762.04573
96.2462 1756.43433
97.2524 1747.49423
98.3726 1735.1190300000005
99.388 1728.5126300000004
100.504 1731.7837300000003
101.504 1736.8152300000002
102.819 1742.87343
103.822 1764.4144800000001
104.878 1784.7578000000003
105.885 1800.7237400000001
106.953 1820.3688999999997
107.953 1839.15457
108.958 1858.08257
110.111 1872.6002700000001
111.111 1883.1721700000003
112.177 1891.2361700000004
113.177 1897.1093700000001
114.215 1903.67957
115.248 1909.6816700000002
116.435 1913.3033700000003
117.436 1914.8238700000002
118.485 1920.0629700000002
119.49 1926.5661700000005
120.515 1923.4560700000004
121.515 1931.26807
122.56 1935.52407
123.59 1948.50057
124.624 1966.6784100000002
125.731 1988.32378
126.762 2003.30991
127.774 2017.9459799999997
128.786 2035.0326199999997
129.794 2052.99448
130.796 2069.71568
131.849 2080.53648
132.881 2093.43628
133.881 2100.27058
134.883 2100.6900800000003
135.885 2106.7925800000003
137.011 2100.86838
138.027 2103.31998
139.095 2100.9310800000003
140.1 2104.9302800000005
141.242 2109.4315800000004
142.364 2120.5809799999997
143.495 2125.16428
144.586 2127.2084799999993
145.587 2127.9902999999995
146.603 2129.3637999999996
147.61 2128.7593199999997
148.618 2128.71428
149.711 2128.10736
150.776 2125.9153599999995
151.967 2122.09046
153.034 2123.9774599999996
154.129 2131.9909599999996
155.275 2141.0421599999995
156.275 2153.9964599999994
157.301 2167.26156
158.434 2175.87656
159.541 2187.6731600000003
160.65 2193.2078600000004
161.756 2199.10056
162.875 2201.6572600000004
163.999 2204.38326
165.05 2206.45247
166.146 2206.1201800000003
167.178 2206.23894
168.229 2202.0835400000005
169.254 2199.80542
170.266 2197.2618
171.266 2194.2878700000006
172.28 2189.7024700000006
173.351 2188.9430700000003
174.353 2190.3950700000005
175.395 2190.6187700000005
176.434 2194.3731700000003
177.503 2200.7691700000005
178.503 2204.17547
179.592 2206.41547
180.637 2201.83097
181.663 2204.29267
182.752 2201.60077
183.951 2196.20017
185.074 2197.1094700000003
186.079 2193.0668700000006
187.095 2191.4978300000002
188.146 2192.08818
189.215 2180.4405500000003
190.254 2174.35715
191.279 2169.51695
192.279 2170.23095
193.279 2172.89255
194.31 2177.15895
195.385 2185.63555
196.389 2192.53515
197.399 2199.23495
198.503 2218.35225
199.587 2221.2270500000004
200.588 2224.3022499999997
201.786 2226.09425
202.864 2231.5965499999998
203.938 2233.9477500000003
205.023 2227.54975
206.023 2222.71385
207.103 2216.30545
208.104 2209.27168
209.106 2192.13996
210.107 2173.3072199999992
211.107 2158.0595699999994
212.108 2140.4501099999998
213.109 2126.3552099999997
214.109 2115.22591
215.152 2116.0099099999998
216.153 2122.99901
217.215 2129.31421
218.216 2142.1398099999997
219.278 2157.80411
220.281 2156.9221100000004
221.308 2164.31731
222.37 2165.45711
223.559 2164.2201099999997
224.612 2160.43061
225.612 2163.96501
226.712 2156.7608099999998
227.905 2153.0027099999998
228.906 2141.66121
229.907 2134.2516100000003
230.908 2120.98011
231.91 2112.77641
232.912 2104.99231
233.914 2096.26051
234.949 2090.16161
235.997 2087.3267100000003
237.009 2088.63481
238.01 2082.18541
239.012 2084.72671
240.068 2090.9752100000005
241.071 2088.59611
242.071 2086.44761
243.12 2092.49561
244.122 2088.97571
245.15 2084.94771
246.15 2079.30411
247.154 2067.64591
248.156 2058.50104
249.171 2053.2281
250.179 2046.4606499999998
251.19 2037.49795
252.19 2030.31521
253.262 2024.02315
254.319 2018.42817
255.363 2010.9230199999997
256.475 2001.1020199999998
257.562 1987.12351
258.672 1976.4689099999998
259.72 1959.74461
260.76 1939.09427
261.777 1914.6668600000003
262.78 1904.2069600000002
263.815 1890.84616
264.829 1890.22966
265.919 1893.28486
267.006 1900.9165600000001
268.008 1912.3908600000002
269.312 1931.2113600000002
270.367 1948.00861
271.415 1958.7314300000003
272.512 1967.0239300000003
273.609 1969.7833500000002
274.618 1972.7445700000005
275.711 1976.2735000000002
276.768 1976.3669
277.836 1968.9770999999998
278.837 1950.0936799999997
279.876 1937.3543799999998
280.886 1923.31058
281.887 1904.0974800000001
282.888 1882.5641800000003
284.083 1868.6523800000002
285.097 1867.8827800000001
286.178 1866.96818
287.302 1871.7771799999998
288.387 1884.86108
289.477 1899.36358
290.483 1923.34928
291.484 1945.32382
292.51 1962.09692
293.513 1977.39815
294.605 1996.60835
295.605 2007.0625499999999
296.652 2005.1702500000001
297.728 1997.8046499999998
