1.81166 2947.91296
2.81626 2958.72546
3.8201 2968.4207600000004
4.82161 2976.7864600000003
5.85686 2987.97526
6.85954 3000.04296
7.86106 3007.86736
8.86141 3014.49406
9.86176 3019.80236
10.8633 3025.06636
11.8671 3033.8121
12.8733 3028.2664
13.8771 3027.7923999999994
14.881 3027.9262
15.8848 3023.2131999999997
16.8852 3027.5469
17.8867 3028.9451999999997
18.8882 3026.2308999999996
20.5522 3022.1713
21.5579 3029.0456
22.5583 3032.346
23.5598 3032.794
24.5613 3035.0317
25.5652 3038.3541000000005
26.5702 3046.9129000000003
27.5729 3058.6852000000003
28.5753 3070.6034999999997
29.578 3070.3799999999997
30.5784 3070.1656000000003
31.6334 3070.0293000000006
32.6337 3079.3692000000005
33.6352 3064.7393
34.6368 3050.5669000000003
35.6406 3036.0214
36.7317 3020.7947000000004
37.9298 3011.7035000000005
38.9301 2993.193
39.9328 2969.3629000000005
41.8867 2953.5546000000004
42.8877 2960.0373000000004
43.8881 2954.9249000000004
44.8884 2949.849
45.8899 2935.961
46.8938 2930.7795
47.8941 2930.9613
48.8957 2935.0051
49.8983 2938.5759
50.8999 2937.1737
51.9014 2935.4041999999995
52.904 2932.159399999999
53.9044 2935.5743999999995
54.9094 2927.4953999999993
55.9109 2911.1969299999996
56.9124 2899.8370299999997
57.9139 2889.13823
58.9143 2881.6634299999996
59.9158 2873.84323
60.9231 2871.71733
61.9491 2874.9641300000003
62.9525 2879.83863
63.9529 2879.1856299999995
64.9544 2886.8427299999994
65.9559 2890.7809299999994
66.9563 2887.125229999999
67.9578 2887.8686299999995
68.9581 2890.59303
69.9631 2896.38053
70.9635 2901.7170300000002
71.9639 2902.4561299999996
72.9677 2905.0786299999995
73.9692 2911.840529999999
74.9905 2908.8195299999998
76.113 2906.9543299999996
77.2366 2890.1777299999994
78.2777 2876.23573
79.2781 2853.42893
80.2796 2840.12953
81.2799 2824.21583
82.6531 2799.74653
83.6546 2802.45183
84.6549 2809.83643
85.6553 2803.1924299999996
86.6568 2798.8977299999997
87.6572 2783.2601299999997
88.6622 2775.61253
89.666 2772.3600300000003
90.6687 2775.7713300000005
91.6725 2776.8891300000005
92.6764 2779.0355300000006
93.6802 2778.14213
94.6806 2783.85653
95.6809 2778.55923
96.6848 2771.08473
97.6874 2756.76163
98.6901 2748.93733
99.6916 2741.35563
100.693 2735.67263
101.695 2729.8301300000003
102.829 2722.1970300000003
103.831 2721.48383
104.833 2714.13493
105.834 2710.10703
106.834 2706.22103
107.836 2695.5810300000003
108.839 2684.7521300000003
109.841 2677.5367300000007
110.842 2673.7117300000004
111.845 2672.36773
112.846 2671.74153
113.846 2671.3864299999996
114.846 2670.69663
115.849 2673.81693
116.852 2667.1103299999995
117.863 2657.2866299999996
118.863 2646.50363
119.866 2629.2426299999997
120.868 2616.0530300000005
121.871 2604.9871300000004
122.874 2593.2904300000005
123.874 2580.4141300000006
124.875 2567.0861300000006
125.876 2560.90203
126.879 2553.01653
127.88 2547.9573299999997
128.881 2533.23553
129.881 2522.9644299999995
130.884 2513.70303
131.89 2509.87693
132.891 2508.4147300000004
133.91 2505.0581300000003
134.975 2503.1790300000002
135.981 2503.32693
136.982 2504.7278300000003
137.983 2502.17243
138.987 2491.98003
139.988 2481.6264300000003
140.992 2473.86603
141.992 2467.38943
142.996 2455.96473
143.996 2452.4819300000004
144.998 2446.0979300000004
145.998 2434.46293
147.001 2437.3955300000002
148.002 2434.8544300000003
149.006 2430.876030000001
150.011 2427.8099300000003
151.154 2428.60283
152.154 2436.07203
153.155 2446.22173
154.16 2456.1797300000003
155.162 2463.4952300000004
156.182 2471.0142300000007
157.187 2481.3929000000003
158.192 2483.4139
159.192 2481.5968000000007
160.322 2471.1695
161.323 2467.5094
162.327 2456.2549000000004
163.331 2447.9551
164.331 2433.6620000000003
165.346 2417.8157
166.363 2400.7975
167.363 2387.9386999999997
168.365 2386.3707
169.365 2382.0433
170.367 2366.9233
171.369 2362.1438
172.398 2361.986
173.405 2370.2849999999994
174.405 2378.6384999999996
175.407 2387.9864
176.41 2391.5188999999996
177.412 2396.9779999999996
178.606 2405.9201
179.813 2407.1899
180.817 2399.0964000000004
181.82 2390.4809000000005
182.87 2390.1204000000002
183.966 2393.6457000000005
184.967 2390.6248000000005
185.969 2382.4265000000005
186.97 2380.5244000000002
187.971 2377.3151
188.972 2378.5186999999996
189.975 2374.2943
190.976 2374.9959999999996
191.979 2375.5867999999996
192.982 2379.0202999999997
193.985 2385.5213
194.988 2394.5413
195.991 2401.386
196.996 2408.6513999999997
198.002 2414.1142999999997
199.005 2425.0175
200.186 2421.3432999999995
201.187 2419.5842
202.189 2423.2532
203.192 2423.3649
204.197 2423.5884
205.202 2426.5687000000003
206.204 2429.1416
207.204 2433.8408999999997
208.205 2436.5975999999996
209.205 2450.9527
210.205 2453.5287
211.209 2463.0487000000003
212.21 2473.5452
213.211 2485.6412000000005
214.213 2499.2151
215.214 2511.7781999999997
216.216 2519.2747
217.218 2526.9064
218.229 2533.7247999999995
219.23 2540.6616
220.231 2546.0809999999997
221.234 2549.0060000000003
222.236 2553.7513
223.237 2557.5720999999994
224.241 2562.7858
225.241 2568.3398
226.242 2573.7430000000004
227.246 2582.5031
228.25 2591.7313
229.255 2598.8387000000002
230.259 2616.7659000000003
231.262 2619.2801000000004
232.266 2628.3175
233.269 2636.3466
234.27 2645.9151
235.272 2656.8482999999997
236.275 2666.0215
237.277 2670.1813
238.278 2678.6139
239.361 2679.6219
240.362 2683.6013999999996
241.366 2680.009
242.37 2678.0532999999996
243.582 2676.5105999999996
244.582 2677.9673
245.583 2670.0684999999994
246.75 2678.3565
247.836 2683.2443999999996
248.858 2698.5882999999994
249.861 2712.9586999999997
250.863 2728.6214999999997
251.864 2766.7318
252.866 2794.5919000000004
253.871 2821.5569
254.872 2848.0858
255.875 2875.8906
256.875 2907.4107
257.876 2938.8827
258.92 2970.9147000000003
259.921 3007.5543000000002
260.922 3029.5063
261.926 3068.0456000000004
263.117 3098.2299000000003
264.117 3125.5303000000004
265.121 3141.0577000000003
266.124 3149.2744000000002
267.318 3153.0247
268.319 3151.357
269.319 3144.9729999999995
270.32 3131.0849999999996
271.32 3112.5975999999996
272.32 3107.9476000000004
273.32 3101.2276000000006
274.322 3096.8858000000005
275.322 3096.997700000001
276.325 3102.7822000000006
277.329 3112.2832000000003
278.356 3130.0512000000003
279.358 3150.9474000000005
280.36 3176.4134000000004
281.366 3205.728
282.546 3226.0872999999997
283.549 3249.3731999999995
284.55 3265.6762999999996
285.55 3278.9954
286.553 3287.7314
287.554 3288.5943
288.555 3280.3403999999996
290.525 3269.0195
291.526 3262.6638999999996
292.527 3256.9988999999996
293.527 3239.1425
294.531 3230.2945000000004
295.536 3226.1903
296.537 3219.3927999999996
297.538 3229.5847999999996
298.541 3239.2431999999994
299.552 3253.8510999999994
