1.01187	6220.98
2.01222	7604.8
3.01258	8299.2
4.01293	8780.8
5.01328	8960
6.01363	9038.4
7.01398	9060.8
8.01434	9083.2
9.08215	8365.88
10.0825	9968
11.0829	9105.6
12.0832	8915.2
13.0836	8747.2
14.0839	8545.6
15.0843	8366.4
16.0846	8064
17.085	7739.2
18.0853	7436.8
19.0857	6843.2
20.086	6417.6
21.0875	5963.64
22.1088	5046.03
23.1103	5415.38
24.1107	4267.2
25.1157	3644.18
26.1498	2837.91
27.1501	2777.6
28.2075	1790.73
29.2078	7078.4
30.2082	6585.6
31.2097	5191.61
32.2124	4705.79
33.2139	5057.34
34.2154	6187.41
35.2169	7619.58
36.2859	8358.05
37.2863	9161.6
38.2866	8948.8
39.3928	8901.26
40.3943	9096.5
41.447	8751.33
42.4474	8534.4
43.4477	8299.2
44.4492	8044.75
45.4496	7784
46.5186	7487.64
47.5201	6903.5
48.5216	6198.6
49.5301	5211.11
50.5328	5421.16
51.5331	4468.8
52.5335	4076.8
53.5338	3516.8
54.5365	3252.69
55.5404	2880.96
56.543	2302.59
57.5446	2047.55
58.5519	1768.42
59.5546	1296.61
60.5561	1096.5
61.5576	3423.78
62.5591	5180.42
63.5606	3994.41
64.561	4278.4
65.5637	4493.41
66.564	5924.8
67.5644	7627.2
68.5647	8668.8
69.5651	8993.6
70.5654	9016
71.5658	9116.8
72.5661	9094.4
73.5665	9072
74.5668	9038.4
75.5672	8915.2
76.5675	8836.8
77.5679	8680
78.5682	8579.2
79.5697	8458.74
80.5701	8198.4
81.5705	7884.8
82.572	7518.88
83.5723	7179.2
84.5727	6809.6
85.573	6372.8
86.5757	5700.6
87.5784	5164.07
88.5811	4627.54
89.5814	4177.6
90.5818	3595.2
91.5844	3275.05
92.5848	3068.8
93.5875	2548.5
94.5936	2170.97
95.6033	1320.91
96.6211	958.112
97.6366	982.068
98.6372	1388.8
99.6375	5286.4
100.638	4088
101.638	4368
102.64	4274.12
103.642	5052.29
104.643	7056
105.643	8444.8
106.643	8870.4
107.644	9027.2
108.644	9049.6
109.645	9060.8
110.645	8848
111.645	8657.6
112.646	8444.8
113.646	8187.2
114.646	7963.2
115.647	7716.8
116.648	7339.86
117.649	6910.4
118.65	6388.81
119.65	6339.2
120.651	6294.4
121.755	6244.79
122.756	6030.77
123.756	5779.2
124.758	7004.19
125.758	4883.2
126.866	4623.67
127.866	4009.6
128.868	3636.36
129.869	3345.45
130.871	3043.36
131.878	2591.46
132.878	2475.2
133.879	2016
134.88	5751.05
135.881	7504
136.881	6384
137.884	5164.07
138.886	4839.92
139.888	5661.54
140.889	6780.42
141.891	7530.07
142.891	7873.6
143.891	8332.8
144.892	8713.6
145.893	8279.72
146.894	7952
147.894	7638.4
148.894	7190.4
149.895	6697.6
150.895	6193.6
151.895	5678.4
152.897	5303.5
153.897	4928
154.9	4426.35
155.9	3931.2
156.903	3442.71
157.903	3024
158.907	2557.13
159.934	1777.6
160.939	1727.36
161.946	1347.12
162.952	1157.85
163.964	941.641
164.966	637.125
165.967	1836.8
166.969	4884.63
167.971	4643.36
168.971	4536
169.973	4609.79
170.974	5751.05
171.974	7761.6
172.975	8512
173.975	8915.2
174.976	8982.4
175.976	9049.6
176.976	9016
177.977	8792
178.977	8624
179.977	8400
180.978	8142.4
181.979	7832.17
182.979	7537.6
183.981	7149.65
184.981	6552
185.982	6339.2
186.982	6305.6
187.984	6332.87
188.992	6444.44
189.994	5930.07
190.994	5700.8
191.994	5364.8
192.997	6147.7
193.998	4777.62
195.001	4415.17
196.004	3643.91
197.008	4064.61
198.014	3451.29
199.017	2984.43
200.018	2662.94
