1.00794	6881.12
2.00945	7574.83
3.0098	8444.8
4.01248	8863.87
5.01283	8982.4
6.01319	9049.6
7.01586	9053.89
8.01738	9130.07
9.03403	8962.2
10.0344	9284.8
11.0347	9217.6
12.0362	8716.08
13.0366	8814.4
14.0369	8568
15.0373	8377.6
16.0376	8097.6
17.0403	7589.62
18.0477	7351.74
19.0492	6948.25
20.0495	6440
21.0499	5857.6
22.0526	5588.82
23.0541	4967.83
24.0567	4213.97
25.0606	3651.45
26.0738	3162.09
27.0764	2537.32
28.107	2098.64
29.1085	6344.06
30.1112	6728.94
31.1116	5320
32.1119	4715.2
33.1123	5062.4
34.1138	6153.85
35.1141	7750.4
36.1145	8892.8
37.116	8727.27
38.1175	9006.99
39.1179	9184
40.1182	8769.6
41.1186	8904
42.1212	8405.59
43.1216	8467.2
44.1243	8148.5
45.1258	7876.92
46.1285	7567.27
47.1311	6997.21
48.1338	6415.97
49.1377	5895.91
50.1415	5103.09
51.1465	4602.59
52.1504	4243.27
53.1554	3711.04
54.1557	3438.4
55.1561	3068.8
56.1704	2429.98
57.1765	2193.24
58.1769	1769.6
59.2028	1595.32
60.2206	1134.32
61.2221	1600
62.2248	5790.02
63.2298	4268.26
64.2302	4188.8
65.2329	4359.28
66.2367	5404.59
67.2394	7287.82
68.2397	8702.4
69.2401	9262.4
70.2416	8962.24
71.2431	9174.83
72.2435	8948.8
73.2438	9128
74.2442	9060.8
75.2457	8951.05
76.2472	8872.73
77.2476	8780.8
78.2502	8427.94
79.2506	8702.4
80.2533	8081.44
81.2548	8100.7
82.2551	7672
83.2555	7324.8
84.2558	6787.2
85.2585	6427.15
86.2589	5980.8
87.2592	5196.8
88.2596	4748.8
89.2611	4341.26
90.2614	3740.8
91.263	3479.72
92.2645	3032.17
93.266	2685.31
94.2791	2421.32
95.3016	1643.83
96.3182	1014.17
97.3442	961.56
98.3724	958.754
99.373	4849.6
100.376	4124.55
101.377	4352.45
102.381	4287.94
103.383	4755.24
104.383	6574.4
105.384	8447.55
106.386	9130.07
107.386	8993.6
108.387	9195.2
109.388	8883.92
110.389	8993.6
111.389	8758.4
112.389	8489.6
113.39	8265.6
114.392	8003.19
115.394	7664.33
116.396	7533.73
117.399	6907.78
118.4	6540.8
119.4	6316.8
120.4	6316.8
121.403	6393.61
122.406	5991.22
123.408	5488.22
124.411	7511.38
125.411	4939.2
126.415	4689.93
127.419	4209.77
128.423	3774.28
129.428	3465.87
130.435	3136.44
131.441	2794.43
132.45	2522.22
133.459	2142.32
134.461	3267.13
135.461	7873.6
136.463	6914.69
137.464	5650.35
138.467	4862.27
139.467	5376
140.47	6527.74
141.47	7369.6
142.471	7817.6
143.471	8198.4
144.471	8489.6
145.472	8601.6
146.472	8019.2
147.473	7784
148.475	7243.11
149.477	6993.01
150.479	6225.95
151.481	5974.83
152.482	5516.08
153.483	4961.6
154.484	4520.28
155.488	4098.1
156.493	3744.48
157.497	3081.95
158.505	2666.67
159.508	2324.95
160.511	1620.76
161.511	1467.2
162.522	1386.14
163.535	1050.34
164.599	726.315
165.628	653.696
166.631	4634.1
167.635	4779.26
168.638	4538.12
169.641	4594.01
170.642	5269.93
171.643	7257.6
172.644	8548.25
173.646	9163.64
174.647	8973.43
175.649	9174.83
176.651	8852.69
177.653	8928.67
178.653	8736
179.655	8481.12
180.655	8220.8
181.657	7843.36
182.659	7690.22
183.66	7123.2
184.66	6820.8
185.66	6372.8
186.661	6339.2
187.663	6304.19
188.666	6471.86
189.67	5985.24
190.674	5773.08
191.676	5354.09
192.679	6460.68
193.679	4726.4
194.68	4480
195.68	4233.6
196.683	3699.8
197.689	3540.36
198.689	3124.8
199.693	2702.29
